1.487364262641911983e+09 1.418000000000000094e-01 2.793500000000000227e+02
1.487364262757608891e+09 1.418999999999999984e-01 2.793500000000000227e+02
1.487364262857395887e+09 1.418000000000000094e-01 2.793500000000000227e+02
1.487364262957160950e+09 1.418000000000000094e-01 2.793500000000000227e+02
1.487364263056930065e+09 1.416999999999999926e-01 2.793500000000000227e+02
1.487364263156711102e+09 1.418000000000000094e-01 2.793500000000000227e+02
1.487364263256485939e+09 1.418999999999999984e-01 2.793500000000000227e+02
1.487364263354705095e+09 1.418000000000000094e-01 2.793500000000000227e+02
1.487364263452074051e+09 1.418999999999999984e-01 2.793500000000000227e+02
1.487364263570635080e+09 1.419999999999999873e-01 2.793600000000000136e+02
1.487364263670716047e+09 1.418000000000000094e-01 2.793600000000000136e+02
1.487364263769649029e+09 1.418000000000000094e-01 2.793600000000000136e+02
1.487364263869672060e+09 1.418000000000000094e-01 2.793600000000000136e+02
1.487364263964899063e+09 1.418999999999999984e-01 2.793600000000000136e+02
1.487364264068578959e+09 1.418999999999999984e-01 2.793600000000000136e+02
1.487364264168397903e+09 1.418000000000000094e-01 2.793600000000000136e+02
1.487364264267998934e+09 1.418000000000000094e-01 2.793600000000000136e+02
1.487364264367845058e+09 1.416999999999999926e-01 2.793600000000000136e+02
1.487364264481542110e+09 1.418000000000000094e-01 2.793600000000000136e+02
1.487364264579222918e+09 1.416999999999999926e-01 2.793600000000000136e+02
1.487364264680493116e+09 1.418000000000000094e-01 2.793600000000000136e+02
1.487364264780615091e+09 1.416999999999999926e-01 2.793600000000000136e+02
1.487364264879468918e+09 1.418999999999999984e-01 2.793600000000000136e+02
1.487364264979410887e+09 1.418000000000000094e-01 2.793600000000000136e+02
1.487364265077081919e+09 1.418000000000000094e-01 2.793600000000000136e+02
1.487364265178477049e+09 1.416999999999999926e-01 2.793600000000000136e+02
1.487364265292206049e+09 1.418999999999999984e-01 2.793600000000000136e+02
1.487364265391659021e+09 1.418000000000000094e-01 2.793600000000000136e+02
1.487364265491389990e+09 1.418999999999999984e-01 2.793600000000000136e+02
1.487364265591232061e+09 1.418000000000000094e-01 2.793600000000000136e+02
1.487364265687905073e+09 1.418000000000000094e-01 2.793600000000000136e+02
1.487364265789381981e+09 1.418999999999999984e-01 2.793600000000000136e+02
1.487364265889597893e+09 1.418000000000000094e-01 2.793600000000000136e+02
1.487364265989557028e+09 1.418999999999999984e-01 2.793600000000000136e+02
1.487364266099566936e+09 1.418000000000000094e-01 2.793600000000000136e+02
1.487364266199377060e+09 1.419999999999999873e-01 2.793600000000000136e+02
1.487364266299130917e+09 1.418000000000000094e-01 2.793700000000000045e+02
1.487364266398901939e+09 1.418000000000000094e-01 2.793700000000000045e+02
1.487364266498676062e+09 1.418000000000000094e-01 2.793600000000000136e+02
1.487364266598424911e+09 1.418999999999999984e-01 2.793600000000000136e+02
1.487364266695724010e+09 1.418000000000000094e-01 2.793600000000000136e+02
1.487364266797986031e+09 1.418000000000000094e-01 2.793700000000000045e+02
1.487364266914351940e+09 1.416999999999999926e-01 2.793700000000000045e+02
1.487364267013499022e+09 1.418000000000000094e-01 2.793700000000000045e+02
1.487364267109893084e+09 1.418000000000000094e-01 2.793700000000000045e+02
1.487364267208385944e+09 1.416999999999999926e-01 2.793700000000000045e+02
1.487364267308347940e+09 1.416999999999999926e-01 2.793700000000000045e+02
1.487364267408631086e+09 1.418000000000000094e-01 2.793700000000000045e+02
1.487364267511307001e+09 1.418999999999999984e-01 2.793700000000000045e+02
1.487364267611433029e+09 1.418000000000000094e-01 2.793700000000000045e+02
1.487364267721951008e+09 1.418000000000000094e-01 2.793700000000000045e+02
1.487364267822166920e+09 1.418999999999999984e-01 2.793700000000000045e+02
1.487364267924181938e+09 1.418999999999999984e-01 2.793700000000000045e+02
1.487364268020612955e+09 1.418999999999999984e-01 2.793700000000000045e+02
1.487364268121181965e+09 1.418000000000000094e-01 2.793700000000000045e+02
1.487364268223176003e+09 1.418999999999999984e-01 2.793700000000000045e+02
1.487364268322176933e+09 1.418999999999999984e-01 2.793700000000000045e+02
1.487364268422137976e+09 1.418999999999999984e-01 2.793700000000000045e+02
1.487364268536077023e+09 1.418000000000000094e-01 2.793700000000000045e+02
1.487364268635000944e+09 1.416999999999999926e-01 2.793700000000000045e+02
1.487364268732299089e+09 1.418999999999999984e-01 2.793700000000000045e+02
1.487364268835021973e+09 1.418000000000000094e-01 2.793700000000000045e+02
1.487364268934112072e+09 1.418000000000000094e-01 2.793700000000000045e+02
1.487364269033996105e+09 1.418999999999999984e-01 2.793700000000000045e+02
1.487364269134040117e+09 1.416999999999999926e-01 2.793700000000000045e+02
1.487364269233191967e+09 1.418000000000000094e-01 2.793700000000000045e+02
1.487364269347187996e+09 1.416999999999999926e-01 2.793700000000000045e+02
1.487364269441638947e+09 1.416999999999999926e-01 2.793700000000000045e+02
1.487364269541436911e+09 1.416999999999999926e-01 2.793700000000000045e+02
1.487364269641222000e+09 1.418999999999999984e-01 2.793700000000000045e+02
1.487364269740592957e+09 1.418000000000000094e-01 2.793700000000000045e+02
1.487364269840760946e+09 1.418000000000000094e-01 2.793700000000000045e+02
1.487364269940485954e+09 1.416999999999999926e-01 2.793700000000000045e+02
1.487364270040184975e+09 1.418000000000000094e-01 2.793700000000000045e+02
1.487364270139952898e+09 1.418000000000000094e-01 2.793799999999999955e+02
1.487364270256340027e+09 1.418000000000000094e-01 2.793799999999999955e+02
1.487364270356173992e+09 1.418000000000000094e-01 2.793799999999999955e+02
1.487364270455871105e+09 1.418000000000000094e-01 2.793799999999999955e+02
1.487364270555685043e+09 1.418999999999999984e-01 2.793799999999999955e+02
1.487364270655430079e+09 1.416999999999999926e-01 2.793799999999999955e+02
1.487364270755047083e+09 1.418000000000000094e-01 2.793799999999999955e+02
1.487364270854417086e+09 1.418999999999999984e-01 2.793799999999999955e+02
1.487364270968189001e+09 1.418000000000000094e-01 2.793799999999999955e+02
1.487364271068705082e+09 1.418000000000000094e-01 2.793799999999999955e+02
1.487364271165914059e+09 1.416999999999999926e-01 2.793799999999999955e+02
1.487364271267992973e+09 1.418000000000000094e-01 2.793799999999999955e+02
1.487364271366671085e+09 1.418000000000000094e-01 2.793799999999999955e+02
1.487364271463119030e+09 1.418999999999999984e-01 2.793799999999999955e+02
1.487364271563853025e+09 1.416999999999999926e-01 2.793799999999999955e+02
1.487364271666054964e+09 1.418999999999999984e-01 2.793799999999999955e+02
1.487364271776667118e+09 1.418000000000000094e-01 2.793799999999999955e+02
1.487364271879970074e+09 1.418999999999999984e-01 2.793799999999999955e+02
1.487364271978295088e+09 1.418000000000000094e-01 2.793799999999999955e+02
1.487364272076765060e+09 1.418000000000000094e-01 2.793799999999999955e+02
1.487364272177697897e+09 1.416999999999999926e-01 2.793799999999999955e+02
1.487364272273224115e+09 1.416999999999999926e-01 2.793799999999999955e+02
1.487364272377768993e+09 1.418000000000000094e-01 2.793799999999999955e+02
1.487364272476728916e+09 1.416999999999999926e-01 2.793799999999999955e+02
1.487364272576776028e+09 1.418999999999999984e-01 2.793799999999999955e+02
1.487364272690670967e+09 1.418999999999999984e-01 2.793799999999999955e+02
1.487364272789799929e+09 1.418999999999999984e-01 2.793799999999999955e+02
1.487364272889694929e+09 1.418000000000000094e-01 2.793799999999999955e+02
1.487364272987340927e+09 1.419999999999999873e-01 2.793799999999999955e+02
1.487364273088697910e+09 1.418999999999999984e-01 2.793799999999999955e+02
1.487364273188644886e+09 1.418000000000000094e-01 2.793799999999999955e+02
1.487364273287884951e+09 1.418000000000000094e-01 2.793799999999999955e+02
1.487364273387727976e+09 1.418000000000000094e-01 2.793799999999999955e+02
1.487364273498627901e+09 1.418000000000000094e-01 2.793799999999999955e+02
1.487364273598396063e+09 1.418999999999999984e-01 2.793799999999999955e+02
1.487364273698153019e+09 1.418999999999999984e-01 2.793799999999999955e+02
1.487364273797925949e+09 1.416999999999999926e-01 2.793799999999999955e+02
1.487364273894571066e+09 1.418000000000000094e-01 2.793799999999999955e+02
1.487364273997456074e+09 1.416999999999999926e-01 2.793799999999999955e+02
1.487364274097146988e+09 1.416999999999999926e-01 2.793799999999999955e+02
1.487364274196918964e+09 1.418000000000000094e-01 2.793799999999999955e+02
1.487364274309859037e+09 1.416999999999999926e-01 2.793899999999999864e+02
1.487364274409209013e+09 1.418999999999999984e-01 2.793899999999999864e+02
1.487364274511457920e+09 1.418000000000000094e-01 2.793899999999999864e+02
1.487364274610580921e+09 1.418999999999999984e-01 2.793899999999999864e+02
1.487364274706099033e+09 1.418000000000000094e-01 2.793899999999999864e+02
1.487364274810426950e+09 1.418999999999999984e-01 2.793899999999999864e+02
1.487364274909591913e+09 1.418999999999999984e-01 2.793899999999999864e+02
1.487364275009537935e+09 1.418999999999999984e-01 2.793899999999999864e+02
1.487364275123624086e+09 1.418000000000000094e-01 2.793899999999999864e+02
1.487364275222440004e+09 1.418000000000000094e-01 2.793899999999999864e+02
1.487364275322490931e+09 1.418000000000000094e-01 2.793899999999999864e+02
1.487364275419787884e+09 1.418000000000000094e-01 2.793899999999999864e+02
1.487364275521811962e+09 1.418999999999999984e-01 2.793899999999999864e+02
1.487364275621700048e+09 1.418000000000000094e-01 2.793899999999999864e+02
1.487364275720385075e+09 1.418000000000000094e-01 2.793899999999999864e+02
1.487364275820589066e+09 1.416999999999999926e-01 2.793899999999999864e+02
1.487364275920469046e+09 1.416999999999999926e-01 2.793899999999999864e+02
1.487364276034439087e+09 1.418000000000000094e-01 2.793899999999999864e+02
1.487364276133449078e+09 1.418000000000000094e-01 2.793899999999999864e+02
1.487364276233344078e+09 1.418000000000000094e-01 2.793899999999999864e+02
1.487364276332340002e+09 1.418000000000000094e-01 2.793899999999999864e+02
1.487364276432559967e+09 1.418000000000000094e-01 2.793899999999999864e+02
1.487364276528397083e+09 1.416999999999999926e-01 2.793899999999999864e+02
1.487364276628587961e+09 1.418999999999999984e-01 2.793899999999999864e+02
1.487364276740381956e+09 1.418999999999999984e-01 2.793899999999999864e+02
1.487364276845346928e+09 1.419999999999999873e-01 2.793899999999999864e+02
1.487364276940363884e+09 1.418000000000000094e-01 2.793899999999999864e+02
1.487364277040026903e+09 1.418000000000000094e-01 2.793899999999999864e+02
1.487364277139873028e+09 1.418999999999999984e-01 2.793899999999999864e+02
1.487364277239646912e+09 1.418999999999999984e-01 2.793899999999999864e+02
1.487364277339426041e+09 1.418999999999999984e-01 2.793899999999999864e+02
1.487364277439096928e+09 1.418000000000000094e-01 2.793899999999999864e+02
1.487364277538853884e+09 1.418999999999999984e-01 2.793899999999999864e+02
1.487364277652638912e+09 1.418000000000000094e-01 2.793899999999999864e+02
1.487364277755140066e+09 1.418000000000000094e-01 2.793899999999999864e+02
1.487364277854877949e+09 1.418000000000000094e-01 2.793899999999999864e+02
1.487364277949481964e+09 1.418000000000000094e-01 2.793899999999999864e+02
1.487364278054312944e+09 1.418000000000000094e-01 2.793899999999999864e+02
1.487364278153300047e+09 1.418000000000000094e-01 2.793899999999999864e+02
1.487364278253388882e+09 1.416999999999999926e-01 2.793899999999999864e+02
1.487364278353223085e+09 1.418000000000000094e-01 2.793999999999999773e+02
1.487364278452394962e+09 1.416999999999999926e-01 2.793999999999999773e+02
1.487364278566174984e+09 1.418000000000000094e-01 2.793999999999999773e+02
1.487364278666251898e+09 1.418000000000000094e-01 2.793999999999999773e+02
1.487364278765199900e+09 1.418999999999999984e-01 2.793999999999999773e+02
1.487364278865283966e+09 1.418000000000000094e-01 2.793999999999999773e+02
1.487364278964175940e+09 1.418000000000000094e-01 2.793999999999999773e+02
1.487364279059731960e+09 1.418000000000000094e-01 2.793999999999999773e+02
1.487364279164110899e+09 1.418000000000000094e-01 2.793999999999999773e+02
1.487364279263190985e+09 1.418999999999999984e-01 2.793999999999999773e+02
1.487364279377146959e+09 1.418000000000000094e-01 2.793999999999999773e+02
1.487364279477077961e+09 1.418999999999999984e-01 2.793999999999999773e+02
1.487364279576114893e+09 1.418000000000000094e-01 2.793999999999999773e+02
1.487364279676126957e+09 1.418000000000000094e-01 2.793999999999999773e+02
1.487364279776200056e+09 1.418000000000000094e-01 2.793999999999999773e+02
1.487364279875102043e+09 1.418999999999999984e-01 2.793999999999999773e+02
1.487364279975083113e+09 1.418000000000000094e-01 2.793999999999999773e+02
1.487364280074109077e+09 1.418000000000000094e-01 2.793999999999999773e+02
1.487364280188061953e+09 1.418999999999999984e-01 2.793999999999999773e+02
1.487364280288119078e+09 1.418000000000000094e-01 2.793999999999999773e+02
1.487364280387120962e+09 1.418000000000000094e-01 2.793999999999999773e+02
1.487364280487010002e+09 1.418000000000000094e-01 2.793999999999999773e+02
1.487364280587096930e+09 1.418999999999999984e-01 2.793999999999999773e+02
1.487364280681468010e+09 1.418000000000000094e-01 2.793999999999999773e+02
1.487364280781198978e+09 1.418999999999999984e-01 2.793999999999999773e+02
1.487364280880989075e+09 1.418000000000000094e-01 2.793999999999999773e+02
1.487364280997340918e+09 1.419999999999999873e-01 2.793999999999999773e+02
1.487364281097145081e+09 1.418000000000000094e-01 2.793999999999999773e+02
1.487364281196844101e+09 1.418000000000000094e-01 2.793999999999999773e+02
1.487364281296638966e+09 1.418000000000000094e-01 2.793999999999999773e+02
1.487364281396452904e+09 1.418000000000000094e-01 2.793999999999999773e+02
1.487364281496162891e+09 1.418000000000000094e-01 2.793999999999999773e+02
1.487364281595684052e+09 1.418000000000000094e-01 2.793999999999999773e+02
1.487364281695691109e+09 1.418999999999999984e-01 2.793999999999999773e+02
1.487364281809921980e+09 1.418000000000000094e-01 2.793999999999999773e+02
1.487364281909979105e+09 1.418999999999999984e-01 2.793999999999999773e+02
1.487364282009821892e+09 1.418000000000000094e-01 2.793999999999999773e+02
1.487364282108966112e+09 1.418999999999999984e-01 2.793999999999999773e+02
1.487364282205554962e+09 1.418000000000000094e-01 2.794100000000000250e+02
1.487364282307826042e+09 1.418999999999999984e-01 2.794100000000000250e+02
1.487364282408005953e+09 1.418999999999999984e-01 2.793999999999999773e+02
1.487364282507879972e+09 1.418999999999999984e-01 2.794100000000000250e+02
1.487364282621011019e+09 1.418999999999999984e-01 2.794100000000000250e+02
1.487364282720765114e+09 1.418999999999999984e-01 2.794100000000000250e+02
1.487364282821152925e+09 1.418999999999999984e-01 2.794100000000000250e+02
1.487364282914917946e+09 1.418000000000000094e-01 2.794100000000000250e+02
1.487364283019895077e+09 1.418999999999999984e-01 2.794100000000000250e+02
1.487364283118833065e+09 1.418000000000000094e-01 2.794100000000000250e+02
1.487364283218832016e+09 1.418000000000000094e-01 2.794100000000000250e+02
1.487364283314846992e+09 1.418000000000000094e-01 2.794100000000000250e+02
1.487364283431833982e+09 1.416999999999999926e-01 2.794100000000000250e+02
1.487364283527986050e+09 1.418000000000000094e-01 2.794100000000000250e+02
1.487364283631824970e+09 1.418000000000000094e-01 2.794100000000000250e+02
1.487364283730710030e+09 1.416999999999999926e-01 2.794100000000000250e+02
1.487364283830698967e+09 1.418999999999999984e-01 2.794100000000000250e+02
1.487364283929842949e+09 1.418000000000000094e-01 2.794100000000000250e+02
1.487364284029755116e+09 1.418000000000000094e-01 2.794100000000000250e+02
1.487364284129880905e+09 1.418000000000000094e-01 2.794100000000000250e+02
1.487364284228527069e+09 1.418000000000000094e-01 2.794100000000000250e+02
1.487364284337511063e+09 1.418999999999999984e-01 2.794100000000000250e+02
1.487364284438967943e+09 1.418999999999999984e-01 2.794100000000000250e+02
1.487364284538849115e+09 1.418000000000000094e-01 2.794100000000000250e+02
1.487364284637964010e+09 1.418999999999999984e-01 2.794100000000000250e+02
1.487364284739639044e+09 1.419999999999999873e-01 2.794100000000000250e+02
1.487364284838148117e+09 1.418999999999999984e-01 2.794100000000000250e+02
1.487364284937906981e+09 1.418000000000000094e-01 2.794100000000000250e+02
1.487364285052031994e+09 1.416999999999999926e-01 2.794100000000000250e+02
1.487364285153647900e+09 1.418000000000000094e-01 2.794100000000000250e+02
1.487364285253675938e+09 1.418999999999999984e-01 2.794100000000000250e+02
1.487364285350352049e+09 1.418000000000000094e-01 2.794100000000000250e+02
1.487364285452569962e+09 1.418000000000000094e-01 2.794100000000000250e+02
1.487364285551568985e+09 1.418000000000000094e-01 2.794100000000000250e+02
1.487364285651540041e+09 1.418000000000000094e-01 2.794100000000000250e+02
1.487364285747966051e+09 1.418999999999999984e-01 2.794100000000000250e+02
1.487364285864481926e+09 1.416999999999999926e-01 2.794100000000000250e+02
1.487364285964498997e+09 1.418999999999999984e-01 2.794100000000000250e+02
1.487364286064559937e+09 1.418000000000000094e-01 2.794100000000000250e+02
1.487364286163443089e+09 1.418000000000000094e-01 2.794100000000000250e+02
1.487364286263457060e+09 1.418000000000000094e-01 2.794100000000000250e+02
1.487364286358232975e+09 1.418000000000000094e-01 2.794100000000000250e+02
1.487364286459191084e+09 1.418000000000000094e-01 2.794100000000000250e+02
1.487364286561790943e+09 1.418000000000000094e-01 2.794100000000000250e+02
1.487364286661408901e+09 1.419999999999999873e-01 2.794200000000000159e+02
1.487364286775449038e+09 1.418999999999999984e-01 2.794200000000000159e+02
1.487364286875557899e+09 1.419999999999999873e-01 2.794200000000000159e+02
1.487364286971276999e+09 1.418999999999999984e-01 2.794200000000000159e+02
1.487364287074215889e+09 1.418000000000000094e-01 2.794200000000000159e+02
1.487364287173937082e+09 1.418000000000000094e-01 2.794200000000000159e+02
1.487364287273495913e+09 1.418999999999999984e-01 2.794200000000000159e+02
1.487364287372416019e+09 1.418999999999999984e-01 2.794200000000000159e+02
1.487364287472352982e+09 1.419999999999999873e-01 2.794200000000000159e+02
1.487364287581732035e+09 1.418999999999999984e-01 2.794200000000000159e+02
1.487364287686403036e+09 1.418000000000000094e-01 2.794200000000000159e+02
1.487364287781124115e+09 1.418000000000000094e-01 2.794200000000000159e+02
1.487364287880897999e+09 1.418000000000000094e-01 2.794200000000000159e+02
1.487364287980680943e+09 1.416999999999999926e-01 2.794200000000000159e+02
1.487364288080326080e+09 1.416999999999999926e-01 2.794200000000000159e+02
1.487364288180126905e+09 1.418000000000000094e-01 2.794200000000000159e+02
1.487364288279887915e+09 1.418000000000000094e-01 2.794200000000000159e+02
1.487364288396281958e+09 1.418000000000000094e-01 2.794200000000000159e+02
1.487364288497349024e+09 1.418000000000000094e-01 2.794200000000000159e+02
1.487364288595808983e+09 1.418000000000000094e-01 2.794200000000000159e+02
1.487364288695575953e+09 1.418000000000000094e-01 2.794200000000000159e+02
1.487364288795360088e+09 1.418000000000000094e-01 2.794200000000000159e+02
1.487364288895067930e+09 1.418000000000000094e-01 2.794200000000000159e+02
1.487364288994868994e+09 1.418000000000000094e-01 2.794200000000000159e+02
1.487364289094212055e+09 1.418999999999999984e-01 2.794200000000000159e+02
1.487364289205337048e+09 1.418999999999999984e-01 2.794200000000000159e+02
1.487364289308162928e+09 1.418999999999999984e-01 2.794200000000000159e+02
1.487364289407157898e+09 1.418999999999999984e-01 2.794200000000000159e+02
1.487364289507307053e+09 1.418000000000000094e-01 2.794200000000000159e+02
1.487364289607182980e+09 1.416999999999999926e-01 2.794200000000000159e+02
1.487364289705323935e+09 1.418999999999999984e-01 2.794200000000000159e+02
1.487364289806157112e+09 1.418000000000000094e-01 2.794200000000000159e+02
1.487364289900902987e+09 1.418000000000000094e-01 2.794200000000000159e+02
1.487364290005153894e+09 1.418000000000000094e-01 2.794200000000000159e+02
1.487364290119185925e+09 1.418999999999999984e-01 2.794200000000000159e+02
1.487364290213608980e+09 1.418000000000000094e-01 2.794200000000000159e+02
1.487364290317981005e+09 1.416999999999999926e-01 2.794200000000000159e+02
1.487364290418078899e+09 1.418000000000000094e-01 2.794200000000000159e+02
1.487364290514261007e+09 1.416999999999999926e-01 2.794200000000000159e+02
1.487364290617048979e+09 1.418000000000000094e-01 2.794200000000000159e+02
1.487364290716103077e+09 1.416999999999999926e-01 2.794200000000000159e+02
1.487364290830095053e+09 1.418999999999999984e-01 2.794200000000000159e+02
1.487364290930083990e+09 1.418999999999999984e-01 2.794300000000000068e+02
1.487364291029098034e+09 1.418999999999999984e-01 2.794300000000000068e+02
1.487364291126415968e+09 1.418999999999999984e-01 2.794200000000000159e+02
1.487364291228847980e+09 1.418000000000000094e-01 2.794300000000000068e+02
1.487364291323120117e+09 1.418000000000000094e-01 2.794300000000000068e+02
1.487364291427884102e+09 1.418999999999999984e-01 2.794300000000000068e+02
1.487364291522169113e+09 1.418000000000000094e-01 2.794300000000000068e+02
1.487364291627001047e+09 1.418000000000000094e-01 2.794300000000000068e+02
1.487364291738317966e+09 1.418000000000000094e-01 2.794300000000000068e+02
1.487364291838104010e+09 1.418999999999999984e-01 2.794300000000000068e+02
1.487364291937864065e+09 1.418999999999999984e-01 2.794300000000000068e+02
1.487364292037632942e+09 1.418999999999999984e-01 2.794300000000000068e+02
1.487364292135706902e+09 1.418999999999999984e-01 2.794300000000000068e+02
1.487364292238830090e+09 1.416999999999999926e-01 2.794300000000000068e+02
1.487364292336844921e+09 1.418000000000000094e-01 2.794300000000000068e+02
1.487364292436628103e+09 1.416999999999999926e-01 2.794300000000000068e+02
1.487364292533010960e+09 1.416999999999999926e-01 2.794300000000000068e+02
1.487364292651011944e+09 1.418999999999999984e-01 2.794300000000000068e+02
1.487364292749763012e+09 1.418000000000000094e-01 2.794300000000000068e+02
1.487364292850950956e+09 1.418000000000000094e-01 2.794300000000000068e+02
1.487364292949930906e+09 1.418000000000000094e-01 2.794300000000000068e+02
1.487364293049823999e+09 1.416999999999999926e-01 2.794300000000000068e+02
1.487364293149934053e+09 1.416999999999999926e-01 2.794300000000000068e+02
1.487364293248941898e+09 1.418000000000000094e-01 2.794300000000000068e+02
1.487364293348974943e+09 1.419999999999999873e-01 2.794300000000000068e+02
1.487364293462855101e+09 1.418999999999999984e-01 2.794300000000000068e+02
1.487364293561826944e+09 1.419999999999999873e-01 2.794300000000000068e+02
1.487364293661744118e+09 1.418999999999999984e-01 2.794300000000000068e+02
1.487364293760874033e+09 1.418999999999999984e-01 2.794300000000000068e+02
1.487364293860889912e+09 1.418999999999999984e-01 2.794300000000000068e+02
1.487364293960779905e+09 1.418999999999999984e-01 2.794300000000000068e+02
1.487364294054876089e+09 1.418999999999999984e-01 2.794300000000000068e+02
1.487364294157999039e+09 1.418000000000000094e-01 2.794300000000000068e+02
1.487364294273813009e+09 1.418999999999999984e-01 2.794300000000000068e+02
1.487364294368258953e+09 1.416999999999999926e-01 2.794300000000000068e+02
1.487364294472806931e+09 1.418999999999999984e-01 2.794300000000000068e+02
1.487364294571839094e+09 1.418000000000000094e-01 2.794300000000000068e+02
1.487364294671576977e+09 1.418999999999999984e-01 2.794300000000000068e+02
1.487364294769438028e+09 1.418999999999999984e-01 2.794300000000000068e+02
1.487364294870590925e+09 1.419999999999999873e-01 2.794300000000000068e+02
1.487364294970720053e+09 1.418000000000000094e-01 2.794300000000000068e+02
1.487364295080205917e+09 1.418999999999999984e-01 2.794300000000000068e+02
1.487364295180078983e+09 1.416999999999999926e-01 2.794300000000000068e+02
1.487364295279848099e+09 1.418000000000000094e-01 2.794399999999999977e+02
1.487364295379606962e+09 1.418000000000000094e-01 2.794399999999999977e+02
1.487364295479266882e+09 1.418000000000000094e-01 2.794399999999999977e+02
1.487364295579103947e+09 1.418000000000000094e-01 2.794300000000000068e+02
1.487364295677232981e+09 1.418000000000000094e-01 2.794399999999999977e+02
1.487364295778472900e+09 1.418999999999999984e-01 2.794399999999999977e+02
1.487364295895071030e+09 1.419999999999999873e-01 2.794399999999999977e+02
1.487364295994730949e+09 1.418999999999999984e-01 2.794300000000000068e+02
1.487364296094532013e+09 1.418999999999999984e-01 2.794399999999999977e+02
1.487364296193664074e+09 1.418999999999999984e-01 2.794399999999999977e+02
1.487364296290213108e+09 1.418999999999999984e-01 2.794399999999999977e+02
1.487364296393349886e+09 1.418999999999999984e-01 2.794399999999999977e+02
1.487364296489775896e+09 1.418999999999999984e-01 2.794399999999999977e+02
1.487364296592449903e+09 1.418999999999999984e-01 2.794399999999999977e+02
1.487364296704957962e+09 1.418000000000000094e-01 2.794399999999999977e+02
1.487364296803797007e+09 1.418000000000000094e-01 2.794399999999999977e+02
1.487364296904823065e+09 1.418000000000000094e-01 2.794399999999999977e+02
1.487364297004542112e+09 1.418999999999999984e-01 2.794399999999999977e+02
1.487364297104404926e+09 1.416999999999999926e-01 2.794399999999999977e+02
1.487364297204427004e+09 1.418000000000000094e-01 2.794399999999999977e+02
1.487364297303428888e+09 1.418000000000000094e-01 2.794399999999999977e+02
1.487364297403618097e+09 1.418000000000000094e-01 2.794399999999999977e+02
1.487364297517523050e+09 1.418000000000000094e-01 2.794399999999999977e+02
1.487364297616466045e+09 1.418000000000000094e-01 2.794399999999999977e+02
1.487364297716381073e+09 1.418999999999999984e-01 2.794399999999999977e+02
1.487364297815195084e+09 1.418000000000000094e-01 2.794399999999999977e+02
1.487364297915466070e+09 1.416999999999999926e-01 2.794399999999999977e+02
1.487364298012002945e+09 1.416999999999999926e-01 2.794399999999999977e+02
1.487364298114387035e+09 1.418999999999999984e-01 2.794399999999999977e+02
1.487364298214315891e+09 1.418999999999999984e-01 2.794399999999999977e+02
1.487364298314132929e+09 1.416999999999999926e-01 2.794399999999999977e+02
1.487364298422322989e+09 1.418999999999999984e-01 2.794399999999999977e+02
1.487364298527288914e+09 1.418999999999999984e-01 2.794399999999999977e+02
1.487364298621834040e+09 1.418999999999999984e-01 2.794399999999999977e+02
1.487364298721590042e+09 1.416999999999999926e-01 2.794399999999999977e+02
1.487364298821365118e+09 1.418000000000000094e-01 2.794399999999999977e+02
1.487364298924813032e+09 1.418999999999999984e-01 2.794399999999999977e+02
1.487364299020914078e+09 1.418999999999999984e-01 2.794399999999999977e+02
1.487364299120656967e+09 1.418000000000000094e-01 2.794399999999999977e+02
1.487364299237041950e+09 1.416999999999999926e-01 2.794399999999999977e+02
1.487364299336812973e+09 1.418999999999999984e-01 2.794399999999999977e+02
1.487364299436548948e+09 1.418999999999999984e-01 2.794399999999999977e+02
1.487364299536343098e+09 1.418000000000000094e-01 2.794399999999999977e+02
1.487364299636997938e+09 1.416999999999999926e-01 2.794399999999999977e+02
1.487364299735872984e+09 1.418000000000000094e-01 2.794399999999999977e+02
1.487364299835634947e+09 1.418999999999999984e-01 2.794499999999999886e+02
1.487364299931794882e+09 1.418000000000000094e-01 2.794499999999999886e+02
1.487364300032381058e+09 1.418999999999999984e-01 2.794399999999999977e+02
1.487364300132360935e+09 1.418000000000000094e-01 2.794399999999999977e+02
1.487364300249305964e+09 1.418999999999999984e-01 2.794499999999999886e+02
1.487364300348203897e+09 1.418000000000000094e-01 2.794499999999999886e+02
1.487364300448226929e+09 1.418999999999999984e-01 2.794499999999999886e+02
1.487364300547122002e+09 1.418999999999999984e-01 2.794499999999999886e+02
1.487364300646553040e+09 1.418000000000000094e-01 2.794499999999999886e+02
1.487364300747091055e+09 1.418999999999999984e-01 2.794499999999999886e+02
1.487364300846195936e+09 1.418000000000000094e-01 2.794499999999999886e+02
1.487364300945983887e+09 1.418000000000000094e-01 2.794499999999999886e+02
1.487364301045114994e+09 1.418000000000000094e-01 2.794499999999999886e+02
1.487364301159106016e+09 1.418999999999999984e-01 2.794499999999999886e+02
1.487364301259211063e+09 1.418000000000000094e-01 2.794499999999999886e+02
1.487364301358076096e+09 1.418999999999999984e-01 2.794499999999999886e+02
1.487364301457988977e+09 1.418000000000000094e-01 2.794499999999999886e+02
1.487364301553392887e+09 1.418999999999999984e-01 2.794499999999999886e+02
1.487364301656985044e+09 1.418999999999999984e-01 2.794499999999999886e+02
1.487364301753020048e+09 1.418999999999999984e-01 2.794499999999999886e+02
1.487364301856283903e+09 1.418999999999999984e-01 2.794499999999999886e+02
1.487364301956028938e+09 1.418999999999999984e-01 2.794499999999999886e+02
1.487364302070013046e+09 1.416999999999999926e-01 2.794499999999999886e+02
1.487364302165335894e+09 1.418000000000000094e-01 2.794499999999999886e+02
1.487364302268961906e+09 1.418000000000000094e-01 2.794499999999999886e+02
1.487364302368897915e+09 1.418000000000000094e-01 2.794499999999999886e+02
1.487364302467910051e+09 1.419999999999999873e-01 2.794499999999999886e+02
1.487364302567889929e+09 1.418999999999999984e-01 2.794499999999999886e+02
1.487364302662166119e+09 1.418000000000000094e-01 2.794499999999999886e+02
1.487364302761949062e+09 1.418000000000000094e-01 2.794499999999999886e+02
1.487364302866986990e+09 1.418000000000000094e-01 2.794499999999999886e+02
1.487364302978099108e+09 1.418000000000000094e-01 2.794499999999999886e+02
1.487364303075747967e+09 1.418999999999999984e-01 2.794499999999999886e+02
1.487364303177618980e+09 1.418999999999999984e-01 2.794499999999999886e+02
1.487364303277380943e+09 1.418000000000000094e-01 2.794499999999999886e+02
1.487364303377157927e+09 1.418999999999999984e-01 2.794499999999999886e+02
1.487364303476893902e+09 1.418999999999999984e-01 2.794499999999999886e+02
1.487364303576683998e+09 1.418000000000000094e-01 2.794499999999999886e+02
1.487364303676467896e+09 1.418000000000000094e-01 2.794499999999999886e+02
1.487364303775554895e+09 1.418000000000000094e-01 2.794499999999999886e+02
1.487364303886552095e+09 1.418999999999999984e-01 2.794499999999999886e+02
1.487364303990833044e+09 1.418000000000000094e-01 2.794499999999999886e+02
1.487364304089926958e+09 1.418000000000000094e-01 2.794499999999999886e+02
1.487364304189883947e+09 1.418999999999999984e-01 2.794499999999999886e+02
1.487364304289787054e+09 1.419999999999999873e-01 2.794499999999999886e+02
1.487364304388848066e+09 1.418999999999999984e-01 2.794499999999999886e+02
1.487364304488787889e+09 1.418000000000000094e-01 2.794499999999999886e+02
1.487364304583993912e+09 1.418000000000000094e-01 2.794499999999999886e+02
1.487364304701734066e+09 1.418999999999999984e-01 2.794499999999999886e+02
1.487364304801978111e+09 1.418000000000000094e-01 2.794499999999999886e+02
1.487364304901752949e+09 1.418999999999999984e-01 2.794599999999999795e+02
1.487364305000720024e+09 1.416999999999999926e-01 2.794499999999999886e+02
1.487364305096391916e+09 1.416999999999999926e-01 2.794499999999999886e+02
1.487364305199757099e+09 1.416999999999999926e-01 2.794599999999999795e+02
1.487364305299748898e+09 1.416999999999999926e-01 2.794599999999999795e+02
1.487364305398674011e+09 1.418000000000000094e-01 2.794599999999999795e+02
1.487364305512669086e+09 1.418000000000000094e-01 2.794599999999999795e+02
1.487364305608851910e+09 1.418000000000000094e-01 2.794599999999999795e+02
1.487364305710473061e+09 1.418000000000000094e-01 2.794499999999999886e+02
1.487364305811465979e+09 1.418000000000000094e-01 2.794499999999999886e+02
1.487364305911581039e+09 1.418000000000000094e-01 2.794599999999999795e+02
1.487364306010585070e+09 1.418000000000000094e-01 2.794599999999999795e+02
1.487364306110831022e+09 1.419999999999999873e-01 2.794599999999999795e+02
1.487364306204772949e+09 1.418999999999999984e-01 2.794599999999999795e+02
1.487364306320041895e+09 1.419999999999999873e-01 2.794599999999999795e+02
1.487364306419781923e+09 1.418000000000000094e-01 2.794599999999999795e+02
1.487364306519221067e+09 1.418999999999999984e-01 2.794599999999999795e+02
1.487364306619343996e+09 1.418000000000000094e-01 2.794599999999999795e+02
1.487364306719139099e+09 1.418999999999999984e-01 2.794599999999999795e+02
1.487364306818893909e+09 1.418999999999999984e-01 2.794599999999999795e+02
1.487364306918653011e+09 1.416999999999999926e-01 2.794599999999999795e+02
1.487364307018429995e+09 1.418000000000000094e-01 2.794599999999999795e+02
1.487364307134558916e+09 1.418000000000000094e-01 2.794599999999999795e+02
1.487364307234553099e+09 1.416999999999999926e-01 2.794599999999999795e+02
1.487364307334323883e+09 1.418999999999999984e-01 2.794599999999999795e+02
1.487364307429946899e+09 1.418000000000000094e-01 2.794599999999999795e+02
1.487364307533500910e+09 1.418000000000000094e-01 2.794599999999999795e+02
1.487364307632594109e+09 1.418999999999999984e-01 2.794599999999999795e+02
1.487364307731931925e+09 1.418999999999999984e-01 2.794599999999999795e+02
1.487364307831427097e+09 1.418000000000000094e-01 2.794599999999999795e+02
1.487364307931452990e+09 1.418000000000000094e-01 2.794599999999999795e+02
1.487364308045552015e+09 1.418000000000000094e-01 2.794599999999999795e+02
1.487364308144717932e+09 1.418999999999999984e-01 2.794599999999999795e+02
1.487364308240669966e+09 1.418999999999999984e-01 2.794599999999999795e+02
1.487364308344333887e+09 1.418000000000000094e-01 2.794599999999999795e+02
1.487364308443221092e+09 1.418000000000000094e-01 2.794599999999999795e+02
1.487364308543365002e+09 1.418000000000000094e-01 2.794599999999999795e+02
1.487364308643465042e+09 1.418000000000000094e-01 2.794599999999999795e+02
1.487364308756383896e+09 1.418999999999999984e-01 2.794599999999999795e+02
1.487364308856401920e+09 1.419999999999999873e-01 2.794599999999999795e+02
1.487364308956382990e+09 1.419999999999999873e-01 2.794599999999999795e+02
1.487364309051733017e+09 1.418000000000000094e-01 2.794599999999999795e+02
1.487364309155431032e+09 1.418000000000000094e-01 2.794599999999999795e+02
1.487364309255258083e+09 1.418999999999999984e-01 2.794599999999999795e+02
1.487364309349450111e+09 1.418999999999999984e-01 2.794599999999999795e+02
1.487364309454356909e+09 1.418000000000000094e-01 2.794599999999999795e+02
1.487364309550275087e+09 1.418000000000000094e-01 2.794599999999999795e+02
1.487364309667407036e+09 1.418999999999999984e-01 2.794599999999999795e+02
1.487364309767216921e+09 1.418999999999999984e-01 2.794599999999999795e+02
1.487364309861603975e+09 1.418999999999999984e-01 2.794700000000000273e+02
1.487364309961410046e+09 1.418000000000000094e-01 2.794700000000000273e+02
1.487364310061177969e+09 1.418999999999999984e-01 2.794599999999999795e+02
1.487364310160765886e+09 1.418999999999999984e-01 2.794599999999999795e+02
1.487364310260729074e+09 1.416999999999999926e-01 2.794599999999999795e+02
1.487364310359651089e+09 1.418999999999999984e-01 2.794700000000000273e+02
1.487364310460165024e+09 1.418000000000000094e-01 2.794700000000000273e+02
1.487364310576558113e+09 1.418999999999999984e-01 2.794700000000000273e+02
1.487364310676343918e+09 1.418999999999999984e-01 2.794700000000000273e+02
1.487364310774219036e+09 1.418000000000000094e-01 2.794700000000000273e+02
1.487364310875852108e+09 1.418999999999999984e-01 2.794700000000000273e+02
1.487364310975621939e+09 1.419999999999999873e-01 2.794700000000000273e+02
1.487364311075365067e+09 1.418000000000000094e-01 2.794700000000000273e+02
1.487364311171051979e+09 1.418999999999999984e-01 2.794700000000000273e+02
1.487364311274899006e+09 1.418000000000000094e-01 2.794700000000000273e+02
1.487364311389060974e+09 1.418000000000000094e-01 2.794700000000000273e+02
1.487364311488120079e+09 1.418999999999999984e-01 2.794700000000000273e+02
1.487364311588185072e+09 1.419999999999999873e-01 2.794700000000000273e+02
1.487364311688091040e+09 1.418000000000000094e-01 2.794700000000000273e+02
1.487364311782047033e+09 1.418999999999999984e-01 2.794700000000000273e+02
1.487364311886956930e+09 1.418000000000000094e-01 2.794700000000000273e+02
1.487364311986098051e+09 1.418000000000000094e-01 2.794700000000000273e+02
1.487364312084949970e+09 1.418999999999999984e-01 2.794700000000000273e+02
1.487364312200031042e+09 1.418999999999999984e-01 2.794700000000000273e+02
1.487364312299062967e+09 1.418000000000000094e-01 2.794700000000000273e+02
1.487364312398968935e+09 1.418000000000000094e-01 2.794700000000000273e+02
1.487364312499170065e+09 1.418000000000000094e-01 2.794700000000000273e+02
1.487364312598093987e+09 1.416999999999999926e-01 2.794700000000000273e+02
1.487364312697904110e+09 1.419999999999999873e-01 2.794700000000000273e+02
1.487364312796834946e+09 1.418000000000000094e-01 2.794700000000000273e+02
1.487364312896920919e+09 1.418000000000000094e-01 2.794700000000000273e+02
1.487364313010849953e+09 1.418999999999999984e-01 2.794700000000000273e+02
1.487364313109929085e+09 1.418999999999999984e-01 2.794700000000000273e+02
1.487364313209916115e+09 1.418999999999999984e-01 2.794700000000000273e+02
1.487364313309778929e+09 1.418999999999999984e-01 2.794700000000000273e+02
1.487364313408863068e+09 1.419999999999999873e-01 2.794700000000000273e+02
1.487364313508974075e+09 1.416999999999999926e-01 2.794700000000000273e+02
1.487364313607999086e+09 1.418999999999999984e-01 2.794700000000000273e+02
1.487364313704571009e+09 1.418999999999999984e-01 2.794700000000000273e+02
1.487364313819072962e+09 1.418999999999999984e-01 2.794700000000000273e+02
1.487364313918927908e+09 1.418999999999999984e-01 2.794700000000000273e+02
1.487364314017786026e+09 1.418000000000000094e-01 2.794700000000000273e+02
1.487364314118139029e+09 1.418000000000000094e-01 2.794700000000000273e+02
1.487364314217848063e+09 1.418000000000000094e-01 2.794700000000000273e+02
1.487364314317588091e+09 1.418000000000000094e-01 2.794700000000000273e+02
1.487364314416338921e+09 1.416999999999999926e-01 2.794700000000000273e+02
1.487364314517106056e+09 1.418000000000000094e-01 2.794700000000000273e+02
1.487364314632983923e+09 1.416999999999999926e-01 2.794700000000000273e+02
1.487364314731765985e+09 1.418000000000000094e-01 2.794700000000000273e+02
1.487364314831770897e+09 1.418000000000000094e-01 2.794700000000000273e+02
1.487364314931729078e+09 1.418999999999999984e-01 2.794700000000000273e+02
1.487364315030801058e+09 1.418999999999999984e-01 2.794700000000000273e+02
1.487364315127269030e+09 1.418000000000000094e-01 2.794700000000000273e+02
1.487364315229851007e+09 1.418000000000000094e-01 2.794700000000000273e+02
1.487364315329716921e+09 1.419999999999999873e-01 2.794700000000000273e+02
1.487364315442126989e+09 1.418000000000000094e-01 2.794700000000000273e+02
1.487364315542763948e+09 1.418999999999999984e-01 2.794700000000000273e+02
1.487364315642826080e+09 1.418999999999999984e-01 2.794700000000000273e+02
1.487364315738780022e+09 1.418000000000000094e-01 2.794700000000000273e+02
1.487364315841505051e+09 1.418999999999999984e-01 2.794700000000000273e+02
1.487364315941847086e+09 1.418999999999999984e-01 2.794700000000000273e+02
1.487364316040882111e+09 1.418999999999999984e-01 2.794700000000000273e+02
1.487364316139638901e+09 1.419999999999999873e-01 2.794700000000000273e+02
1.487364316238368988e+09 1.418999999999999984e-01 2.794700000000000273e+02
1.487364316354710102e+09 1.418000000000000094e-01 2.794800000000000182e+02
1.487364316453444958e+09 1.418000000000000094e-01 2.794700000000000273e+02
1.487364316550962925e+09 1.418000000000000094e-01 2.794700000000000273e+02
1.487364316652791977e+09 1.418000000000000094e-01 2.794700000000000273e+02
1.487364316747436047e+09 1.416999999999999926e-01 2.794700000000000273e+02
1.487364316852700949e+09 1.418000000000000094e-01 2.794700000000000273e+02
1.487364316951549053e+09 1.418000000000000094e-01 2.794700000000000273e+02
1.487364317049221039e+09 1.416999999999999926e-01 2.794800000000000182e+02
1.487364317160793066e+09 1.418999999999999984e-01 2.794800000000000182e+02
1.487364317260703087e+09 1.418000000000000094e-01 2.794800000000000182e+02
1.487364317360327959e+09 1.418000000000000094e-01 2.794800000000000182e+02
1.487364317460123062e+09 1.418000000000000094e-01 2.794800000000000182e+02
1.487364317559890032e+09 1.416999999999999926e-01 2.794800000000000182e+02
1.487364317659686089e+09 1.418000000000000094e-01 2.794800000000000182e+02
1.487364317759443998e+09 1.418999999999999984e-01 2.794800000000000182e+02
1.487364317875783920e+09 1.418000000000000094e-01 2.794800000000000182e+02
1.487364317975578070e+09 1.421000000000000041e-01 2.794800000000000182e+02
1.487364318075256109e+09 1.418000000000000094e-01 2.794800000000000182e+02
1.487364318175039053e+09 1.418999999999999984e-01 2.794800000000000182e+02
1.487364318274696112e+09 1.418999999999999984e-01 2.794800000000000182e+02
1.487364318374469042e+09 1.418000000000000094e-01 2.794800000000000182e+02
1.487364318474334955e+09 1.418999999999999984e-01 2.794800000000000182e+02
1.487364318573421955e+09 1.418999999999999984e-01 2.794800000000000182e+02
1.487364318673331976e+09 1.418000000000000094e-01 2.794800000000000182e+02
1.487364318787323952e+09 1.418000000000000094e-01 2.794800000000000182e+02
1.487364318886332989e+09 1.418999999999999984e-01 2.794800000000000182e+02
1.487364318986360073e+09 1.418000000000000094e-01 2.794800000000000182e+02
1.487364319080437899e+09 1.418999999999999984e-01 2.794800000000000182e+02
1.487364319182918072e+09 1.418000000000000094e-01 2.794800000000000182e+02
1.487364319285383940e+09 1.418000000000000094e-01 2.794800000000000182e+02
1.487364319384457111e+09 1.416999999999999926e-01 2.794800000000000182e+02
1.487364319484555960e+09 1.418000000000000094e-01 2.794800000000000182e+02
1.487364319598396063e+09 1.418000000000000094e-01 2.794800000000000182e+02
1.487364319697346926e+09 1.418000000000000094e-01 2.794800000000000182e+02
1.487364319797341108e+09 1.418999999999999984e-01 2.794800000000000182e+02
1.487364319893433094e+09 1.418999999999999984e-01 2.794800000000000182e+02
1.487364319992830992e+09 1.418999999999999984e-01 2.794800000000000182e+02
1.487364320095560074e+09 1.418000000000000094e-01 2.794800000000000182e+02
1.487364320193451881e+09 1.418000000000000094e-01 2.794800000000000182e+02
1.487364320295092106e+09 1.418999999999999984e-01 2.794800000000000182e+02
1.487364320409210920e+09 1.418999999999999984e-01 2.794800000000000182e+02
1.487364320508213043e+09 1.418999999999999984e-01 2.794800000000000182e+02
1.487364320607908010e+09 1.418000000000000094e-01 2.794800000000000182e+02
1.487364320704298019e+09 1.418999999999999984e-01 2.794800000000000182e+02
1.487364320807297945e+09 1.418000000000000094e-01 2.794800000000000182e+02
1.487364320907231092e+09 1.418999999999999984e-01 2.794800000000000182e+02
1.487364321001610041e+09 1.418999999999999984e-01 2.794800000000000182e+02
1.487364321115813017e+09 1.418999999999999984e-01 2.794800000000000182e+02
1.487364321217807055e+09 1.416999999999999926e-01 2.794800000000000182e+02
1.487364321317538977e+09 1.418000000000000094e-01 2.794800000000000182e+02
1.487364321417325020e+09 1.418000000000000094e-01 2.794800000000000182e+02
1.487364321517076015e+09 1.418999999999999984e-01 2.794800000000000182e+02
1.487364321616847038e+09 1.416999999999999926e-01 2.794800000000000182e+02
1.487364321716614008e+09 1.416999999999999926e-01 2.794800000000000182e+02
1.487364321814452887e+09 1.418000000000000094e-01 2.794800000000000182e+02
1.487364321927259922e+09 1.416999999999999926e-01 2.794800000000000182e+02
1.487364322031120062e+09 1.416999999999999926e-01 2.794800000000000182e+02
1.487364322130089045e+09 1.418999999999999984e-01 2.794800000000000182e+02
1.487364322229949951e+09 1.418999999999999984e-01 2.794800000000000182e+02
1.487364322330020905e+09 1.419999999999999873e-01 2.794800000000000182e+02
1.487364322424694061e+09 1.419999999999999873e-01 2.794800000000000182e+02
1.487364322529068947e+09 1.418999999999999984e-01 2.794800000000000182e+02
1.487364322628091097e+09 1.418999999999999984e-01 2.794900000000000091e+02
