1.487363322725347042e+09 8.061000000000000387e-01 2.795699999999999932e+02
1.487363322845065117e+09 8.054999999999999938e-01 2.795699999999999932e+02
1.487363322945173025e+09 8.055999999999999828e-01 2.795699999999999932e+02
1.487363323044250965e+09 8.064999999999999947e-01 2.795699999999999932e+02
1.487363323144088984e+09 8.062000000000000277e-01 2.795600000000000023e+02
1.487363323238374949e+09 8.064999999999999947e-01 2.795600000000000023e+02
1.487363323338125944e+09 8.068999999999999506e-01 2.795600000000000023e+02
1.487363323454322100e+09 8.058999999999999497e-01 2.795600000000000023e+02
1.487363323554286003e+09 8.062000000000000277e-01 2.795600000000000023e+02
1.487363323654050112e+09 8.063000000000000167e-01 2.795600000000000023e+02
1.487363323753818989e+09 8.064000000000000057e-01 2.795600000000000023e+02
1.487363323853586912e+09 8.062000000000000277e-01 2.795600000000000023e+02
1.487363323950658083e+09 8.056999999999999718e-01 2.795600000000000023e+02
1.487363324053121090e+09 8.068999999999999506e-01 2.795600000000000023e+02
1.487363324152879953e+09 8.061000000000000387e-01 2.795600000000000023e+02
1.487363324252666950e+09 8.053000000000000158e-01 2.795600000000000023e+02
1.487363324368175030e+09 8.065999999999999837e-01 2.795600000000000023e+02
1.487363324467149973e+09 8.051000000000000378e-01 2.795600000000000023e+02
1.487363324567066908e+09 8.060000000000000497e-01 2.795600000000000023e+02
1.487363324665951014e+09 8.063000000000000167e-01 2.795600000000000023e+02
1.487363324765892982e+09 8.063000000000000167e-01 2.795600000000000023e+02
1.487363324865827084e+09 8.056999999999999718e-01 2.795600000000000023e+02
1.487363324964953899e+09 8.064000000000000057e-01 2.795600000000000023e+02
1.487363325064624071e+09 8.057999999999999607e-01 2.795600000000000023e+02
1.487363325163914919e+09 8.070000000000000506e-01 2.795600000000000023e+02
1.487363325277919054e+09 8.057999999999999607e-01 2.795600000000000023e+02
1.487363325377832890e+09 8.056999999999999718e-01 2.795600000000000023e+02
1.487363325477056026e+09 8.062000000000000277e-01 2.795600000000000023e+02
1.487363325576869965e+09 8.063000000000000167e-01 2.795500000000000114e+02
1.487363325676877022e+09 8.058999999999999497e-01 2.795500000000000114e+02
1.487363325770998955e+09 8.064000000000000057e-01 2.795500000000000114e+02
1.487363325875941038e+09 8.064000000000000057e-01 2.795500000000000114e+02
1.487363325969861984e+09 8.057999999999999607e-01 2.795500000000000114e+02
1.487363326088797092e+09 8.062000000000000277e-01 2.795500000000000114e+02
1.487363326188879967e+09 8.060000000000000497e-01 2.795500000000000114e+02
1.487363326287938118e+09 8.068999999999999506e-01 2.795500000000000114e+02
1.487363326387902975e+09 8.066999999999999726e-01 2.795500000000000114e+02
1.487363326487710953e+09 8.060000000000000497e-01 2.795500000000000114e+02
1.487363326586982012e+09 8.058999999999999497e-01 2.795500000000000114e+02
1.487363326685540915e+09 8.057999999999999607e-01 2.795500000000000114e+02
1.487363326786829948e+09 8.060000000000000497e-01 2.795500000000000114e+02
1.487363326896188974e+09 8.062000000000000277e-01 2.795500000000000114e+02
1.487363326999809027e+09 8.061000000000000387e-01 2.795500000000000114e+02
1.487363327095840931e+09 8.070000000000000506e-01 2.795500000000000114e+02
1.487363327195594072e+09 8.064000000000000057e-01 2.795500000000000114e+02
1.487363327295375109e+09 8.061000000000000387e-01 2.795400000000000205e+02
1.487363327395123005e+09 8.064999999999999947e-01 2.795400000000000205e+02
1.487363327494905949e+09 8.063000000000000167e-01 2.795400000000000205e+02
1.487363327594717026e+09 8.063000000000000167e-01 2.795500000000000114e+02
1.487363327710675955e+09 8.063000000000000167e-01 2.795400000000000205e+02
1.487363327809521914e+09 8.065999999999999837e-01 2.795400000000000205e+02
1.487363327910574913e+09 8.063000000000000167e-01 2.795400000000000205e+02
1.487363328006104946e+09 8.064000000000000057e-01 2.795400000000000205e+02
1.487363328109723091e+09 8.074000000000000066e-01 2.795400000000000205e+02
1.487363328208666086e+09 8.058999999999999497e-01 2.795400000000000205e+02
1.487363328308607101e+09 8.058999999999999497e-01 2.795400000000000205e+02
1.487363328408569098e+09 8.061000000000000387e-01 2.795400000000000205e+02
1.487363328521724939e+09 8.055999999999999828e-01 2.795400000000000205e+02
1.487363328621737957e+09 8.064999999999999947e-01 2.795400000000000205e+02
1.487363328721620083e+09 8.063000000000000167e-01 2.795400000000000205e+02
1.487363328820498943e+09 8.058999999999999497e-01 2.795400000000000205e+02
1.487363328920604944e+09 8.054999999999999938e-01 2.795400000000000205e+02
1.487363329014981985e+09 8.064999999999999947e-01 2.795400000000000205e+02
1.487363329117634058e+09 8.056999999999999718e-01 2.795400000000000205e+02
1.487363329219504118e+09 8.066999999999999726e-01 2.795400000000000205e+02
1.487363329332500935e+09 8.057999999999999607e-01 2.795299999999999727e+02
1.487363329430466890e+09 8.060000000000000497e-01 2.795299999999999727e+02
1.487363329529402018e+09 8.060000000000000497e-01 2.795299999999999727e+02
1.487363329631011009e+09 8.060000000000000497e-01 2.795299999999999727e+02
1.487363329730787992e+09 8.054999999999999938e-01 2.795299999999999727e+02
1.487363329830404997e+09 8.060000000000000497e-01 2.795299999999999727e+02
1.487363329930558920e+09 8.058999999999999497e-01 2.795299999999999727e+02
1.487363330039345026e+09 8.063000000000000167e-01 2.795299999999999727e+02
1.487363330140621901e+09 8.063000000000000167e-01 2.795299999999999727e+02
1.487363330242810965e+09 8.061000000000000387e-01 2.795299999999999727e+02
1.487363330343426943e+09 8.060000000000000497e-01 2.795299999999999727e+02
1.487363330437969923e+09 8.062000000000000277e-01 2.795299999999999727e+02
1.487363330537648916e+09 8.063000000000000167e-01 2.795299999999999727e+02
1.487363330637433052e+09 8.058999999999999497e-01 2.795299999999999727e+02
1.487363330737201929e+09 8.060000000000000497e-01 2.795299999999999727e+02
1.487363330853538990e+09 8.062000000000000277e-01 2.795299999999999727e+02
1.487363330950457096e+09 8.058999999999999497e-01 2.795299999999999727e+02
1.487363331053062916e+09 8.062000000000000277e-01 2.795299999999999727e+02
1.487363331149899006e+09 8.068999999999999506e-01 2.795299999999999727e+02
1.487363331252758980e+09 8.057999999999999607e-01 2.795299999999999727e+02
1.487363331352360010e+09 8.058999999999999497e-01 2.795299999999999727e+02
1.487363331448313951e+09 8.062000000000000277e-01 2.795299999999999727e+02
1.487363331552051067e+09 8.064999999999999947e-01 2.795299999999999727e+02
1.487363331666438103e+09 8.066999999999999726e-01 2.795299999999999727e+02
1.487363331765369892e+09 8.060000000000000497e-01 2.795299999999999727e+02
1.487363331865184069e+09 8.062000000000000277e-01 2.795299999999999727e+02
1.487363331965328932e+09 8.061000000000000387e-01 2.795299999999999727e+02
1.487363332060270071e+09 8.062000000000000277e-01 2.795299999999999727e+02
1.487363332164345026e+09 8.065999999999999837e-01 2.795299999999999727e+02
1.487363332263415098e+09 8.062000000000000277e-01 2.795299999999999727e+02
1.487363332362658978e+09 8.064000000000000057e-01 2.795299999999999727e+02
1.487363332463349104e+09 8.064999999999999947e-01 2.795299999999999727e+02
1.487363332576415062e+09 8.061000000000000387e-01 2.795299999999999727e+02
1.487363332676253080e+09 8.066999999999999726e-01 2.795299999999999727e+02
1.487363332776412010e+09 8.056999999999999718e-01 2.795299999999999727e+02
1.487363332875371933e+09 8.058999999999999497e-01 2.795299999999999727e+02
1.487363332975203037e+09 8.060000000000000497e-01 2.795299999999999727e+02
1.487363333075156927e+09 8.063000000000000167e-01 2.795199999999999818e+02
1.487363333173830986e+09 8.054000000000000048e-01 2.795199999999999818e+02
1.487363333274243116e+09 8.061000000000000387e-01 2.795299999999999727e+02
1.487363333387533903e+09 8.061000000000000387e-01 2.795299999999999727e+02
1.487363333487227917e+09 8.060000000000000497e-01 2.795199999999999818e+02
1.487363333587321043e+09 8.052000000000000268e-01 2.795199999999999818e+02
1.487363333687096119e+09 8.067999999999999616e-01 2.795199999999999818e+02
1.487363333786185026e+09 8.064999999999999947e-01 2.795199999999999818e+02
1.487363333886220932e+09 8.060000000000000497e-01 2.795199999999999818e+02
1.487363333985094070e+09 8.066999999999999726e-01 2.795199999999999818e+02
1.487363334085002899e+09 8.067999999999999616e-01 2.795199999999999818e+02
1.487363334199204922e+09 8.063000000000000167e-01 2.795199999999999818e+02
1.487363334293297052e+09 8.064999999999999947e-01 2.795199999999999818e+02
1.487363334395133972e+09 8.060000000000000497e-01 2.795199999999999818e+02
1.487363334494889021e+09 8.061000000000000387e-01 2.795199999999999818e+02
1.487363334594688892e+09 8.061000000000000387e-01 2.795199999999999818e+02
1.487363334697117090e+09 8.055999999999999828e-01 2.795199999999999818e+02
1.487363334794187069e+09 8.053000000000000158e-01 2.795199999999999818e+02
1.487363334893891096e+09 8.061000000000000387e-01 2.795199999999999818e+02
1.487363335010047913e+09 8.054999999999999938e-01 2.795199999999999818e+02
1.487363335108180046e+09 8.063000000000000167e-01 2.795199999999999818e+02
1.487363335209199905e+09 8.057999999999999607e-01 2.795199999999999818e+02
1.487363335307912111e+09 8.064999999999999947e-01 2.795099999999999909e+02
1.487363335407896042e+09 8.063000000000000167e-01 2.795099999999999909e+02
1.487363335508038044e+09 8.054000000000000048e-01 2.795099999999999909e+02
1.487363335607040882e+09 8.060000000000000497e-01 2.795099999999999909e+02
1.487363335706957102e+09 8.060000000000000497e-01 2.795099999999999909e+02
1.487363335821027040e+09 8.058999999999999497e-01 2.795099999999999909e+02
1.487363335920073032e+09 8.056999999999999718e-01 2.795199999999999818e+02
1.487363336016609907e+09 8.063000000000000167e-01 2.795099999999999909e+02
1.487363336119115114e+09 8.063000000000000167e-01 2.795099999999999909e+02
1.487363336219012976e+09 8.073000000000000176e-01 2.795099999999999909e+02
1.487363336318912029e+09 8.072000000000000286e-01 2.795199999999999818e+02
1.487363336414277077e+09 8.056999999999999718e-01 2.795199999999999818e+02
1.487363336517855883e+09 8.058999999999999497e-01 2.795099999999999909e+02
1.487363336631947994e+09 8.061000000000000387e-01 2.795099999999999909e+02
1.487363336730940104e+09 8.061000000000000387e-01 2.795099999999999909e+02
1.487363336826514959e+09 8.062000000000000277e-01 2.795099999999999909e+02
1.487363336929903030e+09 8.054000000000000048e-01 2.795099999999999909e+02
1.487363337024828911e+09 8.064999999999999947e-01 2.795099999999999909e+02
1.487363337130378008e+09 8.074999999999999956e-01 2.795099999999999909e+02
1.487363337225677013e+09 8.057999999999999607e-01 2.795099999999999909e+02
1.487363337328860998e+09 8.060000000000000497e-01 2.795099999999999909e+02
1.487363337442852020e+09 8.064999999999999947e-01 2.795099999999999909e+02
1.487363337537597895e+09 8.063000000000000167e-01 2.795099999999999909e+02
1.487363337637372971e+09 8.064999999999999947e-01 2.795099999999999909e+02
1.487363337737149954e+09 8.055999999999999828e-01 2.795099999999999909e+02
1.487363337838108063e+09 8.060000000000000497e-01 2.795099999999999909e+02
1.487363337936541080e+09 8.065999999999999837e-01 2.795099999999999909e+02
1.487363338035182953e+09 8.065999999999999837e-01 2.795099999999999909e+02
1.487363338152821064e+09 8.066999999999999726e-01 2.795099999999999909e+02
1.487363338252590895e+09 8.060000000000000497e-01 2.795099999999999909e+02
1.487363338352340937e+09 8.056999999999999718e-01 2.795099999999999909e+02
1.487363338452359915e+09 8.058999999999999497e-01 2.795099999999999909e+02
1.487363338551743031e+09 8.057999999999999607e-01 2.795099999999999909e+02
1.487363338651643038e+09 8.058999999999999497e-01 2.795099999999999909e+02
1.487363338751424074e+09 8.056999999999999718e-01 2.795099999999999909e+02
1.487363338850703955e+09 8.063000000000000167e-01 2.795099999999999909e+02
1.487363338964756966e+09 8.070000000000000506e-01 2.795099999999999909e+02
1.487363339064594984e+09 8.073000000000000176e-01 2.795099999999999909e+02
1.487363339163855076e+09 8.067999999999999616e-01 2.795099999999999909e+02
1.487363339263760090e+09 8.067999999999999616e-01 2.795099999999999909e+02
1.487363339363769054e+09 8.058999999999999497e-01 2.795099999999999909e+02
1.487363339458899021e+09 8.056999999999999718e-01 2.795000000000000000e+02
1.487363339561319113e+09 8.057999999999999607e-01 2.795000000000000000e+02
1.487363339661658049e+09 8.064999999999999947e-01 2.795000000000000000e+02
1.487363339775784016e+09 8.064000000000000057e-01 2.795000000000000000e+02
1.487363339875737906e+09 8.064000000000000057e-01 2.795000000000000000e+02
1.487363339970835924e+09 8.055999999999999828e-01 2.795000000000000000e+02
1.487363340074949980e+09 8.056999999999999718e-01 2.795000000000000000e+02
1.487363340170815945e+09 8.065999999999999837e-01 2.795000000000000000e+02
1.487363340273595095e+09 8.068999999999999506e-01 2.795000000000000000e+02
1.487363340371818066e+09 8.064000000000000057e-01 2.795000000000000000e+02
1.487363340468853951e+09 8.063000000000000167e-01 2.795000000000000000e+02
1.487363340572712898e+09 8.056999999999999718e-01 2.795000000000000000e+02
1.487363340686666012e+09 8.055999999999999828e-01 2.795000000000000000e+02
1.487363340786652088e+09 8.065999999999999837e-01 2.795000000000000000e+02
1.487363340885345936e+09 8.056999999999999718e-01 2.795000000000000000e+02
1.487363340985570908e+09 8.057999999999999607e-01 2.795000000000000000e+02
1.487363341081146955e+09 8.064000000000000057e-01 2.795000000000000000e+02
1.487363341184441090e+09 8.064000000000000057e-01 2.795000000000000000e+02
1.487363341283633947e+09 8.061000000000000387e-01 2.795000000000000000e+02
1.487363341383390903e+09 8.063000000000000167e-01 2.795000000000000000e+02
1.487363341494827032e+09 8.056999999999999718e-01 2.795000000000000000e+02
1.487363341594583988e+09 8.061000000000000387e-01 2.795000000000000000e+02
1.487363341694343090e+09 8.053000000000000158e-01 2.795000000000000000e+02
1.487363341793003082e+09 8.060000000000000497e-01 2.795000000000000000e+02
1.487363341891786098e+09 8.070000000000000506e-01 2.795000000000000000e+02
1.487363341994075060e+09 8.051000000000000378e-01 2.795000000000000000e+02
1.487363342093821049e+09 8.061000000000000387e-01 2.795000000000000000e+02
1.487363342189971924e+09 8.065999999999999837e-01 2.795000000000000000e+02
1.487363342303200006e+09 8.054999999999999938e-01 2.795000000000000000e+02
1.487363342402033091e+09 8.057999999999999607e-01 2.795000000000000000e+02
1.487363342507369041e+09 8.061000000000000387e-01 2.795000000000000000e+02
1.487363342605761051e+09 8.055999999999999828e-01 2.795000000000000000e+02
1.487363342706443071e+09 8.060000000000000497e-01 2.795000000000000000e+02
1.487363342806314945e+09 8.055999999999999828e-01 2.795000000000000000e+02
1.487363342905360937e+09 8.063000000000000167e-01 2.795000000000000000e+02
1.487363343005228996e+09 8.066999999999999726e-01 2.795000000000000000e+02
1.487363343119468927e+09 8.056999999999999718e-01 2.795000000000000000e+02
1.487363343218410015e+09 8.055999999999999828e-01 2.795000000000000000e+02
1.487363343318316936e+09 8.056999999999999718e-01 2.795000000000000000e+02
1.487363343414031029e+09 8.060000000000000497e-01 2.795000000000000000e+02
1.487363343517194033e+09 8.062000000000000277e-01 2.795000000000000000e+02
1.487363343617435932e+09 8.064999999999999947e-01 2.795000000000000000e+02
1.487363343717082024e+09 8.053000000000000158e-01 2.795000000000000000e+02
1.487363343816158056e+09 8.061000000000000387e-01 2.795000000000000000e+02
1.487363343930403948e+09 8.057999999999999607e-01 2.795000000000000000e+02
1.487363344024219990e+09 8.061000000000000387e-01 2.795000000000000000e+02
1.487363344129216909e+09 8.064000000000000057e-01 2.795000000000000000e+02
1.487363344229350090e+09 8.056999999999999718e-01 2.795000000000000000e+02
1.487363344328205109e+09 8.061000000000000387e-01 2.795000000000000000e+02
1.487363344428205967e+09 8.054999999999999938e-01 2.795000000000000000e+02
1.487363344527209997e+09 8.056999999999999718e-01 2.795000000000000000e+02
1.487363344627203941e+09 8.055999999999999828e-01 2.795000000000000000e+02
1.487363344737129927e+09 8.055999999999999828e-01 2.795000000000000000e+02
1.487363344836869955e+09 8.053000000000000158e-01 2.795000000000000000e+02
1.487363344935173035e+09 8.065999999999999837e-01 2.795000000000000000e+02
1.487363345036377907e+09 8.065999999999999837e-01 2.795000000000000000e+02
1.487363345136132956e+09 8.058999999999999497e-01 2.795000000000000000e+02
1.487363345235903025e+09 8.066999999999999726e-01 2.794900000000000091e+02
1.487363345335664034e+09 8.054999999999999938e-01 2.795000000000000000e+02
1.487363345435441971e+09 8.054000000000000048e-01 2.795000000000000000e+02
1.487363345548454046e+09 8.058999999999999497e-01 2.795000000000000000e+02
1.487363345651156902e+09 8.061000000000000387e-01 2.795000000000000000e+02
1.487363345750425100e+09 8.058999999999999497e-01 2.794900000000000091e+02
1.487363345847421885e+09 8.054000000000000048e-01 2.794900000000000091e+02
1.487363345947482109e+09 8.061000000000000387e-01 2.794900000000000091e+02
1.487363346045277119e+09 8.052000000000000268e-01 2.794900000000000091e+02
1.487363346147845030e+09 8.060000000000000497e-01 2.794900000000000091e+02
1.487363346244410038e+09 8.054000000000000048e-01 2.794900000000000091e+02
1.487363346360822916e+09 8.062000000000000277e-01 2.794900000000000091e+02
1.487363346461533070e+09 8.062000000000000277e-01 2.794900000000000091e+02
1.487363346562216997e+09 8.066999999999999726e-01 2.794900000000000091e+02
1.487363346662179947e+09 8.061000000000000387e-01 2.794900000000000091e+02
1.487363346762093067e+09 8.055999999999999828e-01 2.794900000000000091e+02
1.487363346861255884e+09 8.065999999999999837e-01 2.794900000000000091e+02
1.487363346957406044e+09 8.057999999999999607e-01 2.794900000000000091e+02
1.487363347059266090e+09 8.052000000000000268e-01 2.794900000000000091e+02
1.487363347154884100e+09 8.060000000000000497e-01 2.794900000000000091e+02
1.487363347274096012e+09 8.060000000000000497e-01 2.794900000000000091e+02
1.487363347370668888e+09 8.063000000000000167e-01 2.794900000000000091e+02
1.487363347468828917e+09 8.060000000000000497e-01 2.794900000000000091e+02
1.487363347569112062e+09 8.061000000000000387e-01 2.794900000000000091e+02
1.487363347671857119e+09 8.058999999999999497e-01 2.794900000000000091e+02
1.487363347768277884e+09 8.060000000000000497e-01 2.794900000000000091e+02
1.487363347870920897e+09 8.061000000000000387e-01 2.794900000000000091e+02
1.487363347984879971e+09 8.064000000000000057e-01 2.794900000000000091e+02
1.487363348084886074e+09 8.063000000000000167e-01 2.794900000000000091e+02
1.487363348183957100e+09 8.054999999999999938e-01 2.794900000000000091e+02
1.487363348283947945e+09 8.052000000000000268e-01 2.794900000000000091e+02
1.487363348383832932e+09 8.064000000000000057e-01 2.794900000000000091e+02
1.487363348478113890e+09 8.057999999999999607e-01 2.794900000000000091e+02
1.487363348583002090e+09 8.057999999999999607e-01 2.794900000000000091e+02
1.487363348677285910e+09 8.067999999999999616e-01 2.794900000000000091e+02
1.487363348777445078e+09 8.062000000000000277e-01 2.794900000000000091e+02
1.487363348893829107e+09 8.061000000000000387e-01 2.794900000000000091e+02
1.487363348991327047e+09 8.060000000000000497e-01 2.794900000000000091e+02
1.487363349092878103e+09 8.058999999999999497e-01 2.794900000000000091e+02
1.487363349193532944e+09 8.063000000000000167e-01 2.794800000000000182e+02
1.487363349292355061e+09 8.063000000000000167e-01 2.794800000000000182e+02
1.487363349392651081e+09 8.063000000000000167e-01 2.794800000000000182e+02
1.487363349492419004e+09 8.061000000000000387e-01 2.794800000000000182e+02
1.487363349592191935e+09 8.062000000000000277e-01 2.794800000000000182e+02
1.487363349691926003e+09 8.062000000000000277e-01 2.794800000000000182e+02
1.487363349801431894e+09 8.063000000000000167e-01 2.794800000000000182e+02
1.487363349903840065e+09 8.060000000000000497e-01 2.794800000000000182e+02
1.487363350005733967e+09 8.065999999999999837e-01 2.794800000000000182e+02
1.487363350104861975e+09 8.062000000000000277e-01 2.794800000000000182e+02
1.487363350204750061e+09 8.060000000000000497e-01 2.794800000000000182e+02
1.487363350302422047e+09 8.057999999999999607e-01 2.794800000000000182e+02
1.487363350403908014e+09 8.065999999999999837e-01 2.794800000000000182e+02
1.487363350503629923e+09 8.063000000000000167e-01 2.794800000000000182e+02
1.487363350616666079e+09 8.060000000000000497e-01 2.794800000000000182e+02
1.487363350716754913e+09 8.057999999999999607e-01 2.794800000000000182e+02
1.487363350816827059e+09 8.063000000000000167e-01 2.794800000000000182e+02
1.487363350913957119e+09 8.055999999999999828e-01 2.794800000000000182e+02
1.487363351013955116e+09 8.055999999999999828e-01 2.794800000000000182e+02
1.487363351115827084e+09 8.054999999999999938e-01 2.794800000000000182e+02
1.487363351214673042e+09 8.065999999999999837e-01 2.794800000000000182e+02
1.487363351314608097e+09 8.068999999999999506e-01 2.794700000000000273e+02
1.487363351428716898e+09 8.062000000000000277e-01 2.794700000000000273e+02
1.487363351527627945e+09 8.056999999999999718e-01 2.794700000000000273e+02
1.487363351627470016e+09 8.063000000000000167e-01 2.794700000000000273e+02
1.487363351723804951e+09 8.065999999999999837e-01 2.794700000000000273e+02
1.487363351826612949e+09 8.063000000000000167e-01 2.794700000000000273e+02
1.487363351926649094e+09 8.055999999999999828e-01 2.794700000000000273e+02
1.487363352026161909e+09 8.064000000000000057e-01 2.794700000000000273e+02
1.487363352125682116e+09 8.055999999999999828e-01 2.794700000000000273e+02
1.487363352235893965e+09 8.054999999999999938e-01 2.794700000000000273e+02
1.487363352335654974e+09 8.054999999999999938e-01 2.794700000000000273e+02
1.487363352435415983e+09 8.064000000000000057e-01 2.794700000000000273e+02
1.487363352535384893e+09 8.070000000000000506e-01 2.794700000000000273e+02
1.487363352634957075e+09 8.061000000000000387e-01 2.794700000000000273e+02
1.487363352734816074e+09 8.062000000000000277e-01 2.794700000000000273e+02
1.487363352834481955e+09 8.057999999999999607e-01 2.794700000000000273e+02
1.487363352948122978e+09 8.060000000000000497e-01 2.794700000000000273e+02
1.487363353049993038e+09 8.062000000000000277e-01 2.794700000000000273e+02
1.487363353149629116e+09 8.058999999999999497e-01 2.794700000000000273e+02
1.487363353249550104e+09 8.060000000000000497e-01 2.794700000000000273e+02
1.487363353348509073e+09 8.063000000000000167e-01 2.794700000000000273e+02
1.487363353447449923e+09 8.060000000000000497e-01 2.794700000000000273e+02
1.487363353545507908e+09 8.061000000000000387e-01 2.794700000000000273e+02
1.487363353647407055e+09 8.058999999999999497e-01 2.794700000000000273e+02
1.487363353747370958e+09 8.064999999999999947e-01 2.794700000000000273e+02
1.487363353861546993e+09 8.055999999999999828e-01 2.794700000000000273e+02
1.487363353960325956e+09 8.064000000000000057e-01 2.794700000000000273e+02
1.487363354060448885e+09 8.060000000000000497e-01 2.794700000000000273e+02
1.487363354155885935e+09 8.054999999999999938e-01 2.794700000000000273e+02
1.487363354259373903e+09 8.060000000000000497e-01 2.794700000000000273e+02
1.487363354359486103e+09 8.055999999999999828e-01 2.794700000000000273e+02
1.487363354458431959e+09 8.056999999999999718e-01 2.794700000000000273e+02
1.487363354558523893e+09 8.057999999999999607e-01 2.794700000000000273e+02
1.487363354657327890e+09 8.054000000000000048e-01 2.794700000000000273e+02
1.487363354768403053e+09 8.064000000000000057e-01 2.794700000000000273e+02
1.487363354871345043e+09 8.067999999999999616e-01 2.794700000000000273e+02
1.487363354965320110e+09 8.060000000000000497e-01 2.794700000000000273e+02
1.487363355070370913e+09 8.057999999999999607e-01 2.794700000000000273e+02
1.487363355170325041e+09 8.054999999999999938e-01 2.794700000000000273e+02
1.487363355266575098e+09 8.054000000000000048e-01 2.794599999999999795e+02
1.487363355369168043e+09 8.064999999999999947e-01 2.794700000000000273e+02
1.487363355467067957e+09 8.063000000000000167e-01 2.794599999999999795e+02
1.487363355577999115e+09 8.058999999999999497e-01 2.794599999999999795e+02
1.487363355677778959e+09 8.060000000000000497e-01 2.794700000000000273e+02
1.487363355777427912e+09 8.062000000000000277e-01 2.794700000000000273e+02
1.487363355877175093e+09 8.064000000000000057e-01 2.794700000000000273e+02
1.487363355976875067e+09 8.064999999999999947e-01 2.794599999999999795e+02
1.487363356076725006e+09 8.057999999999999607e-01 2.794700000000000273e+02
1.487363356176484108e+09 8.058999999999999497e-01 2.794700000000000273e+02
1.487363356276257992e+09 8.062000000000000277e-01 2.794599999999999795e+02
1.487363356390100002e+09 8.056999999999999718e-01 2.794599999999999795e+02
1.487363356492084980e+09 8.061000000000000387e-01 2.794599999999999795e+02
1.487363356592099905e+09 8.061000000000000387e-01 2.794599999999999795e+02
1.487363356692015886e+09 8.052000000000000268e-01 2.794599999999999795e+02
1.487363356791706085e+09 8.055999999999999828e-01 2.794599999999999795e+02
1.487363356891005039e+09 8.058999999999999497e-01 2.794599999999999795e+02
1.487363356991204977e+09 8.062000000000000277e-01 2.794599999999999795e+02
1.487363357090945959e+09 8.064000000000000057e-01 2.794599999999999795e+02
1.487363357204358101e+09 8.062000000000000277e-01 2.794599999999999795e+02
1.487363357302090883e+09 8.061000000000000387e-01 2.794599999999999795e+02
1.487363357404046059e+09 8.057999999999999607e-01 2.794599999999999795e+02
1.487363357502820969e+09 8.060000000000000497e-01 2.794599999999999795e+02
1.487363357603126049e+09 8.064999999999999947e-01 2.794599999999999795e+02
1.487363357702153921e+09 8.060000000000000497e-01 2.794599999999999795e+02
1.487363357801964045e+09 8.061000000000000387e-01 2.794599999999999795e+02
1.487363357901973009e+09 8.057999999999999607e-01 2.794599999999999795e+02
1.487363358014966011e+09 8.064999999999999947e-01 2.794599999999999795e+02
1.487363358110166073e+09 8.054999999999999938e-01 2.794599999999999795e+02
1.487363358214998007e+09 8.056999999999999718e-01 2.794599999999999795e+02
1.487363358314099073e+09 8.056999999999999718e-01 2.794599999999999795e+02
1.487363358413682938e+09 8.058999999999999497e-01 2.794599999999999795e+02
1.487363358512785912e+09 8.063000000000000167e-01 2.794599999999999795e+02
1.487363358608051062e+09 8.061000000000000387e-01 2.794599999999999795e+02
1.487363358710381985e+09 8.064000000000000057e-01 2.794599999999999795e+02
1.487363358826898098e+09 8.057999999999999607e-01 2.794599999999999795e+02
1.487363358925955057e+09 8.055999999999999828e-01 2.794599999999999795e+02
1.487363359025846004e+09 8.060000000000000497e-01 2.794599999999999795e+02
1.487363359119940996e+09 8.056999999999999718e-01 2.794599999999999795e+02
1.487363359222326994e+09 8.052000000000000268e-01 2.794599999999999795e+02
1.487363359324079037e+09 8.056999999999999718e-01 2.794599999999999795e+02
1.487363359423851013e+09 8.066999999999999726e-01 2.794599999999999795e+02
1.487363359523998022e+09 8.048999999999999488e-01 2.794599999999999795e+02
1.487363359634784937e+09 8.067999999999999616e-01 2.794599999999999795e+02
1.487363359734431982e+09 8.057999999999999607e-01 2.794599999999999795e+02
1.487363359834435940e+09 8.063000000000000167e-01 2.794599999999999795e+02
1.487363359934223890e+09 8.061000000000000387e-01 2.794599999999999795e+02
1.487363360031002045e+09 8.058999999999999497e-01 2.794599999999999795e+02
1.487363360130011082e+09 8.066999999999999726e-01 2.794599999999999795e+02
1.487363360233486891e+09 8.064000000000000057e-01 2.794599999999999795e+02
1.487363360333245993e+09 8.062000000000000277e-01 2.794599999999999795e+02
1.487363360447995901e+09 8.056999999999999718e-01 2.794599999999999795e+02
1.487363360547940969e+09 8.055999999999999828e-01 2.794599999999999795e+02
1.487363360647763968e+09 8.063000000000000167e-01 2.794599999999999795e+02
1.487363360746839046e+09 8.056999999999999718e-01 2.794599999999999795e+02
1.487363360846995115e+09 8.060000000000000497e-01 2.794599999999999795e+02
1.487363360943425894e+09 8.062000000000000277e-01 2.794599999999999795e+02
1.487363361045731068e+09 8.053000000000000158e-01 2.794599999999999795e+02
1.487363361145930052e+09 8.060000000000000497e-01 2.794599999999999795e+02
1.487363361244771957e+09 8.064999999999999947e-01 2.794599999999999795e+02
1.487363361358897924e+09 8.058999999999999497e-01 2.794599999999999795e+02
1.487363361458573103e+09 8.061000000000000387e-01 2.794599999999999795e+02
1.487363361557691097e+09 8.064000000000000057e-01 2.794599999999999795e+02
1.487363361657630920e+09 8.053000000000000158e-01 2.794599999999999795e+02
1.487363361752743006e+09 8.061000000000000387e-01 2.794599999999999795e+02
1.487363361856668949e+09 8.063000000000000167e-01 2.794599999999999795e+02
1.487363361956763029e+09 8.058999999999999497e-01 2.794499999999999886e+02
1.487363362069700003e+09 8.062000000000000277e-01 2.794599999999999795e+02
1.487363362169697046e+09 8.063000000000000167e-01 2.794599999999999795e+02
1.487363362266938925e+09 8.053000000000000158e-01 2.794599999999999795e+02
1.487363362368645906e+09 8.048999999999999488e-01 2.794499999999999886e+02
1.487363362463454962e+09 8.064000000000000057e-01 2.794499999999999886e+02
1.487363362568636894e+09 8.063000000000000167e-01 2.794499999999999886e+02
1.487363362667617083e+09 8.066999999999999726e-01 2.794499999999999886e+02
1.487363362765438080e+09 8.064000000000000057e-01 2.794499999999999886e+02
1.487363362866744995e+09 8.053000000000000158e-01 2.794499999999999886e+02
1.487363362976900101e+09 8.053000000000000158e-01 2.794499999999999886e+02
1.487363363076791048e+09 8.062000000000000277e-01 2.794499999999999886e+02
1.487363363176435947e+09 8.055999999999999828e-01 2.794499999999999886e+02
1.487363363276202917e+09 8.054000000000000048e-01 2.794599999999999795e+02
1.487363363375956059e+09 8.061000000000000387e-01 2.794499999999999886e+02
1.487363363475769997e+09 8.054000000000000048e-01 2.794499999999999886e+02
1.487363363575498104e+09 8.054999999999999938e-01 2.794499999999999886e+02
1.487363363675271988e+09 8.058999999999999497e-01 2.794499999999999886e+02
1.487363363775012970e+09 8.060000000000000497e-01 2.794499999999999886e+02
1.487363363891385078e+09 8.060000000000000497e-01 2.794499999999999886e+02
1.487363363991221905e+09 8.054999999999999938e-01 2.794499999999999886e+02
1.487363364090533018e+09 8.060000000000000497e-01 2.794499999999999886e+02
1.487363364190613031e+09 8.061000000000000387e-01 2.794499999999999886e+02
1.487363364289618015e+09 8.054000000000000048e-01 2.794499999999999886e+02
1.487363364389535904e+09 8.060000000000000497e-01 2.794499999999999886e+02
1.487363364488854885e+09 8.062000000000000277e-01 2.794499999999999886e+02
1.487363364588500977e+09 8.063000000000000167e-01 2.794499999999999886e+02
1.487363364702610970e+09 8.060000000000000497e-01 2.794499999999999886e+02
1.487363364801506996e+09 8.060000000000000497e-01 2.794499999999999886e+02
1.487363364901468992e+09 8.062000000000000277e-01 2.794499999999999886e+02
1.487363364996664047e+09 8.064999999999999947e-01 2.794499999999999886e+02
1.487363365100491047e+09 8.064000000000000057e-01 2.794499999999999886e+02
1.487363365200593948e+09 8.071000000000000396e-01 2.794499999999999886e+02
1.487363365299470901e+09 8.063000000000000167e-01 2.794499999999999886e+02
1.487363365399353981e+09 8.057999999999999607e-01 2.794499999999999886e+02
1.487363365513124943e+09 8.055999999999999828e-01 2.794499999999999886e+02
1.487363365612432003e+09 8.055999999999999828e-01 2.794499999999999886e+02
1.487363365712373972e+09 8.056999999999999718e-01 2.794399999999999977e+02
1.487363365812473059e+09 8.057999999999999607e-01 2.794499999999999886e+02
1.487363365911329985e+09 8.054999999999999938e-01 2.794499999999999886e+02
1.487363366011065006e+09 8.066999999999999726e-01 2.794499999999999886e+02
1.487363366108738899e+09 8.057999999999999607e-01 2.794399999999999977e+02
1.487363366210391998e+09 8.061000000000000387e-01 2.794499999999999886e+02
1.487363366324373960e+09 8.066999999999999726e-01 2.794499999999999886e+02
1.487363366418721914e+09 8.062000000000000277e-01 2.794399999999999977e+02
1.487363366522835016e+09 8.058999999999999497e-01 2.794399999999999977e+02
1.487363366618376970e+09 8.055999999999999828e-01 2.794399999999999977e+02
1.487363366718025923e+09 8.063000000000000167e-01 2.794399999999999977e+02
1.487363366817795992e+09 8.064999999999999947e-01 2.794399999999999977e+02
1.487363366917450905e+09 8.055999999999999828e-01 2.794399999999999977e+02
1.487363367017261028e+09 8.054999999999999938e-01 2.794399999999999977e+02
1.487363367133654118e+09 8.056999999999999718e-01 2.794399999999999977e+02
1.487363367233423948e+09 8.056999999999999718e-01 2.794399999999999977e+02
1.487363367333189964e+09 8.052000000000000268e-01 2.794399999999999977e+02
1.487363367432956934e+09 8.054000000000000048e-01 2.794399999999999977e+02
1.487363367532747984e+09 8.061000000000000387e-01 2.794399999999999977e+02
1.487363367628374100e+09 8.051000000000000378e-01 2.794399999999999977e+02
1.487363367729298115e+09 8.056999999999999718e-01 2.794399999999999977e+02
1.487363367829436064e+09 8.061000000000000387e-01 2.794399999999999977e+02
1.487363367945997000e+09 8.054000000000000048e-01 2.794399999999999977e+02
1.487363368045386076e+09 8.054000000000000048e-01 2.794399999999999977e+02
1.487363368140847921e+09 8.058999999999999497e-01 2.794399999999999977e+02
1.487363368245206118e+09 8.062000000000000277e-01 2.794399999999999977e+02
1.487363368344259977e+09 8.053000000000000158e-01 2.794399999999999977e+02
1.487363368444236994e+09 8.061000000000000387e-01 2.794399999999999977e+02
1.487363368540862083e+09 8.056999999999999718e-01 2.794399999999999977e+02
1.487363368643291950e+09 8.055999999999999828e-01 2.794399999999999977e+02
1.487363368757152081e+09 8.050000000000000488e-01 2.794399999999999977e+02
1.487363368856220007e+09 8.056999999999999718e-01 2.794399999999999977e+02
1.487363368956006050e+09 8.060000000000000497e-01 2.794399999999999977e+02
1.487363369051263094e+09 8.061000000000000387e-01 2.794399999999999977e+02
1.487363369152925014e+09 8.053000000000000158e-01 2.794399999999999977e+02
1.487363369252414942e+09 8.048999999999999488e-01 2.794300000000000068e+02
1.487363369354099035e+09 8.056999999999999718e-01 2.794300000000000068e+02
1.487363369449412107e+09 8.056999999999999718e-01 2.794399999999999977e+02
1.487363369550276041e+09 8.063000000000000167e-01 2.794399999999999977e+02
1.487363369665687084e+09 8.054999999999999938e-01 2.794300000000000068e+02
1.487363369765933990e+09 8.058999999999999497e-01 2.794300000000000068e+02
1.487363369865905046e+09 8.063000000000000167e-01 2.794300000000000068e+02
1.487363369961352110e+09 8.064000000000000057e-01 2.794300000000000068e+02
1.487363370062472105e+09 8.055999999999999828e-01 2.794300000000000068e+02
1.487363370161020994e+09 8.066999999999999726e-01 2.794300000000000068e+02
1.487363370264158010e+09 8.064000000000000057e-01 2.794300000000000068e+02
1.487363370364886999e+09 8.057999999999999607e-01 2.794300000000000068e+02
1.487363370475752115e+09 8.054999999999999938e-01 2.794300000000000068e+02
1.487363370574429035e+09 8.058999999999999497e-01 2.794300000000000068e+02
1.487363370675257921e+09 8.054999999999999938e-01 2.794300000000000068e+02
1.487363370771739960e+09 8.063000000000000167e-01 2.794300000000000068e+02
1.487363370874641895e+09 8.061000000000000387e-01 2.794300000000000068e+02
1.487363370974594116e+09 8.055999999999999828e-01 2.794300000000000068e+02
1.487363371074253082e+09 8.057999999999999607e-01 2.794300000000000068e+02
1.487363371174026966e+09 8.054000000000000048e-01 2.794300000000000068e+02
1.487363371289869070e+09 8.055999999999999828e-01 2.794300000000000068e+02
1.487363371386482000e+09 8.055999999999999828e-01 2.794300000000000068e+02
1.487363371488835096e+09 8.054000000000000048e-01 2.794300000000000068e+02
1.487363371583318949e+09 8.061000000000000387e-01 2.794300000000000068e+02
1.487363371687813997e+09 8.056999999999999718e-01 2.794300000000000068e+02
1.487363371783195019e+09 8.064000000000000057e-01 2.794300000000000068e+02
1.487363371886815071e+09 8.060000000000000497e-01 2.794300000000000068e+02
1.487363371986824036e+09 8.055999999999999828e-01 2.794300000000000068e+02
1.487363372100774050e+09 8.053000000000000158e-01 2.794300000000000068e+02
1.487363372197797060e+09 8.051000000000000378e-01 2.794300000000000068e+02
1.487363372299806118e+09 8.060000000000000497e-01 2.794300000000000068e+02
1.487363372399899960e+09 8.057999999999999607e-01 2.794300000000000068e+02
1.487363372498806000e+09 8.056999999999999718e-01 2.794300000000000068e+02
1.487363372593868971e+09 8.057999999999999607e-01 2.794300000000000068e+02
1.487363372693613052e+09 8.055999999999999828e-01 2.794300000000000068e+02
1.487363372797862053e+09 8.058999999999999497e-01 2.794300000000000068e+02
1.487363372911860943e+09 8.056999999999999718e-01 2.794300000000000068e+02
1.487363373009397030e+09 8.060000000000000497e-01 2.794300000000000068e+02
1.487363373107949018e+09 8.064000000000000057e-01 2.794200000000000159e+02
1.487363373207077026e+09 8.055999999999999828e-01 2.794200000000000159e+02
1.487363373309750080e+09 8.054999999999999938e-01 2.794200000000000159e+02
1.487363373407429934e+09 8.057999999999999607e-01 2.794200000000000159e+02
1.487363373508519888e+09 8.062000000000000277e-01 2.794200000000000159e+02
1.487363373608814955e+09 8.050000000000000488e-01 2.794200000000000159e+02
1.487363373722160101e+09 8.061000000000000387e-01 2.794200000000000159e+02
1.487363373817717075e+09 8.050000000000000488e-01 2.794200000000000159e+02
1.487363373917423964e+09 8.066999999999999726e-01 2.794200000000000159e+02
1.487363374017136097e+09 8.056999999999999718e-01 2.794200000000000159e+02
1.487363374117029905e+09 8.053000000000000158e-01 2.794200000000000159e+02
1.487363374216778040e+09 8.058999999999999497e-01 2.794200000000000159e+02
1.487363374316575050e+09 8.051000000000000378e-01 2.794200000000000159e+02
1.487363374416213989e+09 8.061000000000000387e-01 2.794200000000000159e+02
1.487363374532723904e+09 8.056999999999999718e-01 2.794200000000000159e+02
1.487363374631597042e+09 8.053000000000000158e-01 2.794200000000000159e+02
1.487363374732388020e+09 8.058999999999999497e-01 2.794200000000000159e+02
1.487363374829616070e+09 8.063000000000000167e-01 2.794200000000000159e+02
1.487363374931657076e+09 8.058999999999999497e-01 2.794200000000000159e+02
1.487363375031505108e+09 8.060000000000000497e-01 2.794200000000000159e+02
1.487363375131254911e+09 8.055999999999999828e-01 2.794200000000000159e+02
1.487363375230546951e+09 8.057999999999999607e-01 2.794200000000000159e+02
1.487363375330535889e+09 8.058999999999999497e-01 2.794200000000000159e+02
1.487363375443344116e+09 8.047999999999999599e-01 2.794200000000000159e+02
1.487363375543595076e+09 8.053000000000000158e-01 2.794200000000000159e+02
1.487363375642985106e+09 8.064000000000000057e-01 2.794200000000000159e+02
1.487363375742567062e+09 8.060000000000000497e-01 2.794200000000000159e+02
1.487363375842637062e+09 8.056999999999999718e-01 2.794200000000000159e+02
1.487363375942363977e+09 8.062000000000000277e-01 2.794200000000000159e+02
1.487363376040873051e+09 8.057999999999999607e-01 2.794200000000000159e+02
1.487363376152836084e+09 8.052000000000000268e-01 2.794200000000000159e+02
1.487363376255562067e+09 8.061000000000000387e-01 2.794200000000000159e+02
1.487363376354449034e+09 8.054999999999999938e-01 2.794200000000000159e+02
1.487363376449240923e+09 8.052000000000000268e-01 2.794200000000000159e+02
1.487363376553556919e+09 8.062000000000000277e-01 2.794200000000000159e+02
1.487363376653429031e+09 8.057999999999999607e-01 2.794200000000000159e+02
1.487363376753382921e+09 8.057999999999999607e-01 2.794200000000000159e+02
1.487363376852545023e+09 8.060000000000000497e-01 2.794100000000000250e+02
1.487363376947690964e+09 8.058999999999999497e-01 2.794200000000000159e+02
1.487363377066437960e+09 8.054000000000000048e-01 2.794200000000000159e+02
1.487363377165014029e+09 8.054000000000000048e-01 2.794100000000000250e+02
1.487363377264055967e+09 8.055999999999999828e-01 2.794100000000000250e+02
1.487363377364345074e+09 8.057999999999999607e-01 2.794100000000000250e+02
1.487363377464427948e+09 8.055999999999999828e-01 2.794100000000000250e+02
1.487363377564389944e+09 8.057999999999999607e-01 2.794200000000000159e+02
1.487363377658566952e+09 8.064000000000000057e-01 2.794200000000000159e+02
1.487363377758336067e+09 8.060000000000000497e-01 2.794100000000000250e+02
1.487363377857984066e+09 8.054000000000000048e-01 2.794100000000000250e+02
1.487363377974529028e+09 8.056999999999999718e-01 2.794100000000000250e+02
1.487363378074249983e+09 8.062000000000000277e-01 2.794100000000000250e+02
1.487363378174021006e+09 8.065999999999999837e-01 2.794100000000000250e+02
1.487363378273780107e+09 8.054999999999999938e-01 2.794100000000000250e+02
1.487363378373560905e+09 8.054999999999999938e-01 2.794100000000000250e+02
1.487363378473349094e+09 8.054999999999999938e-01 2.794100000000000250e+02
1.487363378573131084e+09 8.063000000000000167e-01 2.794100000000000250e+02
1.487363378672837019e+09 8.063000000000000167e-01 2.794100000000000250e+02
1.487363378787210941e+09 8.057999999999999607e-01 2.794100000000000250e+02
1.487363378887324095e+09 8.061000000000000387e-01 2.794100000000000250e+02
1.487363378986349106e+09 8.056999999999999718e-01 2.794100000000000250e+02
1.487363379081671953e+09 8.061000000000000387e-01 2.794100000000000250e+02
1.487363379186136961e+09 8.060000000000000497e-01 2.794100000000000250e+02
1.487363379285144091e+09 8.054999999999999938e-01 2.794100000000000250e+02
1.487363379385308981e+09 8.064000000000000057e-01 2.794100000000000250e+02
1.487363379484173059e+09 8.055999999999999828e-01 2.794100000000000250e+02
1.487363379598309994e+09 8.057999999999999607e-01 2.794100000000000250e+02
1.487363379698091030e+09 8.061000000000000387e-01 2.794100000000000250e+02
1.487363379797219038e+09 8.052000000000000268e-01 2.794100000000000250e+02
1.487363379897042990e+09 8.057999999999999607e-01 2.794100000000000250e+02
1.487363379997235060e+09 8.050000000000000488e-01 2.794100000000000250e+02
1.487363380096122026e+09 8.054000000000000048e-01 2.794100000000000250e+02
1.487363380196052074e+09 8.046999999999999709e-01 2.794100000000000250e+02
1.487363380295082092e+09 8.055999999999999828e-01 2.794100000000000250e+02
1.487363380409123898e+09 8.062000000000000277e-01 2.794100000000000250e+02
1.487363380508846045e+09 8.047999999999999599e-01 2.794100000000000250e+02
1.487363380609002113e+09 8.057999999999999607e-01 2.794100000000000250e+02
1.487363380708029985e+09 8.054999999999999938e-01 2.794100000000000250e+02
1.487363380805028915e+09 8.061000000000000387e-01 2.794100000000000250e+02
1.487363380907035112e+09 8.057999999999999607e-01 2.794100000000000250e+02
1.487363381006850004e+09 8.061000000000000387e-01 2.794100000000000250e+02
1.487363381116971016e+09 8.054000000000000048e-01 2.794100000000000250e+02
1.487363381216732979e+09 8.050000000000000488e-01 2.794100000000000250e+02
1.487363381316488981e+09 8.054999999999999938e-01 2.794100000000000250e+02
1.487363381416155100e+09 8.056999999999999718e-01 2.794100000000000250e+02
1.487363381516021967e+09 8.056999999999999718e-01 2.794100000000000250e+02
1.487363381615803003e+09 8.054999999999999938e-01 2.794100000000000250e+02
1.487363381715550900e+09 8.050000000000000488e-01 2.794100000000000250e+02
1.487363381815211058e+09 8.052000000000000268e-01 2.794100000000000250e+02
1.487363381913063049e+09 8.060000000000000497e-01 2.794100000000000250e+02
1.487363382031127930e+09 8.056999999999999718e-01 2.794100000000000250e+02
1.487363382129075050e+09 8.052000000000000268e-01 2.794100000000000250e+02
1.487363382230753899e+09 8.058999999999999497e-01 2.794100000000000250e+02
1.487363382330040932e+09 8.064000000000000057e-01 2.794100000000000250e+02
1.487363382430093050e+09 8.056999999999999718e-01 2.794100000000000250e+02
1.487363382528992891e+09 8.054000000000000048e-01 2.794100000000000250e+02
1.487363382628865004e+09 8.054000000000000048e-01 2.794100000000000250e+02
