1.487363190938071012e+09 1.423999999999999988e-01 2.793500000000000227e+02
1.487363191051698923e+09 1.423000000000000098e-01 2.793500000000000227e+02
1.487363191150136948e+09 1.421999999999999931e-01 2.793500000000000227e+02
1.487363191254723072e+09 1.423000000000000098e-01 2.793500000000000227e+02
1.487363191353055954e+09 1.423000000000000098e-01 2.793500000000000227e+02
1.487363191451404095e+09 1.421999999999999931e-01 2.793500000000000227e+02
1.487363191552557945e+09 1.421999999999999931e-01 2.793500000000000227e+02
1.487363191668718100e+09 1.423000000000000098e-01 2.793500000000000227e+02
1.487363191767533064e+09 1.423000000000000098e-01 2.793600000000000136e+02
1.487363191862864017e+09 1.423000000000000098e-01 2.793600000000000136e+02
1.487363191966690063e+09 1.423000000000000098e-01 2.793500000000000227e+02
1.487363192066735029e+09 1.423999999999999988e-01 2.793500000000000227e+02
1.487363192166513920e+09 1.423000000000000098e-01 2.793500000000000227e+02
1.487363192265511990e+09 1.423999999999999988e-01 2.793500000000000227e+02
1.487363192365741014e+09 1.421999999999999931e-01 2.793500000000000227e+02
1.487363192479307890e+09 1.423000000000000098e-01 2.793500000000000227e+02
1.487363192578576088e+09 1.421999999999999931e-01 2.793500000000000227e+02
1.487363192678632975e+09 1.423000000000000098e-01 2.793600000000000136e+02
1.487363192778522968e+09 1.421999999999999931e-01 2.793500000000000227e+02
1.487363192877552032e+09 1.421999999999999931e-01 2.793500000000000227e+02
1.487363192976627111e+09 1.421999999999999931e-01 2.793500000000000227e+02
1.487363193074429989e+09 1.423000000000000098e-01 2.793500000000000227e+02
1.487363193176404953e+09 1.421999999999999931e-01 2.793500000000000227e+02
1.487363193276393890e+09 1.423000000000000098e-01 2.793500000000000227e+02
1.487363193387478113e+09 1.423000000000000098e-01 2.793500000000000227e+02
1.487363193489418983e+09 1.423000000000000098e-01 2.793500000000000227e+02
1.487363193589293957e+09 1.423999999999999988e-01 2.793500000000000227e+02
1.487363193687760115e+09 1.423000000000000098e-01 2.793600000000000136e+02
1.487363193783359051e+09 1.421999999999999931e-01 2.793600000000000136e+02
1.487363193882369041e+09 1.423999999999999988e-01 2.793600000000000136e+02
1.487363193987468958e+09 1.423000000000000098e-01 2.793600000000000136e+02
1.487363194084064960e+09 1.423999999999999988e-01 2.793600000000000136e+02
1.487363194200943947e+09 1.421999999999999931e-01 2.793600000000000136e+02
1.487363194296051025e+09 1.421999999999999931e-01 2.793600000000000136e+02
1.487363194398781061e+09 1.421999999999999931e-01 2.793600000000000136e+02
1.487363194494836092e+09 1.423000000000000098e-01 2.793600000000000136e+02
1.487363194597882032e+09 1.421999999999999931e-01 2.793600000000000136e+02
1.487363194694606066e+09 1.423000000000000098e-01 2.793600000000000136e+02
1.487363194794466019e+09 1.421999999999999931e-01 2.793600000000000136e+02
1.487363194894573927e+09 1.423000000000000098e-01 2.793600000000000136e+02
1.487363194994342089e+09 1.421999999999999931e-01 2.793600000000000136e+02
1.487363195110728979e+09 1.421999999999999931e-01 2.793600000000000136e+02
1.487363195210496902e+09 1.423000000000000098e-01 2.793600000000000136e+02
1.487363195310261011e+09 1.421999999999999931e-01 2.793600000000000136e+02
1.487363195410031080e+09 1.421999999999999931e-01 2.793600000000000136e+02
1.487363195509825945e+09 1.421999999999999931e-01 2.793600000000000136e+02
1.487363195604269981e+09 1.423000000000000098e-01 2.793600000000000136e+02
1.487363195709212065e+09 1.423999999999999988e-01 2.793600000000000136e+02
1.487363195806991100e+09 1.421999999999999931e-01 2.793600000000000136e+02
1.487363195908381939e+09 1.423000000000000098e-01 2.793600000000000136e+02
1.487363196017450094e+09 1.423999999999999988e-01 2.793600000000000136e+02
1.487363196121391058e+09 1.423000000000000098e-01 2.793600000000000136e+02
1.487363196221337080e+09 1.423999999999999988e-01 2.793600000000000136e+02
1.487363196320220947e+09 1.423999999999999988e-01 2.793600000000000136e+02
1.487363196415992975e+09 1.423999999999999988e-01 2.793600000000000136e+02
1.487363196520144939e+09 1.423000000000000098e-01 2.793600000000000136e+02
1.487363196615705013e+09 1.423000000000000098e-01 2.793600000000000136e+02
1.487363196719080925e+09 1.423000000000000098e-01 2.793600000000000136e+02
1.487363196829298019e+09 1.423000000000000098e-01 2.793600000000000136e+02
1.487363196932238102e+09 1.423000000000000098e-01 2.793600000000000136e+02
1.487363197032325983e+09 1.423000000000000098e-01 2.793600000000000136e+02
1.487363197126324892e+09 1.423000000000000098e-01 2.793600000000000136e+02
1.487363197231147051e+09 1.421999999999999931e-01 2.793600000000000136e+02
1.487363197326122999e+09 1.421999999999999931e-01 2.793600000000000136e+02
1.487363197428481102e+09 1.423000000000000098e-01 2.793600000000000136e+02
1.487363197530399084e+09 1.423000000000000098e-01 2.793600000000000136e+02
1.487363197644160032e+09 1.423000000000000098e-01 2.793600000000000136e+02
1.487363197743071079e+09 1.421000000000000041e-01 2.793600000000000136e+02
1.487363197838157892e+09 1.423999999999999988e-01 2.793600000000000136e+02
1.487363197940223932e+09 1.423999999999999988e-01 2.793600000000000136e+02
1.487363198042220116e+09 1.423999999999999988e-01 2.793600000000000136e+02
1.487363198141984940e+09 1.421999999999999931e-01 2.793600000000000136e+02
1.487363198236640930e+09 1.421999999999999931e-01 2.793600000000000136e+02
1.487363198336404085e+09 1.421999999999999931e-01 2.793600000000000136e+02
1.487363198436122894e+09 1.423999999999999988e-01 2.793600000000000136e+02
1.487363198549144983e+09 1.423000000000000098e-01 2.793600000000000136e+02
1.487363198651468039e+09 1.423000000000000098e-01 2.793600000000000136e+02
1.487363198752062082e+09 1.421999999999999931e-01 2.793600000000000136e+02
1.487363198850359917e+09 1.423000000000000098e-01 2.793700000000000045e+02
1.487363198951579094e+09 1.421999999999999931e-01 2.793600000000000136e+02
1.487363199051336050e+09 1.421999999999999931e-01 2.793600000000000136e+02
1.487363199151117086e+09 1.423000000000000098e-01 2.793600000000000136e+02
1.487363199246905088e+09 1.423000000000000098e-01 2.793600000000000136e+02
1.487363199365062952e+09 1.421999999999999931e-01 2.793600000000000136e+02
1.487363199461947918e+09 1.421999999999999931e-01 2.793600000000000136e+02
1.487363199560003996e+09 1.423000000000000098e-01 2.793600000000000136e+02
1.487363199660938978e+09 1.423000000000000098e-01 2.793600000000000136e+02
1.487363199761779070e+09 1.421000000000000041e-01 2.793600000000000136e+02
1.487363199863234043e+09 1.421999999999999931e-01 2.793600000000000136e+02
1.487363199959759951e+09 1.421000000000000041e-01 2.793600000000000136e+02
1.487363200062963963e+09 1.423999999999999988e-01 2.793600000000000136e+02
1.487363200177015066e+09 1.423000000000000098e-01 2.793600000000000136e+02
1.487363200276051998e+09 1.421999999999999931e-01 2.793600000000000136e+02
1.487363200375761986e+09 1.423000000000000098e-01 2.793600000000000136e+02
1.487363200469866991e+09 1.423000000000000098e-01 2.793600000000000136e+02
1.487363200571675062e+09 1.423000000000000098e-01 2.793700000000000045e+02
1.487363200673111916e+09 1.423000000000000098e-01 2.793600000000000136e+02
1.487363200769176006e+09 1.423000000000000098e-01 2.793600000000000136e+02
1.487363200868463039e+09 1.423999999999999988e-01 2.793600000000000136e+02
1.487363200987185955e+09 1.423000000000000098e-01 2.793600000000000136e+02
1.487363201086910963e+09 1.423999999999999988e-01 2.793700000000000045e+02
1.487363201182157993e+09 1.423000000000000098e-01 2.793700000000000045e+02
1.487363201285228968e+09 1.423000000000000098e-01 2.793700000000000045e+02
1.487363201383038044e+09 1.423999999999999988e-01 2.793600000000000136e+02
1.487363201482584000e+09 1.423000000000000098e-01 2.793600000000000136e+02
1.487363201580476999e+09 1.421000000000000041e-01 2.793700000000000045e+02
1.487363201683141947e+09 1.423000000000000098e-01 2.793700000000000045e+02
1.487363201796281099e+09 1.423000000000000098e-01 2.793700000000000045e+02
1.487363201894572020e+09 1.421999999999999931e-01 2.793700000000000045e+02
1.487363201994327068e+09 1.423000000000000098e-01 2.793700000000000045e+02
1.487363202094094038e+09 1.423000000000000098e-01 2.793700000000000045e+02
1.487363202193862915e+09 1.423999999999999988e-01 2.793700000000000045e+02
1.487363202293567896e+09 1.423000000000000098e-01 2.793700000000000045e+02
1.487363202395582914e+09 1.423000000000000098e-01 2.793700000000000045e+02
1.487363202492996931e+09 1.423000000000000098e-01 2.793700000000000045e+02
1.487363202609496117e+09 1.423000000000000098e-01 2.793700000000000045e+02
1.487363202708650112e+09 1.423000000000000098e-01 2.793700000000000045e+02
1.487363202808813095e+09 1.424999999999999878e-01 2.793700000000000045e+02
1.487363202906127930e+09 1.423000000000000098e-01 2.793700000000000045e+02
1.487363203003186941e+09 1.423999999999999988e-01 2.793700000000000045e+02
1.487363203107604027e+09 1.423000000000000098e-01 2.793700000000000045e+02
1.487363203203938961e+09 1.423000000000000098e-01 2.793700000000000045e+02
1.487363203306612015e+09 1.423999999999999988e-01 2.793700000000000045e+02
1.487363203418026924e+09 1.423000000000000098e-01 2.793700000000000045e+02
1.487363203519525051e+09 1.424999999999999878e-01 2.793700000000000045e+02
1.487363203619735956e+09 1.421999999999999931e-01 2.793700000000000045e+02
1.487363203718580961e+09 1.421999999999999931e-01 2.793700000000000045e+02
1.487363203818564892e+09 1.421999999999999931e-01 2.793700000000000045e+02
1.487363203918036938e+09 1.423000000000000098e-01 2.793700000000000045e+02
1.487363204017549038e+09 1.423000000000000098e-01 2.793700000000000045e+02
1.487363204113358974e+09 1.423999999999999988e-01 2.793700000000000045e+02
1.487363204231580973e+09 1.423999999999999988e-01 2.793700000000000045e+02
1.487363204330573082e+09 1.423999999999999988e-01 2.793700000000000045e+02
1.487363204430566072e+09 1.423000000000000098e-01 2.793700000000000045e+02
1.487363204529397964e+09 1.421999999999999931e-01 2.793700000000000045e+02
1.487363204629391909e+09 1.423000000000000098e-01 2.793700000000000045e+02
1.487363204725033045e+09 1.421999999999999931e-01 2.793700000000000045e+02
1.487363204828555107e+09 1.423999999999999988e-01 2.793700000000000045e+02
1.487363204928489923e+09 1.423999999999999988e-01 2.793700000000000045e+02
1.487363205028413057e+09 1.423000000000000098e-01 2.793700000000000045e+02
1.487363205136703014e+09 1.423000000000000098e-01 2.793700000000000045e+02
1.487363205236576080e+09 1.423000000000000098e-01 2.793700000000000045e+02
1.487363205335310936e+09 1.423000000000000098e-01 2.793700000000000045e+02
1.487363205436109066e+09 1.423000000000000098e-01 2.793700000000000045e+02
1.487363205535867929e+09 1.423000000000000098e-01 2.793700000000000045e+02
1.487363205635627031e+09 1.423000000000000098e-01 2.793700000000000045e+02
1.487363205735491991e+09 1.423000000000000098e-01 2.793700000000000045e+02
1.487363205851795912e+09 1.423000000000000098e-01 2.793799999999999955e+02
1.487363205951512098e+09 1.423000000000000098e-01 2.793700000000000045e+02
1.487363206051328897e+09 1.423000000000000098e-01 2.793700000000000045e+02
1.487363206147600889e+09 1.423000000000000098e-01 2.793799999999999955e+02
1.487363206250864029e+09 1.423000000000000098e-01 2.793799999999999955e+02
1.487363206350562096e+09 1.421999999999999931e-01 2.793799999999999955e+02
1.487363206446367979e+09 1.423000000000000098e-01 2.793799999999999955e+02
1.487363206550088882e+09 1.423999999999999988e-01 2.793799999999999955e+02
1.487363206649854898e+09 1.423999999999999988e-01 2.793799999999999955e+02
1.487363206763453960e+09 1.423999999999999988e-01 2.793799999999999955e+02
1.487363206863348007e+09 1.423000000000000098e-01 2.793799999999999955e+02
1.487363206961724997e+09 1.423999999999999988e-01 2.793799999999999955e+02
1.487363207062308073e+09 1.421999999999999931e-01 2.793799999999999955e+02
1.487363207161771059e+09 1.423000000000000098e-01 2.793799999999999955e+02
1.487363207258946896e+09 1.423999999999999988e-01 2.793799999999999955e+02
1.487363207361320019e+09 1.423000000000000098e-01 2.793799999999999955e+02
1.487363207461410046e+09 1.423000000000000098e-01 2.793799999999999955e+02
1.487363207557627916e+09 1.423000000000000098e-01 2.793799999999999955e+02
1.487363207674128056e+09 1.423999999999999988e-01 2.793799999999999955e+02
1.487363207769817114e+09 1.421999999999999931e-01 2.793799999999999955e+02
1.487363207869014025e+09 1.423000000000000098e-01 2.793799999999999955e+02
1.487363207973272085e+09 1.423000000000000098e-01 2.793799999999999955e+02
1.487363208072367907e+09 1.423000000000000098e-01 2.793799999999999955e+02
1.487363208169312954e+09 1.421999999999999931e-01 2.793799999999999955e+02
1.487363208267932892e+09 1.423999999999999988e-01 2.793799999999999955e+02
1.487363208371139050e+09 1.421999999999999931e-01 2.793799999999999955e+02
1.487363208484143972e+09 1.421999999999999931e-01 2.793799999999999955e+02
1.487363208585190058e+09 1.423999999999999988e-01 2.793799999999999955e+02
1.487363208684010029e+09 1.423999999999999988e-01 2.793799999999999955e+02
1.487363208784091949e+09 1.423999999999999988e-01 2.793799999999999955e+02
1.487363208883095026e+09 1.423000000000000098e-01 2.793799999999999955e+02
1.487363208983114004e+09 1.421999999999999931e-01 2.793799999999999955e+02
1.487363209078290939e+09 1.423000000000000098e-01 2.793799999999999955e+02
1.487363209177150965e+09 1.423999999999999988e-01 2.793799999999999955e+02
1.487363209293601036e+09 1.423999999999999988e-01 2.793799999999999955e+02
1.487363209393336058e+09 1.423999999999999988e-01 2.793799999999999955e+02
1.487363209493093014e+09 1.424999999999999878e-01 2.793799999999999955e+02
1.487363209592866898e+09 1.423999999999999988e-01 2.793799999999999955e+02
1.487363209692629099e+09 1.423000000000000098e-01 2.793799999999999955e+02
1.487363209792368889e+09 1.423000000000000098e-01 2.793799999999999955e+02
1.487363209889353037e+09 1.421999999999999931e-01 2.793799999999999955e+02
1.487363209991925001e+09 1.421999999999999931e-01 2.793799999999999955e+02
1.487363210107050896e+09 1.421999999999999931e-01 2.793899999999999864e+02
1.487363210205786943e+09 1.423000000000000098e-01 2.793899999999999864e+02
1.487363210306016922e+09 1.423000000000000098e-01 2.793899999999999864e+02
1.487363210405888081e+09 1.423999999999999988e-01 2.793899999999999864e+02
1.487363210506056070e+09 1.423000000000000098e-01 2.793899999999999864e+02
1.487363210605051994e+09 1.423000000000000098e-01 2.793899999999999864e+02
1.487363210704771042e+09 1.421999999999999931e-01 2.793899999999999864e+02
1.487363210803940058e+09 1.423000000000000098e-01 2.793899999999999864e+02
1.487363210917881966e+09 1.423000000000000098e-01 2.793899999999999864e+02
1.487363211017942905e+09 1.423000000000000098e-01 2.793899999999999864e+02
1.487363211113111973e+09 1.423000000000000098e-01 2.793899999999999864e+02
1.487363211216778994e+09 1.423999999999999988e-01 2.793899999999999864e+02
1.487363211316194057e+09 1.423000000000000098e-01 2.793899999999999864e+02
1.487363211415904999e+09 1.423999999999999988e-01 2.793899999999999864e+02
1.487363211516052008e+09 1.423999999999999988e-01 2.793899999999999864e+02
1.487363211614897013e+09 1.423999999999999988e-01 2.793899999999999864e+02
1.487363211727768898e+09 1.421999999999999931e-01 2.793899999999999864e+02
1.487363211828910112e+09 1.423000000000000098e-01 2.793899999999999864e+02
1.487363211928952932e+09 1.421999999999999931e-01 2.793899999999999864e+02
1.487363212027714014e+09 1.423999999999999988e-01 2.793899999999999864e+02
1.487363212127850056e+09 1.423000000000000098e-01 2.793899999999999864e+02
1.487363212226857901e+09 1.423000000000000098e-01 2.793899999999999864e+02
1.487363212326860905e+09 1.423000000000000098e-01 2.793899999999999864e+02
1.487363212425770044e+09 1.423999999999999988e-01 2.793899999999999864e+02
1.487363212535809994e+09 1.421999999999999931e-01 2.793899999999999864e+02
1.487363212635571957e+09 1.421000000000000041e-01 2.793899999999999864e+02
1.487363212735346079e+09 1.421999999999999931e-01 2.793899999999999864e+02
1.487363212834909916e+09 1.423000000000000098e-01 2.793899999999999864e+02
1.487363212934899092e+09 1.423000000000000098e-01 2.793899999999999864e+02
1.487363213034635067e+09 1.421999999999999931e-01 2.793899999999999864e+02
1.487363213134392977e+09 1.423000000000000098e-01 2.793899999999999864e+02
1.487363213234170914e+09 1.423000000000000098e-01 2.793899999999999864e+02
1.487363213333940983e+09 1.423000000000000098e-01 2.793899999999999864e+02
1.487363213450408936e+09 1.423999999999999988e-01 2.793899999999999864e+02
1.487363213549638987e+09 1.423000000000000098e-01 2.793999999999999773e+02
1.487363213649564981e+09 1.421999999999999931e-01 2.793999999999999773e+02
1.487363213749619961e+09 1.423000000000000098e-01 2.793899999999999864e+02
1.487363213848788023e+09 1.423000000000000098e-01 2.793899999999999864e+02
1.487363213948529959e+09 1.423999999999999988e-01 2.793899999999999864e+02
1.487363214048852921e+09 1.423000000000000098e-01 2.793899999999999864e+02
1.487363214147783995e+09 1.423000000000000098e-01 2.793999999999999773e+02
1.487363214261697054e+09 1.423000000000000098e-01 2.793999999999999773e+02
1.487363214360579967e+09 1.423000000000000098e-01 2.793999999999999773e+02
1.487363214460580111e+09 1.423000000000000098e-01 2.793999999999999773e+02
1.487363214559909105e+09 1.423000000000000098e-01 2.793999999999999773e+02
1.487363214659580946e+09 1.423000000000000098e-01 2.793999999999999773e+02
1.487363214759545088e+09 1.423000000000000098e-01 2.793999999999999773e+02
1.487363214858690023e+09 1.421999999999999931e-01 2.793999999999999773e+02
1.487363214953767061e+09 1.421999999999999931e-01 2.793999999999999773e+02
1.487363215058679104e+09 1.421999999999999931e-01 2.793999999999999773e+02
1.487363215157557964e+09 1.423999999999999988e-01 2.793999999999999773e+02
1.487363215267086029e+09 1.423000000000000098e-01 2.793999999999999773e+02
1.487363215371587992e+09 1.423000000000000098e-01 2.793999999999999773e+02
1.487363215465488911e+09 1.423000000000000098e-01 2.793999999999999773e+02
1.487363215565393925e+09 1.423999999999999988e-01 2.793999999999999773e+02
1.487363215670497894e+09 1.424999999999999878e-01 2.793999999999999773e+02
1.487363215767018080e+09 1.423999999999999988e-01 2.793999999999999773e+02
1.487363215869441986e+09 1.423000000000000098e-01 2.793999999999999773e+02
1.487363215965702057e+09 1.421999999999999931e-01 2.793999999999999773e+02
1.487363216068500996e+09 1.423999999999999988e-01 2.793999999999999773e+02
1.487363216182471037e+09 1.423000000000000098e-01 2.793999999999999773e+02
1.487363216276931047e+09 1.423000000000000098e-01 2.793999999999999773e+02
1.487363216376526117e+09 1.423999999999999988e-01 2.793999999999999773e+02
1.487363216475706100e+09 1.423999999999999988e-01 2.793999999999999773e+02
1.487363216576066971e+09 1.423999999999999988e-01 2.793999999999999773e+02
1.487363216680453062e+09 1.423999999999999988e-01 2.793999999999999773e+02
1.487363216775682926e+09 1.421999999999999931e-01 2.794100000000000250e+02
1.487363216875469923e+09 1.423000000000000098e-01 2.793999999999999773e+02
1.487363216991853952e+09 1.423000000000000098e-01 2.794100000000000250e+02
1.487363217091666937e+09 1.423000000000000098e-01 2.794100000000000250e+02
1.487363217191432953e+09 1.421999999999999931e-01 2.794100000000000250e+02
1.487363217291181087e+09 1.421999999999999931e-01 2.794100000000000250e+02
1.487363217386924028e+09 1.423999999999999988e-01 2.794100000000000250e+02
1.487363217490689993e+09 1.423000000000000098e-01 2.794100000000000250e+02
1.487363217590403080e+09 1.423000000000000098e-01 2.794100000000000250e+02
1.487363217690216064e+09 1.423999999999999988e-01 2.794100000000000250e+02
1.487363217804363966e+09 1.423000000000000098e-01 2.794100000000000250e+02
1.487363217903655052e+09 1.423999999999999988e-01 2.794100000000000250e+02
1.487363218003547907e+09 1.423000000000000098e-01 2.794100000000000250e+02
1.487363218103444099e+09 1.423999999999999988e-01 2.794100000000000250e+02
1.487363218202433109e+09 1.423999999999999988e-01 2.794100000000000250e+02
1.487363218302356958e+09 1.423999999999999988e-01 2.794100000000000250e+02
1.487363218402264118e+09 1.423999999999999988e-01 2.794100000000000250e+02
1.487363218501176119e+09 1.423999999999999988e-01 2.794100000000000250e+02
1.487363218615398884e+09 1.421000000000000041e-01 2.794100000000000250e+02
1.487363218714293003e+09 1.424999999999999878e-01 2.794100000000000250e+02
1.487363218814245939e+09 1.423000000000000098e-01 2.794100000000000250e+02
1.487363218914203882e+09 1.423999999999999988e-01 2.794100000000000250e+02
1.487363219012993097e+09 1.423999999999999988e-01 2.794100000000000250e+02
1.487363219112953901e+09 1.423999999999999988e-01 2.794100000000000250e+02
1.487363219212466955e+09 1.421999999999999931e-01 2.794100000000000250e+02
1.487363219312144995e+09 1.423999999999999988e-01 2.794100000000000250e+02
1.487363219412188053e+09 1.423000000000000098e-01 2.794100000000000250e+02
1.487363219525187016e+09 1.423000000000000098e-01 2.794100000000000250e+02
1.487363219622098923e+09 1.423999999999999988e-01 2.794100000000000250e+02
1.487363219725158930e+09 1.423000000000000098e-01 2.794200000000000159e+02
1.487363219824201107e+09 1.423999999999999988e-01 2.794200000000000159e+02
1.487363219919517040e+09 1.423999999999999988e-01 2.794200000000000159e+02
1.487363220019344091e+09 1.423000000000000098e-01 2.794200000000000159e+02
1.487363220123292923e+09 1.423000000000000098e-01 2.794200000000000159e+02
1.487363220223308086e+09 1.423999999999999988e-01 2.794200000000000159e+02
1.487363220320986032e+09 1.423999999999999988e-01 2.794200000000000159e+02
1.487363220433773994e+09 1.423999999999999988e-01 2.794200000000000159e+02
1.487363220533397913e+09 1.421999999999999931e-01 2.794200000000000159e+02
1.487363220633171082e+09 1.423000000000000098e-01 2.794200000000000159e+02
1.487363220732937098e+09 1.423000000000000098e-01 2.794200000000000159e+02
1.487363220832685947e+09 1.423000000000000098e-01 2.794200000000000159e+02
1.487363220932450056e+09 1.423000000000000098e-01 2.794200000000000159e+02
1.487363221032224894e+09 1.423999999999999988e-01 2.794200000000000159e+02
1.487363221131995916e+09 1.423999999999999988e-01 2.794200000000000159e+02
1.487363221247109890e+09 1.423999999999999988e-01 2.794200000000000159e+02
1.487363221345369101e+09 1.423999999999999988e-01 2.794200000000000159e+02
1.487363221445853949e+09 1.423999999999999988e-01 2.794200000000000159e+02
1.487363221546005964e+09 1.423000000000000098e-01 2.794200000000000159e+02
1.487363221645205975e+09 1.423000000000000098e-01 2.794200000000000159e+02
1.487363221745202065e+09 1.423999999999999988e-01 2.794300000000000068e+02
1.487363221845129967e+09 1.423000000000000098e-01 2.794300000000000068e+02
1.487363221942187071e+09 1.423999999999999988e-01 2.794300000000000068e+02
1.487363222044069052e+09 1.424999999999999878e-01 2.794300000000000068e+02
1.487363222154721975e+09 1.421999999999999931e-01 2.794300000000000068e+02
1.487363222256952047e+09 1.423000000000000098e-01 2.794300000000000068e+02
1.487363222357072115e+09 1.423999999999999988e-01 2.794300000000000068e+02
1.487363222451484919e+09 1.423999999999999988e-01 2.794300000000000068e+02
1.487363222555913925e+09 1.423000000000000098e-01 2.794300000000000068e+02
1.487363222655750990e+09 1.423999999999999988e-01 2.794300000000000068e+02
1.487363222755940914e+09 1.423000000000000098e-01 2.794300000000000068e+02
1.487363222853687048e+09 1.423000000000000098e-01 2.794300000000000068e+02
1.487363222952018023e+09 1.423999999999999988e-01 2.794300000000000068e+02
1.487363223067745924e+09 1.423999999999999988e-01 2.794300000000000068e+02
1.487363223168045044e+09 1.423000000000000098e-01 2.794300000000000068e+02
1.487363223264493942e+09 1.423999999999999988e-01 2.794300000000000068e+02
1.487363223366983891e+09 1.423999999999999988e-01 2.794300000000000068e+02
1.487363223465291977e+09 1.423000000000000098e-01 2.794300000000000068e+02
1.487363223565761089e+09 1.423999999999999988e-01 2.794300000000000068e+02
1.487363223665744066e+09 1.423000000000000098e-01 2.794300000000000068e+02
1.487363223764592886e+09 1.423999999999999988e-01 2.794300000000000068e+02
1.487363223875463009e+09 1.423000000000000098e-01 2.794300000000000068e+02
1.487363223975267887e+09 1.424999999999999878e-01 2.794300000000000068e+02
1.487363224075000048e+09 1.423000000000000098e-01 2.794300000000000068e+02
1.487363224174779892e+09 1.421999999999999931e-01 2.794399999999999977e+02
1.487363224274525881e+09 1.421999999999999931e-01 2.794399999999999977e+02
1.487363224374406099e+09 1.423000000000000098e-01 2.794300000000000068e+02
1.487363224474009037e+09 1.421999999999999931e-01 2.794300000000000068e+02
1.487363224573764086e+09 1.424999999999999878e-01 2.794300000000000068e+02
1.487363224689838886e+09 1.424999999999999878e-01 2.794300000000000068e+02
1.487363224784759045e+09 1.423999999999999988e-01 2.794300000000000068e+02
1.487363224889683008e+09 1.423999999999999988e-01 2.794399999999999977e+02
1.487363224988740921e+09 1.423999999999999988e-01 2.794399999999999977e+02
1.487363225088650942e+09 1.423000000000000098e-01 2.794399999999999977e+02
1.487363225187690973e+09 1.423999999999999988e-01 2.794399999999999977e+02
1.487363225287570953e+09 1.423000000000000098e-01 2.794399999999999977e+02
1.487363225386693954e+09 1.424999999999999878e-01 2.794399999999999977e+02
1.487363225486108065e+09 1.423999999999999988e-01 2.794399999999999977e+02
1.487363225600673914e+09 1.423000000000000098e-01 2.794399999999999977e+02
1.487363225700690031e+09 1.423999999999999988e-01 2.794399999999999977e+02
1.487363225799657106e+09 1.423000000000000098e-01 2.794399999999999977e+02
1.487363225895997047e+09 1.423000000000000098e-01 2.794399999999999977e+02
1.487363225998368979e+09 1.423999999999999988e-01 2.794399999999999977e+02
1.487363226098598003e+09 1.421999999999999931e-01 2.794399999999999977e+02
1.487363226198802948e+09 1.421999999999999931e-01 2.794399999999999977e+02
1.487363226297616959e+09 1.423000000000000098e-01 2.794399999999999977e+02
1.487363226407958031e+09 1.421999999999999931e-01 2.794399999999999977e+02
1.487363226508104086e+09 1.423000000000000098e-01 2.794399999999999977e+02
1.487363226610598087e+09 1.423000000000000098e-01 2.794399999999999977e+02
1.487363226710623980e+09 1.423000000000000098e-01 2.794399999999999977e+02
1.487363226809545994e+09 1.423000000000000098e-01 2.794399999999999977e+02
1.487363226909501076e+09 1.423999999999999988e-01 2.794399999999999977e+02
1.487363227009377003e+09 1.423999999999999988e-01 2.794399999999999977e+02
1.487363227108668089e+09 1.423999999999999988e-01 2.794399999999999977e+02
1.487363227222640991e+09 1.421999999999999931e-01 2.794399999999999977e+02
1.487363227322479010e+09 1.423999999999999988e-01 2.794499999999999886e+02
1.487363227416960001e+09 1.423000000000000098e-01 2.794499999999999886e+02
1.487363227516661882e+09 1.423000000000000098e-01 2.794499999999999886e+02
1.487363227616543055e+09 1.423000000000000098e-01 2.794499999999999886e+02
1.487363227716296911e+09 1.424999999999999878e-01 2.794499999999999886e+02
1.487363227816047907e+09 1.423000000000000098e-01 2.794499999999999886e+02
1.487363227916321993e+09 1.421999999999999931e-01 2.794499999999999886e+02
1.487363228032213926e+09 1.423000000000000098e-01 2.794499999999999886e+02
1.487363228132000923e+09 1.423999999999999988e-01 2.794499999999999886e+02
1.487363228231730938e+09 1.423000000000000098e-01 2.794499999999999886e+02
1.487363228331518888e+09 1.423999999999999988e-01 2.794499999999999886e+02
1.487363228427382946e+09 1.423999999999999988e-01 2.794499999999999886e+02
1.487363228531019926e+09 1.423999999999999988e-01 2.794499999999999886e+02
1.487363228630753994e+09 1.423000000000000098e-01 2.794499999999999886e+02
1.487363228730499983e+09 1.423000000000000098e-01 2.794499999999999886e+02
1.487363228844527006e+09 1.423999999999999988e-01 2.794499999999999886e+02
1.487363228944324970e+09 1.423999999999999988e-01 2.794499999999999886e+02
1.487363229044312954e+09 1.423000000000000098e-01 2.794499999999999886e+02
1.487363229140366077e+09 1.423000000000000098e-01 2.794499999999999886e+02
1.487363229238899946e+09 1.423999999999999988e-01 2.794499999999999886e+02
1.487363229340651035e+09 1.424999999999999878e-01 2.794499999999999886e+02
1.487363229442377090e+09 1.423999999999999988e-01 2.794499999999999886e+02
1.487363229541405916e+09 1.423999999999999988e-01 2.794499999999999886e+02
1.487363229654592037e+09 1.423999999999999988e-01 2.794599999999999795e+02
1.487363229755302906e+09 1.423999999999999988e-01 2.794599999999999795e+02
1.487363229855387926e+09 1.423999999999999988e-01 2.794599999999999795e+02
1.487363229951589108e+09 1.424999999999999878e-01 2.794599999999999795e+02
1.487363230054389000e+09 1.423999999999999988e-01 2.794599999999999795e+02
1.487363230153275967e+09 1.423000000000000098e-01 2.794599999999999795e+02
1.487363230253012896e+09 1.423999999999999988e-01 2.794599999999999795e+02
1.487363230352210999e+09 1.423000000000000098e-01 2.794599999999999795e+02
1.487363230464982986e+09 1.423000000000000098e-01 2.794599999999999795e+02
1.487363230566226959e+09 1.423000000000000098e-01 2.794599999999999795e+02
1.487363230666112900e+09 1.423000000000000098e-01 2.794599999999999795e+02
1.487363230764424086e+09 1.423999999999999988e-01 2.794599999999999795e+02
1.487363230865220070e+09 1.423000000000000098e-01 2.794599999999999795e+02
1.487363230961457968e+09 1.423000000000000098e-01 2.794599999999999795e+02
1.487363231064193010e+09 1.423000000000000098e-01 2.794599999999999795e+02
1.487363231163151026e+09 1.423999999999999988e-01 2.794599999999999795e+02
1.487363231258249044e+09 1.423999999999999988e-01 2.794599999999999795e+02
1.487363231374226093e+09 1.423999999999999988e-01 2.794599999999999795e+02
1.487363231474029064e+09 1.423999999999999988e-01 2.794599999999999795e+02
1.487363231573801994e+09 1.423000000000000098e-01 2.794599999999999795e+02
1.487363231673521996e+09 1.423999999999999988e-01 2.794599999999999795e+02
1.487363231773283005e+09 1.423999999999999988e-01 2.794599999999999795e+02
1.487363231873053074e+09 1.423999999999999988e-01 2.794599999999999795e+02
1.487363231972851038e+09 1.424999999999999878e-01 2.794599999999999795e+02
1.487363232072590113e+09 1.423999999999999988e-01 2.794599999999999795e+02
1.487363232188101053e+09 1.423000000000000098e-01 2.794599999999999795e+02
1.487363232288005114e+09 1.423999999999999988e-01 2.794599999999999795e+02
1.487363232387157917e+09 1.423000000000000098e-01 2.794599999999999795e+02
1.487363232487111092e+09 1.423999999999999988e-01 2.794700000000000273e+02
1.487363232586062908e+09 1.423999999999999988e-01 2.794700000000000273e+02
1.487363232686037064e+09 1.423000000000000098e-01 2.794599999999999795e+02
1.487363232785950899e+09 1.423000000000000098e-01 2.794700000000000273e+02
1.487363232898972988e+09 1.423000000000000098e-01 2.794700000000000273e+02
1.487363232999102116e+09 1.423000000000000098e-01 2.794700000000000273e+02
1.487363233098865032e+09 1.423000000000000098e-01 2.794700000000000273e+02
1.487363233197273016e+09 1.423000000000000098e-01 2.794700000000000273e+02
1.487363233297990084e+09 1.421999999999999931e-01 2.794700000000000273e+02
1.487363233396959066e+09 1.423999999999999988e-01 2.794700000000000273e+02
1.487363233497157097e+09 1.423000000000000098e-01 2.794700000000000273e+02
1.487363233596821070e+09 1.424999999999999878e-01 2.794700000000000273e+02
1.487363233695988894e+09 1.423999999999999988e-01 2.794700000000000273e+02
1.487363233809906960e+09 1.423999999999999988e-01 2.794700000000000273e+02
1.487363233909872055e+09 1.423999999999999988e-01 2.794700000000000273e+02
1.487363234008917093e+09 1.423000000000000098e-01 2.794700000000000273e+02
1.487363234108804941e+09 1.426000000000000045e-01 2.794700000000000273e+02
1.487363234209083080e+09 1.423999999999999988e-01 2.794700000000000273e+02
1.487363234307979107e+09 1.423999999999999988e-01 2.794700000000000273e+02
1.487363234407947063e+09 1.423999999999999988e-01 2.794800000000000182e+02
1.487363234506707907e+09 1.424999999999999878e-01 2.794800000000000182e+02
1.487363234616444111e+09 1.423000000000000098e-01 2.794700000000000273e+02
1.487363234716236115e+09 1.423999999999999988e-01 2.794700000000000273e+02
1.487363234816004992e+09 1.423999999999999988e-01 2.794800000000000182e+02
1.487363234917088985e+09 1.423999999999999988e-01 2.794800000000000182e+02
1.487363235015423059e+09 1.423000000000000098e-01 2.794800000000000182e+02
1.487363235115258932e+09 1.423999999999999988e-01 2.794800000000000182e+02
1.487363235214449883e+09 1.423000000000000098e-01 2.794800000000000182e+02
1.487363235314817905e+09 1.423000000000000098e-01 2.794800000000000182e+02
1.487363235428878069e+09 1.423000000000000098e-01 2.794800000000000182e+02
1.487363235530953884e+09 1.423000000000000098e-01 2.794800000000000182e+02
1.487363235627413988e+09 1.423000000000000098e-01 2.794800000000000182e+02
1.487363235726658106e+09 1.423000000000000098e-01 2.794800000000000182e+02
1.487363235828896046e+09 1.423000000000000098e-01 2.794800000000000182e+02
1.487363235925626993e+09 1.423999999999999988e-01 2.794800000000000182e+02
1.487363236029789925e+09 1.423999999999999988e-01 2.794800000000000182e+02
1.487363236128753901e+09 1.423000000000000098e-01 2.794800000000000182e+02
1.487363236238508940e+09 1.423000000000000098e-01 2.794800000000000182e+02
1.487363236342572927e+09 1.423999999999999988e-01 2.794800000000000182e+02
1.487363236441818953e+09 1.424999999999999878e-01 2.794800000000000182e+02
1.487363236541786909e+09 1.423999999999999988e-01 2.794800000000000182e+02
1.487363236641696930e+09 1.423999999999999988e-01 2.794900000000000091e+02
1.487363236740760088e+09 1.423000000000000098e-01 2.794900000000000091e+02
1.487363236840773106e+09 1.423999999999999988e-01 2.794800000000000182e+02
1.487363236938510895e+09 1.424999999999999878e-01 2.794800000000000182e+02
1.487363237039657116e+09 1.423000000000000098e-01 2.794900000000000091e+02
1.487363237153800964e+09 1.423000000000000098e-01 2.794900000000000091e+02
1.487363237252751112e+09 1.423999999999999988e-01 2.794900000000000091e+02
1.487363237352720976e+09 1.423000000000000098e-01 2.794900000000000091e+02
1.487363237451534033e+09 1.423000000000000098e-01 2.794900000000000091e+02
1.487363237551673889e+09 1.423999999999999988e-01 2.794900000000000091e+02
1.487363237651680946e+09 1.423999999999999988e-01 2.794900000000000091e+02
1.487363237750655890e+09 1.423000000000000098e-01 2.794900000000000091e+02
1.487363237864593983e+09 1.423999999999999988e-01 2.794900000000000091e+02
1.487363237959353924e+09 1.423999999999999988e-01 2.794900000000000091e+02
1.487363238063590050e+09 1.423999999999999988e-01 2.794900000000000091e+02
1.487363238163654089e+09 1.423999999999999988e-01 2.794900000000000091e+02
1.487363238263313055e+09 1.424999999999999878e-01 2.794900000000000091e+02
1.487363238362679005e+09 1.423999999999999988e-01 2.794900000000000091e+02
1.487363238461659908e+09 1.423999999999999988e-01 2.794900000000000091e+02
1.487363238557054996e+09 1.423999999999999988e-01 2.794900000000000091e+02
1.487363238656845093e+09 1.423999999999999988e-01 2.794900000000000091e+02
1.487363238773215055e+09 1.424999999999999878e-01 2.794900000000000091e+02
1.487363238872981071e+09 1.423000000000000098e-01 2.794900000000000091e+02
1.487363238972881079e+09 1.424999999999999878e-01 2.795000000000000000e+02
1.487363239074477911e+09 1.421999999999999931e-01 2.794900000000000091e+02
1.487363239172282934e+09 1.423999999999999988e-01 2.794900000000000091e+02
1.487363239272051096e+09 1.423999999999999988e-01 2.795000000000000000e+02
1.487363239372411966e+09 1.423000000000000098e-01 2.795000000000000000e+02
1.487363239471672058e+09 1.423000000000000098e-01 2.795000000000000000e+02
1.487363239571343899e+09 1.423000000000000098e-01 2.795000000000000000e+02
1.487363239686471939e+09 1.423999999999999988e-01 2.795000000000000000e+02
1.487363239785434961e+09 1.423000000000000098e-01 2.795000000000000000e+02
1.487363239885473967e+09 1.423000000000000098e-01 2.795000000000000000e+02
1.487363239984419107e+09 1.423000000000000098e-01 2.795000000000000000e+02
1.487363240082034111e+09 1.423000000000000098e-01 2.795000000000000000e+02
1.487363240184146881e+09 1.423999999999999988e-01 2.795000000000000000e+02
1.487363240283495903e+09 1.423000000000000098e-01 2.795000000000000000e+02
1.487363240383362055e+09 1.423000000000000098e-01 2.795000000000000000e+02
1.487363240497399092e+09 1.424999999999999878e-01 2.795000000000000000e+02
1.487363240596347094e+09 1.423999999999999988e-01 2.795000000000000000e+02
1.487363240696285009e+09 1.423999999999999988e-01 2.795000000000000000e+02
1.487363240796437979e+09 1.423999999999999988e-01 2.795000000000000000e+02
1.487363240895282984e+09 1.423000000000000098e-01 2.795000000000000000e+02
1.487363240995305061e+09 1.423999999999999988e-01 2.795000000000000000e+02
1.487363241094367027e+09 1.424999999999999878e-01 2.795000000000000000e+02
1.487363241194340944e+09 1.426000000000000045e-01 2.795000000000000000e+02
1.487363241308420897e+09 1.423999999999999988e-01 2.795000000000000000e+02
1.487363241407423973e+09 1.423999999999999988e-01 2.795000000000000000e+02
1.487363241507170916e+09 1.423999999999999988e-01 2.795000000000000000e+02
1.487363241606292963e+09 1.423000000000000098e-01 2.795000000000000000e+02
1.487363241706382990e+09 1.421999999999999931e-01 2.795099999999999909e+02
1.487363241806391001e+09 1.423000000000000098e-01 2.795099999999999909e+02
1.487363241905199051e+09 1.423999999999999988e-01 2.795099999999999909e+02
1.487363242005337000e+09 1.423999999999999988e-01 2.795099999999999909e+02
1.487363242115178108e+09 1.423999999999999988e-01 2.795099999999999909e+02
1.487363242217823982e+09 1.423000000000000098e-01 2.795099999999999909e+02
1.487363242314831972e+09 1.423999999999999988e-01 2.795099999999999909e+02
1.487363242416908026e+09 1.423999999999999988e-01 2.795099999999999909e+02
1.487363242514300108e+09 1.423999999999999988e-01 2.795099999999999909e+02
1.487363242614058971e+09 1.423000000000000098e-01 2.795099999999999909e+02
1.487363242713839054e+09 1.423999999999999988e-01 2.795099999999999909e+02
1.487363242813586950e+09 1.423999999999999988e-01 2.795099999999999909e+02
1.487363242929991961e+09 1.421999999999999931e-01 2.795099999999999909e+02
1.487363243029109001e+09 1.423000000000000098e-01 2.795099999999999909e+02
1.487363243129043102e+09 1.424999999999999878e-01 2.795099999999999909e+02
1.487363243223094940e+09 1.423000000000000098e-01 2.795099999999999909e+02
1.487363243328330994e+09 1.423999999999999988e-01 2.795099999999999909e+02
1.487363243425961018e+09 1.423999999999999988e-01 2.795099999999999909e+02
1.487363243527020931e+09 1.423999999999999988e-01 2.795099999999999909e+02
1.487363243627042055e+09 1.423999999999999988e-01 2.795099999999999909e+02
1.487363243741195917e+09 1.423000000000000098e-01 2.795099999999999909e+02
1.487363243840226889e+09 1.423999999999999988e-01 2.795099999999999909e+02
1.487363243937593937e+09 1.423000000000000098e-01 2.795099999999999909e+02
1.487363244039155006e+09 1.423000000000000098e-01 2.795099999999999909e+02
1.487363244134388924e+09 1.423000000000000098e-01 2.795199999999999818e+02
1.487363244239119053e+09 1.421999999999999931e-01 2.795199999999999818e+02
1.487363244338248014e+09 1.423999999999999988e-01 2.795199999999999818e+02
1.487363244438093901e+09 1.423999999999999988e-01 2.795199999999999818e+02
1.487363244552108049e+09 1.423999999999999988e-01 2.795199999999999818e+02
1.487363244650968075e+09 1.421999999999999931e-01 2.795199999999999818e+02
1.487363244750924110e+09 1.424999999999999878e-01 2.795199999999999818e+02
1.487363244850075960e+09 1.423999999999999988e-01 2.795199999999999818e+02
1.487363244949958086e+09 1.424999999999999878e-01 2.795199999999999818e+02
1.487363245045197964e+09 1.423999999999999988e-01 2.795199999999999818e+02
1.487363245149044991e+09 1.424999999999999878e-01 2.795199999999999818e+02
1.487363245248121023e+09 1.423000000000000098e-01 2.795199999999999818e+02
1.487363245347963095e+09 1.423999999999999988e-01 2.795199999999999818e+02
1.487363245457143068e+09 1.423000000000000098e-01 2.795199999999999818e+02
1.487363245556999922e+09 1.423999999999999988e-01 2.795199999999999818e+02
1.487363245656789064e+09 1.423000000000000098e-01 2.795199999999999818e+02
1.487363245756601095e+09 1.423999999999999988e-01 2.795199999999999818e+02
1.487363245856359005e+09 1.423999999999999988e-01 2.795199999999999818e+02
1.487363245956005096e+09 1.423999999999999988e-01 2.795199999999999818e+02
1.487363246055886030e+09 1.423000000000000098e-01 2.795199999999999818e+02
1.487363246155647993e+09 1.423000000000000098e-01 2.795199999999999818e+02
1.487363246272037029e+09 1.421999999999999931e-01 2.795199999999999818e+02
1.487363246372853994e+09 1.423999999999999988e-01 2.795199999999999818e+02
1.487363246471611023e+09 1.423000000000000098e-01 2.795199999999999818e+02
1.487363246571122885e+09 1.423000000000000098e-01 2.795299999999999727e+02
1.487363246671735048e+09 1.423000000000000098e-01 2.795199999999999818e+02
1.487363246766042948e+09 1.423999999999999988e-01 2.795199999999999818e+02
1.487363246870033026e+09 1.423000000000000098e-01 2.795299999999999727e+02
1.487363246965672970e+09 1.424999999999999878e-01 2.795299999999999727e+02
1.487363247064403057e+09 1.423000000000000098e-01 2.795299999999999727e+02
1.487363247165527105e+09 1.423999999999999988e-01 2.795299999999999727e+02
1.487363247281008959e+09 1.423999999999999988e-01 2.795299999999999727e+02
1.487363247382441998e+09 1.423000000000000098e-01 2.795299999999999727e+02
1.487363247482520103e+09 1.423999999999999988e-01 2.795299999999999727e+02
1.487363247576724052e+09 1.423999999999999988e-01 2.795299999999999727e+02
1.487363247681854963e+09 1.423999999999999988e-01 2.795299999999999727e+02
1.487363247781771898e+09 1.423000000000000098e-01 2.795299999999999727e+02
1.487363247877919912e+09 1.423999999999999988e-01 2.795299999999999727e+02
1.487363247975922108e+09 1.424999999999999878e-01 2.795299999999999727e+02
1.487363248079734087e+09 1.423999999999999988e-01 2.795299999999999727e+02
1.487363248193006039e+09 1.423999999999999988e-01 2.795299999999999727e+02
1.487363248293675900e+09 1.423999999999999988e-01 2.795299999999999727e+02
1.487363248391848087e+09 1.423000000000000098e-01 2.795299999999999727e+02
1.487363248490833044e+09 1.423999999999999988e-01 2.795299999999999727e+02
1.487363248588143110e+09 1.423000000000000098e-01 2.795400000000000205e+02
1.487363248691694975e+09 1.423000000000000098e-01 2.795299999999999727e+02
1.487363248791466951e+09 1.423999999999999988e-01 2.795299999999999727e+02
1.487363248889950991e+09 1.421999999999999931e-01 2.795400000000000205e+02
1.487363249004569054e+09 1.421999999999999931e-01 2.795400000000000205e+02
1.487363249104048967e+09 1.423000000000000098e-01 2.795400000000000205e+02
1.487363249203628063e+09 1.424999999999999878e-01 2.795400000000000205e+02
1.487363249303654909e+09 1.423999999999999988e-01 2.795400000000000205e+02
1.487363249403228998e+09 1.423999999999999988e-01 2.795400000000000205e+02
1.487363249497678995e+09 1.421999999999999931e-01 2.795400000000000205e+02
1.487363249597582102e+09 1.423999999999999988e-01 2.795400000000000205e+02
1.487363249697185993e+09 1.424999999999999878e-01 2.795400000000000205e+02
1.487363249813584089e+09 1.423999999999999988e-01 2.795400000000000205e+02
1.487363249913342953e+09 1.423000000000000098e-01 2.795400000000000205e+02
1.487363250011790991e+09 1.423999999999999988e-01 2.795400000000000205e+02
1.487363250112055063e+09 1.423999999999999988e-01 2.795400000000000205e+02
1.487363250212645054e+09 1.423000000000000098e-01 2.795400000000000205e+02
1.487363250312412024e+09 1.423999999999999988e-01 2.795400000000000205e+02
1.487363250412182093e+09 1.423999999999999988e-01 2.795400000000000205e+02
1.487363250511884928e+09 1.423999999999999988e-01 2.795400000000000205e+02
1.487363250626539946e+09 1.421999999999999931e-01 2.795400000000000205e+02
1.487363250726469994e+09 1.421999999999999931e-01 2.795400000000000205e+02
1.487363250825452089e+09 1.423000000000000098e-01 2.795400000000000205e+02
1.487363250925434113e+09 1.421999999999999931e-01 2.795400000000000205e+02
