1.487361364638367891e+09 1.451000000000000068e-01 2.831700000000000159e+02
1.487361364755094051e+09 1.451999999999999957e-01 2.831600000000000250e+02
1.487361364854132891e+09 1.453000000000000125e-01 2.831700000000000159e+02
1.487361364954013109e+09 1.451999999999999957e-01 2.831700000000000159e+02
1.487361365053046942e+09 1.451999999999999957e-01 2.831700000000000159e+02
1.487361365166172028e+09 1.451999999999999957e-01 2.831700000000000159e+02
1.487361365266443968e+09 1.453000000000000125e-01 2.831700000000000159e+02
1.487361365365972996e+09 1.454000000000000015e-01 2.831700000000000159e+02
1.487361365466062069e+09 1.453000000000000125e-01 2.831700000000000159e+02
1.487361365565953970e+09 1.451999999999999957e-01 2.831700000000000159e+02
1.487361365660116911e+09 1.454000000000000015e-01 2.831700000000000159e+02
1.487361365759903908e+09 1.453000000000000125e-01 2.831700000000000159e+02
1.487361365859705925e+09 1.451999999999999957e-01 2.831700000000000159e+02
1.487361365976031065e+09 1.453000000000000125e-01 2.831800000000000068e+02
1.487361366075362921e+09 1.453000000000000125e-01 2.831800000000000068e+02
1.487361366172210932e+09 1.453000000000000125e-01 2.831700000000000159e+02
1.487361366275254011e+09 1.453000000000000125e-01 2.831800000000000068e+02
1.487361366374974012e+09 1.453000000000000125e-01 2.831800000000000068e+02
1.487361366470936060e+09 1.451999999999999957e-01 2.831800000000000068e+02
1.487361366574573040e+09 1.451999999999999957e-01 2.831800000000000068e+02
1.487361366672040939e+09 1.451999999999999957e-01 2.831800000000000068e+02
1.487361366784197092e+09 1.451999999999999957e-01 2.831800000000000068e+02
1.487361366888401031e+09 1.453000000000000125e-01 2.831800000000000068e+02
1.487361366988032103e+09 1.451999999999999957e-01 2.831800000000000068e+02
1.487361367087898016e+09 1.451000000000000068e-01 2.831800000000000068e+02
1.487361367187951088e+09 1.451000000000000068e-01 2.831800000000000068e+02
1.487361367286863089e+09 1.451000000000000068e-01 2.831800000000000068e+02
1.487361367386553049e+09 1.453000000000000125e-01 2.831800000000000068e+02
1.487361367485780954e+09 1.453000000000000125e-01 2.831800000000000068e+02
1.487361367585725069e+09 1.451999999999999957e-01 2.831899999999999977e+02
1.487361367685760975e+09 1.451999999999999957e-01 2.831800000000000068e+02
1.487361367800019979e+09 1.453000000000000125e-01 2.831800000000000068e+02
1.487361367898009062e+09 1.453000000000000125e-01 2.831899999999999977e+02
1.487361367993402958e+09 1.453000000000000125e-01 2.831899999999999977e+02
1.487361368097923994e+09 1.451000000000000068e-01 2.831899999999999977e+02
1.487361368192704916e+09 1.453000000000000125e-01 2.831899999999999977e+02
1.487361368292704105e+09 1.453000000000000125e-01 2.831899999999999977e+02
1.487361368396673918e+09 1.453000000000000125e-01 2.831899999999999977e+02
1.487361368496732950e+09 1.451999999999999957e-01 2.831899999999999977e+02
1.487361368593103886e+09 1.451999999999999957e-01 2.831899999999999977e+02
1.487361368709721088e+09 1.451999999999999957e-01 2.831899999999999977e+02
1.487361368809377909e+09 1.451999999999999957e-01 2.831899999999999977e+02
1.487361368903655052e+09 1.451999999999999957e-01 2.831899999999999977e+02
1.487361369008502960e+09 1.451999999999999957e-01 2.831899999999999977e+02
1.487361369108616114e+09 1.451999999999999957e-01 2.831899999999999977e+02
1.487361369203861952e+09 1.451000000000000068e-01 2.831999999999999886e+02
1.487361369307557106e+09 1.451999999999999957e-01 2.831999999999999886e+02
1.487361369403136015e+09 1.451000000000000068e-01 2.831999999999999886e+02
1.487361369506352901e+09 1.451999999999999957e-01 2.831999999999999886e+02
1.487361369615686893e+09 1.451999999999999957e-01 2.831999999999999886e+02
1.487361369717112064e+09 1.451999999999999957e-01 2.831999999999999886e+02
1.487361369816905975e+09 1.451999999999999957e-01 2.831999999999999886e+02
1.487361369914568901e+09 1.453000000000000125e-01 2.831999999999999886e+02
1.487361370013659000e+09 1.451000000000000068e-01 2.831999999999999886e+02
1.487361370116163015e+09 1.451999999999999957e-01 2.831999999999999886e+02
1.487361370215878963e+09 1.451999999999999957e-01 2.831999999999999886e+02
1.487361370315625906e+09 1.451999999999999957e-01 2.831999999999999886e+02
1.487361370415509939e+09 1.451999999999999957e-01 2.831999999999999886e+02
1.487361370530628920e+09 1.453000000000000125e-01 2.831999999999999886e+02
1.487361370628531933e+09 1.451999999999999957e-01 2.831999999999999886e+02
1.487361370730587006e+09 1.451999999999999957e-01 2.832099999999999795e+02
1.487361370829559088e+09 1.451999999999999957e-01 2.832099999999999795e+02
1.487361370929703951e+09 1.451999999999999957e-01 2.832099999999999795e+02
1.487361371028489113e+09 1.451999999999999957e-01 2.832099999999999795e+02
1.487361371128436089e+09 1.451999999999999957e-01 2.832099999999999795e+02
1.487361371226241112e+09 1.453000000000000125e-01 2.832099999999999795e+02
1.487361371327465057e+09 1.451999999999999957e-01 2.832099999999999795e+02
1.487361371441519976e+09 1.451000000000000068e-01 2.832099999999999795e+02
1.487361371541582108e+09 1.453000000000000125e-01 2.832099999999999795e+02
1.487361371637655020e+09 1.451999999999999957e-01 2.832099999999999795e+02
1.487361371740360022e+09 1.449999999999999900e-01 2.832099999999999795e+02
1.487361371836004972e+09 1.451999999999999957e-01 2.832099999999999795e+02
1.487361371939300060e+09 1.451999999999999957e-01 2.832099999999999795e+02
1.487361372039350986e+09 1.451000000000000068e-01 2.832200000000000273e+02
1.487361372137716055e+09 1.451000000000000068e-01 2.832099999999999795e+02
1.487361372252485037e+09 1.451000000000000068e-01 2.832099999999999795e+02
1.487361372350369930e+09 1.451999999999999957e-01 2.832200000000000273e+02
1.487361372451333046e+09 1.453000000000000125e-01 2.832200000000000273e+02
1.487361372551249981e+09 1.451999999999999957e-01 2.832200000000000273e+02
1.487361372650372028e+09 1.453000000000000125e-01 2.832200000000000273e+02
1.487361372750386953e+09 1.451999999999999957e-01 2.832200000000000273e+02
1.487361372846191883e+09 1.451999999999999957e-01 2.832200000000000273e+02
1.487361372948596001e+09 1.454000000000000015e-01 2.832200000000000273e+02
1.487361373059111118e+09 1.451999999999999957e-01 2.832200000000000273e+02
1.487361373161072016e+09 1.453000000000000125e-01 2.832200000000000273e+02
1.487361373258538008e+09 1.451999999999999957e-01 2.832200000000000273e+02
1.487361373358140945e+09 1.454000000000000015e-01 2.832200000000000273e+02
1.487361373458184004e+09 1.453000000000000125e-01 2.832200000000000273e+02
1.487361373557951927e+09 1.451000000000000068e-01 2.832200000000000273e+02
1.487361373657706976e+09 1.453000000000000125e-01 2.832200000000000273e+02
1.487361373757476091e+09 1.454000000000000015e-01 2.832200000000000273e+02
1.487361373870224953e+09 1.451999999999999957e-01 2.832200000000000273e+02
1.487361373972630978e+09 1.451999999999999957e-01 2.832200000000000273e+02
1.487361374073399067e+09 1.451000000000000068e-01 2.832300000000000182e+02
1.487361374171041012e+09 1.449999999999999900e-01 2.832300000000000182e+02
1.487361374272867918e+09 1.451999999999999957e-01 2.832300000000000182e+02
1.487361374372226000e+09 1.451000000000000068e-01 2.832300000000000182e+02
1.487361374472182989e+09 1.451999999999999957e-01 2.832300000000000182e+02
1.487361374571274996e+09 1.451000000000000068e-01 2.832300000000000182e+02
1.487361374685340881e+09 1.451999999999999957e-01 2.832300000000000182e+02
1.487361374785113096e+09 1.451999999999999957e-01 2.832300000000000182e+02
1.487361374883038998e+09 1.453000000000000125e-01 2.832300000000000182e+02
1.487361374984307051e+09 1.451999999999999957e-01 2.832300000000000182e+02
1.487361375084126949e+09 1.451000000000000068e-01 2.832300000000000182e+02
1.487361375183284998e+09 1.451000000000000068e-01 2.832300000000000182e+02
1.487361375282990932e+09 1.451999999999999957e-01 2.832300000000000182e+02
1.487361375382196903e+09 1.451999999999999957e-01 2.832300000000000182e+02
1.487361375492033958e+09 1.451000000000000068e-01 2.832300000000000182e+02
1.487361375596242905e+09 1.451000000000000068e-01 2.832400000000000091e+02
1.487361375696130991e+09 1.451999999999999957e-01 2.832400000000000091e+02
1.487361375795111895e+09 1.451999999999999957e-01 2.832400000000000091e+02
1.487361375895148039e+09 1.451999999999999957e-01 2.832400000000000091e+02
1.487361375989887953e+09 1.453000000000000125e-01 2.832400000000000091e+02
1.487361376094072104e+09 1.451999999999999957e-01 2.832400000000000091e+02
1.487361376187748909e+09 1.451999999999999957e-01 2.832400000000000091e+02
1.487361376293128967e+09 1.451999999999999957e-01 2.832400000000000091e+02
1.487361376407031059e+09 1.451999999999999957e-01 2.832400000000000091e+02
1.487361376505965948e+09 1.451999999999999957e-01 2.832400000000000091e+02
1.487361376605926037e+09 1.451999999999999957e-01 2.832400000000000091e+02
1.487361376706090927e+09 1.451999999999999957e-01 2.832400000000000091e+02
1.487361376800193071e+09 1.451000000000000068e-01 2.832400000000000091e+02
1.487361376904946089e+09 1.451000000000000068e-01 2.832400000000000091e+02
1.487361377004971981e+09 1.451999999999999957e-01 2.832400000000000091e+02
1.487361377099453926e+09 1.451000000000000068e-01 2.832400000000000091e+02
1.487361377215879917e+09 1.453000000000000125e-01 2.832500000000000000e+02
1.487361377315642118e+09 1.451999999999999957e-01 2.832400000000000091e+02
1.487361377415405989e+09 1.451999999999999957e-01 2.832400000000000091e+02
1.487361377515165091e+09 1.451000000000000068e-01 2.832400000000000091e+02
1.487361377614929914e+09 1.451999999999999957e-01 2.832500000000000000e+02
1.487361377714705944e+09 1.451999999999999957e-01 2.832500000000000000e+02
1.487361377814471960e+09 1.453000000000000125e-01 2.832500000000000000e+02
1.487361377914225101e+09 1.453000000000000125e-01 2.832500000000000000e+02
1.487361378013993979e+09 1.451999999999999957e-01 2.832500000000000000e+02
1.487361378113502979e+09 1.453000000000000125e-01 2.832500000000000000e+02
1.487361378227683067e+09 1.453000000000000125e-01 2.832500000000000000e+02
1.487361378327877998e+09 1.453000000000000125e-01 2.832500000000000000e+02
1.487361378423227072e+09 1.451999999999999957e-01 2.832500000000000000e+02
1.487361378526949883e+09 1.451999999999999957e-01 2.832500000000000000e+02
1.487361378625813007e+09 1.451999999999999957e-01 2.832500000000000000e+02
1.487361378724759102e+09 1.451999999999999957e-01 2.832500000000000000e+02
1.487361378822622061e+09 1.451000000000000068e-01 2.832500000000000000e+02
1.487361378924779892e+09 1.453000000000000125e-01 2.832500000000000000e+02
1.487361379024755001e+09 1.451999999999999957e-01 2.832500000000000000e+02
1.487361379137733936e+09 1.451000000000000068e-01 2.832500000000000000e+02
1.487361379233130932e+09 1.451000000000000068e-01 2.832500000000000000e+02
1.487361379337838888e+09 1.451000000000000068e-01 2.832599999999999909e+02
1.487361379436847925e+09 1.451000000000000068e-01 2.832599999999999909e+02
1.487361379536585093e+09 1.451000000000000068e-01 2.832599999999999909e+02
1.487361379636773109e+09 1.451000000000000068e-01 2.832599999999999909e+02
1.487361379732100964e+09 1.451999999999999957e-01 2.832599999999999909e+02
1.487361379835777044e+09 1.451000000000000068e-01 2.832599999999999909e+02
1.487361379945020914e+09 1.451000000000000068e-01 2.832599999999999909e+02
1.487361380049928904e+09 1.451999999999999957e-01 2.832599999999999909e+02
1.487361380148679018e+09 1.451000000000000068e-01 2.832599999999999909e+02
1.487361380248744965e+09 1.451000000000000068e-01 2.832599999999999909e+02
1.487361380347683907e+09 1.451999999999999957e-01 2.832599999999999909e+02
1.487361380447714090e+09 1.453000000000000125e-01 2.832599999999999909e+02
1.487361380546801090e+09 1.451000000000000068e-01 2.832599999999999909e+02
1.487361380646596909e+09 1.451999999999999957e-01 2.832599999999999909e+02
1.487361380757409096e+09 1.451999999999999957e-01 2.832599999999999909e+02
1.487361380857073069e+09 1.451000000000000068e-01 2.832599999999999909e+02
1.487361380956932068e+09 1.451999999999999957e-01 2.832599999999999909e+02
1.487361381056703091e+09 1.451999999999999957e-01 2.832599999999999909e+02
1.487361381153801918e+09 1.451000000000000068e-01 2.832599999999999909e+02
1.487361381256239891e+09 1.451999999999999957e-01 2.832599999999999909e+02
1.487361381355932951e+09 1.451999999999999957e-01 2.832599999999999909e+02
1.487361381454217911e+09 1.451999999999999957e-01 2.832699999999999818e+02
1.487361381571840048e+09 1.451000000000000068e-01 2.832699999999999818e+02
1.487361381671205997e+09 1.453000000000000125e-01 2.832699999999999818e+02
1.487361381766756058e+09 1.451000000000000068e-01 2.832699999999999818e+02
1.487361381868346930e+09 1.453000000000000125e-01 2.832699999999999818e+02
1.487361381969558954e+09 1.453000000000000125e-01 2.832599999999999909e+02
1.487361382069592953e+09 1.451999999999999957e-01 2.832699999999999818e+02
1.487361382165958881e+09 1.451000000000000068e-01 2.832699999999999818e+02
1.487361382267071009e+09 1.451000000000000068e-01 2.832699999999999818e+02
1.487361382382519960e+09 1.451000000000000068e-01 2.832699999999999818e+02
1.487361382481512070e+09 1.451999999999999957e-01 2.832699999999999818e+02
1.487361382579044104e+09 1.451000000000000068e-01 2.832699999999999818e+02
1.487361382676597118e+09 1.453000000000000125e-01 2.832699999999999818e+02
1.487361382775777102e+09 1.453000000000000125e-01 2.832699999999999818e+02
1.487361382880822897e+09 1.451999999999999957e-01 2.832699999999999818e+02
1.487361382976135969e+09 1.453000000000000125e-01 2.832699999999999818e+02
1.487361383075025082e+09 1.451999999999999957e-01 2.832699999999999818e+02
1.487361383188613892e+09 1.451000000000000068e-01 2.832699999999999818e+02
1.487361383291142941e+09 1.451999999999999957e-01 2.832699999999999818e+02
1.487361383392448902e+09 1.451000000000000068e-01 2.832699999999999818e+02
1.487361383488986969e+09 1.451000000000000068e-01 2.832799999999999727e+02
1.487361383591310024e+09 1.451999999999999957e-01 2.832799999999999727e+02
1.487361383688605070e+09 1.451999999999999957e-01 2.832799999999999727e+02
1.487361383790541887e+09 1.451000000000000068e-01 2.832799999999999727e+02
1.487361383890300989e+09 1.453000000000000125e-01 2.832799999999999727e+02
1.487361383999708891e+09 1.451999999999999957e-01 2.832799999999999727e+02
1.487361384099478960e+09 1.451000000000000068e-01 2.832799999999999727e+02
1.487361384199280977e+09 1.451999999999999957e-01 2.832799999999999727e+02
1.487361384298974037e+09 1.449999999999999900e-01 2.832799999999999727e+02
1.487361384398725986e+09 1.449999999999999900e-01 2.832799999999999727e+02
1.487361384498536110e+09 1.453000000000000125e-01 2.832799999999999727e+02
1.487361384598244905e+09 1.451000000000000068e-01 2.832799999999999727e+02
1.487361384698055029e+09 1.451000000000000068e-01 2.832799999999999727e+02
1.487361384814403057e+09 1.451000000000000068e-01 2.832799999999999727e+02
1.487361384914208889e+09 1.451999999999999957e-01 2.832799999999999727e+02
1.487361385013937950e+09 1.453000000000000125e-01 2.832799999999999727e+02
1.487361385113692999e+09 1.451999999999999957e-01 2.832799999999999727e+02
1.487361385213279009e+09 1.451999999999999957e-01 2.832799999999999727e+02
1.487361385313256025e+09 1.451000000000000068e-01 2.832799999999999727e+02
1.487361385412072897e+09 1.451999999999999957e-01 2.832799999999999727e+02
1.487361385512264013e+09 1.453000000000000125e-01 2.832900000000000205e+02
1.487361385626247883e+09 1.451999999999999957e-01 2.832900000000000205e+02
1.487361385725342035e+09 1.451999999999999957e-01 2.832900000000000205e+02
1.487361385825244904e+09 1.451999999999999957e-01 2.832900000000000205e+02
1.487361385925301075e+09 1.451000000000000068e-01 2.832900000000000205e+02
1.487361386024199963e+09 1.451999999999999957e-01 2.832900000000000205e+02
1.487361386120147943e+09 1.453000000000000125e-01 2.832900000000000205e+02
1.487361386219458103e+09 1.453000000000000125e-01 2.832900000000000205e+02
1.487361386323293924e+09 1.453000000000000125e-01 2.832900000000000205e+02
1.487361386435457945e+09 1.451000000000000068e-01 2.832900000000000205e+02
1.487361386537255049e+09 1.449999999999999900e-01 2.832900000000000205e+02
1.487361386636137962e+09 1.451000000000000068e-01 2.832900000000000205e+02
1.487361386734564066e+09 1.451000000000000068e-01 2.832900000000000205e+02
1.487361386836196899e+09 1.451000000000000068e-01 2.832900000000000205e+02
1.487361386935128927e+09 1.451999999999999957e-01 2.832900000000000205e+02
1.487361387035165071e+09 1.449999999999999900e-01 2.832900000000000205e+02
1.487361387131988049e+09 1.451000000000000068e-01 2.832900000000000205e+02
1.487361387248078108e+09 1.451000000000000068e-01 2.832900000000000205e+02
1.487361387348107100e+09 1.451999999999999957e-01 2.832900000000000205e+02
1.487361387444325924e+09 1.451000000000000068e-01 2.832900000000000205e+02
1.487361387547161102e+09 1.451999999999999957e-01 2.832900000000000205e+02
1.487361387646972895e+09 1.451999999999999957e-01 2.832900000000000205e+02
1.487361387741252899e+09 1.451999999999999957e-01 2.832900000000000205e+02
1.487361387844727039e+09 1.453000000000000125e-01 2.833000000000000114e+02
1.487361387940315008e+09 1.451000000000000068e-01 2.833000000000000114e+02
1.487361388040087938e+09 1.451999999999999957e-01 2.833000000000000114e+02
1.487361388156478882e+09 1.451999999999999957e-01 2.833000000000000114e+02
1.487361388256189108e+09 1.453000000000000125e-01 2.833000000000000114e+02
1.487361388355947018e+09 1.451999999999999957e-01 2.833000000000000114e+02
1.487361388455715895e+09 1.449999999999999900e-01 2.833000000000000114e+02
1.487361388555469990e+09 1.451000000000000068e-01 2.833000000000000114e+02
1.487361388655213118e+09 1.453000000000000125e-01 2.833000000000000114e+02
1.487361388754635096e+09 1.451000000000000068e-01 2.833000000000000114e+02
1.487361388866761923e+09 1.451000000000000068e-01 2.833000000000000114e+02
1.487361388969934940e+09 1.451999999999999957e-01 2.833000000000000114e+02
1.487361389064387083e+09 1.449999999999999900e-01 2.833000000000000114e+02
1.487361389166759014e+09 1.449000000000000010e-01 2.833000000000000114e+02
1.487361389268953085e+09 1.451000000000000068e-01 2.833000000000000114e+02
1.487361389367938042e+09 1.451999999999999957e-01 2.833000000000000114e+02
1.487361389467992067e+09 1.451000000000000068e-01 2.833000000000000114e+02
1.487361389566845894e+09 1.451000000000000068e-01 2.833000000000000114e+02
1.487361389666906118e+09 1.451000000000000068e-01 2.833000000000000114e+02
1.487361389777515888e+09 1.449999999999999900e-01 2.833100000000000023e+02
1.487361389879905939e+09 1.449000000000000010e-01 2.833100000000000023e+02
1.487361389979788065e+09 1.451000000000000068e-01 2.833100000000000023e+02
1.487361390079838037e+09 1.451000000000000068e-01 2.833100000000000023e+02
1.487361390179007053e+09 1.451999999999999957e-01 2.833100000000000023e+02
1.487361390278888941e+09 1.451000000000000068e-01 2.833100000000000023e+02
1.487361390377886057e+09 1.451999999999999957e-01 2.833100000000000023e+02
1.487361390477895021e+09 1.451999999999999957e-01 2.833100000000000023e+02
1.487361390575285912e+09 1.451999999999999957e-01 2.833100000000000023e+02
1.487361390685645103e+09 1.451000000000000068e-01 2.833100000000000023e+02
1.487361390790730953e+09 1.451000000000000068e-01 2.833100000000000023e+02
1.487361390888854980e+09 1.453000000000000125e-01 2.833100000000000023e+02
1.487361390987770081e+09 1.451999999999999957e-01 2.833100000000000023e+02
1.487361391089760065e+09 1.451000000000000068e-01 2.833100000000000023e+02
1.487361391184283972e+09 1.451999999999999957e-01 2.833100000000000023e+02
1.487361391288774014e+09 1.451000000000000068e-01 2.833100000000000023e+02
1.487361391385087967e+09 1.451999999999999957e-01 2.833100000000000023e+02
1.487361391498481035e+09 1.451000000000000068e-01 2.833100000000000023e+02
1.487361391598239899e+09 1.451000000000000068e-01 2.833100000000000023e+02
1.487361391698046923e+09 1.451000000000000068e-01 2.833100000000000023e+02
1.487361391797784090e+09 1.451999999999999957e-01 2.833100000000000023e+02
1.487361391897538900e+09 1.451999999999999957e-01 2.833100000000000023e+02
1.487361391997200012e+09 1.449999999999999900e-01 2.833100000000000023e+02
1.487361392097111940e+09 1.451000000000000068e-01 2.833199999999999932e+02
1.487361392196820021e+09 1.451000000000000068e-01 2.833199999999999932e+02
1.487361392313189983e+09 1.451000000000000068e-01 2.833199999999999932e+02
1.487361392412806988e+09 1.449999999999999900e-01 2.833199999999999932e+02
1.487361392512696981e+09 1.451999999999999957e-01 2.833199999999999932e+02
1.487361392606915951e+09 1.451000000000000068e-01 2.833199999999999932e+02
1.487361392711760044e+09 1.451999999999999957e-01 2.833199999999999932e+02
1.487361392811579943e+09 1.451000000000000068e-01 2.833199999999999932e+02
1.487361392910486937e+09 1.449999999999999900e-01 2.833199999999999932e+02
1.487361393006901979e+09 1.451999999999999957e-01 2.833199999999999932e+02
1.487361393120600939e+09 1.449999999999999900e-01 2.833199999999999932e+02
1.487361393223411083e+09 1.453000000000000125e-01 2.833199999999999932e+02
1.487361393323483944e+09 1.451000000000000068e-01 2.833199999999999932e+02
1.487361393422398090e+09 1.451999999999999957e-01 2.833199999999999932e+02
1.487361393520595074e+09 1.451000000000000068e-01 2.833199999999999932e+02
1.487361393622488022e+09 1.451000000000000068e-01 2.833199999999999932e+02
1.487361393721600056e+09 1.451999999999999957e-01 2.833199999999999932e+02
1.487361393821542025e+09 1.451000000000000068e-01 2.833199999999999932e+02
1.487361393935581923e+09 1.451999999999999957e-01 2.833199999999999932e+02
1.487361394029594898e+09 1.449000000000000010e-01 2.833199999999999932e+02
1.487361394134550095e+09 1.451999999999999957e-01 2.833199999999999932e+02
1.487361394232697010e+09 1.449999999999999900e-01 2.833299999999999841e+02
1.487361394333317995e+09 1.449999999999999900e-01 2.833299999999999841e+02
1.487361394433409929e+09 1.451000000000000068e-01 2.833299999999999841e+02
1.487361394529886007e+09 1.451000000000000068e-01 2.833299999999999841e+02
1.487361394628019094e+09 1.449999999999999900e-01 2.833299999999999841e+02
1.487361394746368885e+09 1.451999999999999957e-01 2.833299999999999841e+02
1.487361394840491056e+09 1.449999999999999900e-01 2.833299999999999841e+02
1.487361394945231915e+09 1.451000000000000068e-01 2.833299999999999841e+02
1.487361395040030003e+09 1.451999999999999957e-01 2.833299999999999841e+02
1.487361395139673948e+09 1.453000000000000125e-01 2.833299999999999841e+02
1.487361395239551067e+09 1.451000000000000068e-01 2.833299999999999841e+02
1.487361395339309931e+09 1.451000000000000068e-01 2.833299999999999841e+02
1.487361395439137936e+09 1.451000000000000068e-01 2.833299999999999841e+02
1.487361395555468082e+09 1.451999999999999957e-01 2.833299999999999841e+02
1.487361395651806116e+09 1.451999999999999957e-01 2.833299999999999841e+02
1.487361395755027056e+09 1.451000000000000068e-01 2.833299999999999841e+02
1.487361395854763985e+09 1.451999999999999957e-01 2.833299999999999841e+02
1.487361395953337908e+09 1.451999999999999957e-01 2.833299999999999841e+02
1.487361396054296970e+09 1.451000000000000068e-01 2.833299999999999841e+02
1.487361396154057026e+09 1.451999999999999957e-01 2.833299999999999841e+02
1.487361396253767967e+09 1.451000000000000068e-01 2.833399999999999750e+02
1.487361396353317976e+09 1.449999999999999900e-01 2.833399999999999750e+02
1.487361396467490911e+09 1.451000000000000068e-01 2.833399999999999750e+02
1.487361396567246914e+09 1.451000000000000068e-01 2.833399999999999750e+02
1.487361396666213036e+09 1.449999999999999900e-01 2.833399999999999750e+02
1.487361396766313076e+09 1.449999999999999900e-01 2.833399999999999750e+02
1.487361396866403103e+09 1.449000000000000010e-01 2.833399999999999750e+02
1.487361396964237928e+09 1.449999999999999900e-01 2.833399999999999750e+02
1.487361397062505007e+09 1.449999999999999900e-01 2.833399999999999750e+02
1.487361397164184093e+09 1.451999999999999957e-01 2.833399999999999750e+02
1.487361397278367043e+09 1.451000000000000068e-01 2.833399999999999750e+02
1.487361397378245115e+09 1.451999999999999957e-01 2.833399999999999750e+02
1.487361397472908974e+09 1.451000000000000068e-01 2.833399999999999750e+02
1.487361397577307940e+09 1.451000000000000068e-01 2.833399999999999750e+02
1.487361397672966003e+09 1.451999999999999957e-01 2.833399999999999750e+02
1.487361397776309013e+09 1.451999999999999957e-01 2.833399999999999750e+02
1.487361397876269102e+09 1.451999999999999957e-01 2.833399999999999750e+02
1.487361397975996017e+09 1.451999999999999957e-01 2.833399999999999750e+02
1.487361398075187922e+09 1.451000000000000068e-01 2.833399999999999750e+02
1.487361398171506882e+09 1.451999999999999957e-01 2.833399999999999750e+02
1.487361398289055109e+09 1.451999999999999957e-01 2.833399999999999750e+02
1.487361398387327909e+09 1.451000000000000068e-01 2.833399999999999750e+02
1.487361398486754894e+09 1.451000000000000068e-01 2.833399999999999750e+02
1.487361398587025881e+09 1.451999999999999957e-01 2.833399999999999750e+02
1.487361398682926893e+09 1.451999999999999957e-01 2.833500000000000227e+02
1.487361398787009954e+09 1.453000000000000125e-01 2.833500000000000227e+02
1.487361398886174917e+09 1.451000000000000068e-01 2.833500000000000227e+02
1.487361398984998941e+09 1.451000000000000068e-01 2.833500000000000227e+02
1.487361399080384970e+09 1.451000000000000068e-01 2.833500000000000227e+02
1.487361399196863890e+09 1.449999999999999900e-01 2.833500000000000227e+02
1.487361399296550035e+09 1.449999999999999900e-01 2.833500000000000227e+02
1.487361399393985033e+09 1.449000000000000010e-01 2.833500000000000227e+02
1.487361399496068001e+09 1.449999999999999900e-01 2.833500000000000227e+02
1.487361399595835924e+09 1.449999999999999900e-01 2.833500000000000227e+02
1.487361399695658922e+09 1.451000000000000068e-01 2.833500000000000227e+02
1.487361399795382023e+09 1.451000000000000068e-01 2.833500000000000227e+02
1.487361399891208887e+09 1.451999999999999957e-01 2.833500000000000227e+02
1.487361400010040998e+09 1.451000000000000068e-01 2.833500000000000227e+02
1.487361400109988928e+09 1.451000000000000068e-01 2.833500000000000227e+02
1.487361400206151009e+09 1.451000000000000068e-01 2.833500000000000227e+02
1.487361400306935072e+09 1.451999999999999957e-01 2.833500000000000227e+02
1.487361400409023046e+09 1.451999999999999957e-01 2.833500000000000227e+02
1.487361400507986069e+09 1.451000000000000068e-01 2.833500000000000227e+02
1.487361400607753992e+09 1.451999999999999957e-01 2.833500000000000227e+02
1.487361400707022905e+09 1.451000000000000068e-01 2.833500000000000227e+02
1.487361400818506956e+09 1.451000000000000068e-01 2.833500000000000227e+02
1.487361400920923948e+09 1.451999999999999957e-01 2.833500000000000227e+02
1.487361401019846916e+09 1.451000000000000068e-01 2.833500000000000227e+02
1.487361401119913101e+09 1.451000000000000068e-01 2.833600000000000136e+02
1.487361401219999075e+09 1.449999999999999900e-01 2.833600000000000136e+02
1.487361401318873882e+09 1.451999999999999957e-01 2.833600000000000136e+02
1.487361401415777922e+09 1.451000000000000068e-01 2.833600000000000136e+02
1.487361401518028975e+09 1.451000000000000068e-01 2.833600000000000136e+02
1.487361401631817102e+09 1.451999999999999957e-01 2.833600000000000136e+02
1.487361401729554892e+09 1.451000000000000068e-01 2.833600000000000136e+02
1.487361401825814962e+09 1.449999999999999900e-01 2.833600000000000136e+02
1.487361401928191900e+09 1.449999999999999900e-01 2.833600000000000136e+02
1.487361402030616999e+09 1.449999999999999900e-01 2.833600000000000136e+02
1.487361402129918098e+09 1.451999999999999957e-01 2.833600000000000136e+02
1.487361402229652882e+09 1.451000000000000068e-01 2.833600000000000136e+02
1.487361402328728914e+09 1.451000000000000068e-01 2.833600000000000136e+02
1.487361402438992977e+09 1.449999999999999900e-01 2.833600000000000136e+02
1.487361402538805008e+09 1.449999999999999900e-01 2.833600000000000136e+02
1.487361402636837959e+09 1.451000000000000068e-01 2.833600000000000136e+02
1.487361402738313913e+09 1.451999999999999957e-01 2.833600000000000136e+02
1.487361402838078022e+09 1.451000000000000068e-01 2.833600000000000136e+02
1.487361402937843084e+09 1.449999999999999900e-01 2.833600000000000136e+02
1.487361403037641048e+09 1.451999999999999957e-01 2.833600000000000136e+02
1.487361403136898994e+09 1.451999999999999957e-01 2.833600000000000136e+02
1.487361403253560066e+09 1.451999999999999957e-01 2.833700000000000045e+02
1.487361403353576899e+09 1.451000000000000068e-01 2.833700000000000045e+02
1.487361403453294992e+09 1.451999999999999957e-01 2.833700000000000045e+02
1.487361403552681923e+09 1.451000000000000068e-01 2.833700000000000045e+02
1.487361403652755976e+09 1.449999999999999900e-01 2.833700000000000045e+02
1.487361403751594067e+09 1.451000000000000068e-01 2.833700000000000045e+02
1.487361403851792097e+09 1.449999999999999900e-01 2.833700000000000045e+02
1.487361403951634884e+09 1.449999999999999900e-01 2.833700000000000045e+02
1.487361404063141108e+09 1.449999999999999900e-01 2.833700000000000045e+02
1.487361404164902925e+09 1.449999999999999900e-01 2.833700000000000045e+02
1.487361404264647961e+09 1.451000000000000068e-01 2.833700000000000045e+02
1.487361404363548040e+09 1.449999999999999900e-01 2.833700000000000045e+02
1.487361404463702917e+09 1.451000000000000068e-01 2.833700000000000045e+02
1.487361404562585115e+09 1.451999999999999957e-01 2.833700000000000045e+02
1.487361404662707090e+09 1.451000000000000068e-01 2.833700000000000045e+02
1.487361404762604952e+09 1.451999999999999957e-01 2.833700000000000045e+02
1.487361404875746965e+09 1.451999999999999957e-01 2.833700000000000045e+02
1.487361404975754023e+09 1.451999999999999957e-01 2.833700000000000045e+02
1.487361405074306011e+09 1.451999999999999957e-01 2.833700000000000045e+02
1.487361405170919895e+09 1.449999999999999900e-01 2.833700000000000045e+02
1.487361405274462938e+09 1.449999999999999900e-01 2.833799999999999955e+02
1.487361405373523951e+09 1.451000000000000068e-01 2.833799999999999955e+02
1.487361405473474979e+09 1.449999999999999900e-01 2.833799999999999955e+02
1.487361405573659897e+09 1.451000000000000068e-01 2.833799999999999955e+02
1.487361405683918953e+09 1.451999999999999957e-01 2.833799999999999955e+02
1.487361405786463976e+09 1.451999999999999957e-01 2.833799999999999955e+02
1.487361405886467934e+09 1.451000000000000068e-01 2.833799999999999955e+02
1.487361405980658054e+09 1.453000000000000125e-01 2.833799999999999955e+02
1.487361406080362082e+09 1.449999999999999900e-01 2.833799999999999955e+02
1.487361406179522991e+09 1.451000000000000068e-01 2.833799999999999955e+02
1.487361406279908895e+09 1.449999999999999900e-01 2.833799999999999955e+02
1.487361406379507065e+09 1.451999999999999957e-01 2.833799999999999955e+02
1.487361406480417967e+09 1.451000000000000068e-01 2.833799999999999955e+02
1.487361406593835115e+09 1.449999999999999900e-01 2.833799999999999955e+02
1.487361406692739964e+09 1.451000000000000068e-01 2.833799999999999955e+02
1.487361406795340061e+09 1.449999999999999900e-01 2.833799999999999955e+02
1.487361406895073891e+09 1.449999999999999900e-01 2.833799999999999955e+02
1.487361406994834900e+09 1.451000000000000068e-01 2.833799999999999955e+02
1.487361407090796947e+09 1.451000000000000068e-01 2.833799999999999955e+02
1.487361407194452047e+09 1.451000000000000068e-01 2.833799999999999955e+02
1.487361407294126987e+09 1.451000000000000068e-01 2.833899999999999864e+02
1.487361407408385992e+09 1.451000000000000068e-01 2.833899999999999864e+02
1.487361407508223057e+09 1.451000000000000068e-01 2.833899999999999864e+02
1.487361407607312918e+09 1.451999999999999957e-01 2.833899999999999864e+02
1.487361407702940941e+09 1.451000000000000068e-01 2.833899999999999864e+02
1.487361407806272984e+09 1.449999999999999900e-01 2.833899999999999864e+02
1.487361407906222105e+09 1.451999999999999957e-01 2.833899999999999864e+02
1.487361408006340027e+09 1.451999999999999957e-01 2.833899999999999864e+02
1.487361408102210999e+09 1.451000000000000068e-01 2.833899999999999864e+02
1.487361408219408035e+09 1.451999999999999957e-01 2.833899999999999864e+02
1.487361408319209099e+09 1.451000000000000068e-01 2.833899999999999864e+02
1.487361408413340092e+09 1.449999999999999900e-01 2.833899999999999864e+02
1.487361408518244028e+09 1.451000000000000068e-01 2.833899999999999864e+02
1.487361408617170095e+09 1.451000000000000068e-01 2.833899999999999864e+02
1.487361408717237949e+09 1.449999999999999900e-01 2.833899999999999864e+02
1.487361408817114115e+09 1.449999999999999900e-01 2.833899999999999864e+02
1.487361408930085897e+09 1.451000000000000068e-01 2.833899999999999864e+02
1.487361409030085087e+09 1.451000000000000068e-01 2.833899999999999864e+02
1.487361409130106926e+09 1.451999999999999957e-01 2.833899999999999864e+02
1.487361409229193926e+09 1.451000000000000068e-01 2.833899999999999864e+02
1.487361409329139948e+09 1.449999999999999900e-01 2.833899999999999864e+02
1.487361409429244041e+09 1.451000000000000068e-01 2.833899999999999864e+02
1.487361409527550936e+09 1.451000000000000068e-01 2.833899999999999864e+02
1.487361409628360987e+09 1.449999999999999900e-01 2.833899999999999864e+02
1.487361409726946115e+09 1.449999999999999900e-01 2.833899999999999864e+02
1.487361409838063002e+09 1.449999999999999900e-01 2.833899999999999864e+02
1.487361409937882900e+09 1.451000000000000068e-01 2.833899999999999864e+02
1.487361410036573887e+09 1.449999999999999900e-01 2.833999999999999773e+02
1.487361410136570930e+09 1.451000000000000068e-01 2.833999999999999773e+02
1.487361410237080097e+09 1.451000000000000068e-01 2.833999999999999773e+02
1.487361410336852074e+09 1.449999999999999900e-01 2.833999999999999773e+02
1.487361410436604977e+09 1.451000000000000068e-01 2.833999999999999773e+02
1.487361410536375046e+09 1.449999999999999900e-01 2.833999999999999773e+02
1.487361410636009932e+09 1.451000000000000068e-01 2.833999999999999773e+02
1.487361410751974106e+09 1.451000000000000068e-01 2.833999999999999773e+02
1.487361410852140903e+09 1.449999999999999900e-01 2.833999999999999773e+02
1.487361410951256990e+09 1.449999999999999900e-01 2.833999999999999773e+02
1.487361411051352024e+09 1.449999999999999900e-01 2.833999999999999773e+02
1.487361411149928093e+09 1.449999999999999900e-01 2.833999999999999773e+02
1.487361411246620893e+09 1.451000000000000068e-01 2.833999999999999773e+02
1.487361411348958969e+09 1.451000000000000068e-01 2.833999999999999773e+02
1.487361411449127913e+09 1.449999999999999900e-01 2.833999999999999773e+02
1.487361411563002110e+09 1.449999999999999900e-01 2.833999999999999773e+02
1.487361411661962032e+09 1.451000000000000068e-01 2.833999999999999773e+02
1.487361411758722067e+09 1.449999999999999900e-01 2.833999999999999773e+02
1.487361411858012915e+09 1.449999999999999900e-01 2.833999999999999773e+02
1.487361411960999966e+09 1.449999999999999900e-01 2.833999999999999773e+02
1.487361412060867071e+09 1.451999999999999957e-01 2.834100000000000250e+02
1.487361412157557964e+09 1.449999999999999900e-01 2.834100000000000250e+02
1.487361412260034084e+09 1.449999999999999900e-01 2.834100000000000250e+02
1.487361412373500109e+09 1.449999999999999900e-01 2.834100000000000250e+02
1.487361412472872019e+09 1.451000000000000068e-01 2.834100000000000250e+02
1.487361412569905043e+09 1.451000000000000068e-01 2.834100000000000250e+02
1.487361412670150042e+09 1.449999999999999900e-01 2.834100000000000250e+02
1.487361412771965027e+09 1.451000000000000068e-01 2.834100000000000250e+02
1.487361412871836901e+09 1.451000000000000068e-01 2.834100000000000250e+02
1.487361412970470905e+09 1.451999999999999957e-01 2.834100000000000250e+02
1.487361413068891048e+09 1.449999999999999900e-01 2.834100000000000250e+02
1.487361413180126905e+09 1.449999999999999900e-01 2.834100000000000250e+02
1.487361413284894943e+09 1.451000000000000068e-01 2.834100000000000250e+02
1.487361413382280111e+09 1.449000000000000010e-01 2.834100000000000250e+02
1.487361413479295015e+09 1.449000000000000010e-01 2.834100000000000250e+02
1.487361413579145908e+09 1.449000000000000010e-01 2.834100000000000250e+02
1.487361413678879976e+09 1.451000000000000068e-01 2.834100000000000250e+02
1.487361413778273106e+09 1.451000000000000068e-01 2.834100000000000250e+02
1.487361413876754045e+09 1.449999999999999900e-01 2.834100000000000250e+02
1.487361413991811037e+09 1.449000000000000010e-01 2.834100000000000250e+02
1.487361414094595909e+09 1.451000000000000068e-01 2.834100000000000250e+02
1.487361414194025993e+09 1.449000000000000010e-01 2.834100000000000250e+02
1.487361414292474031e+09 1.449999999999999900e-01 2.834200000000000159e+02
1.487361414393834114e+09 1.451000000000000068e-01 2.834200000000000159e+02
1.487361414493138075e+09 1.451000000000000068e-01 2.834200000000000159e+02
1.487361414592286110e+09 1.449999999999999900e-01 2.834100000000000250e+02
1.487361414692768097e+09 1.451000000000000068e-01 2.834200000000000159e+02
1.487361414805871010e+09 1.451999999999999957e-01 2.834200000000000159e+02
1.487361414903260946e+09 1.451999999999999957e-01 2.834200000000000159e+02
1.487361415005798101e+09 1.451000000000000068e-01 2.834200000000000159e+02
1.487361415101736069e+09 1.451000000000000068e-01 2.834200000000000159e+02
1.487361415205575943e+09 1.451000000000000068e-01 2.834200000000000159e+02
1.487361415304830074e+09 1.451000000000000068e-01 2.834200000000000159e+02
1.487361415404658079e+09 1.451000000000000068e-01 2.834200000000000159e+02
1.487361415503637075e+09 1.448000000000000120e-01 2.834200000000000159e+02
1.487361415617712021e+09 1.451000000000000068e-01 2.834200000000000159e+02
1.487361415717722893e+09 1.451000000000000068e-01 2.834200000000000159e+02
1.487361415812380075e+09 1.449999999999999900e-01 2.834200000000000159e+02
1.487361415913486004e+09 1.449999999999999900e-01 2.834200000000000159e+02
1.487361416016575098e+09 1.451000000000000068e-01 2.834200000000000159e+02
1.487361416115573883e+09 1.451000000000000068e-01 2.834200000000000159e+02
1.487361416215590954e+09 1.451999999999999957e-01 2.834200000000000159e+02
1.487361416314475060e+09 1.451000000000000068e-01 2.834200000000000159e+02
1.487361416414366007e+09 1.451000000000000068e-01 2.834300000000000068e+02
1.487361416528578997e+09 1.451000000000000068e-01 2.834300000000000068e+02
1.487361416627357006e+09 1.449999999999999900e-01 2.834300000000000068e+02
1.487361416727360010e+09 1.451999999999999957e-01 2.834300000000000068e+02
1.487361416827419043e+09 1.449999999999999900e-01 2.834300000000000068e+02
1.487361416925276041e+09 1.449999999999999900e-01 2.834300000000000068e+02
1.487361417026401043e+09 1.451000000000000068e-01 2.834300000000000068e+02
1.487361417122088909e+09 1.451000000000000068e-01 2.834300000000000068e+02
1.487361417225573063e+09 1.451000000000000068e-01 2.834300000000000068e+02
1.487361417336838961e+09 1.451000000000000068e-01 2.834300000000000068e+02
1.487361417436616898e+09 1.449999999999999900e-01 2.834300000000000068e+02
1.487361417536375999e+09 1.449999999999999900e-01 2.834300000000000068e+02
1.487361417636187077e+09 1.451000000000000068e-01 2.834300000000000068e+02
1.487361417735922098e+09 1.451000000000000068e-01 2.834300000000000068e+02
1.487361417835678101e+09 1.449999999999999900e-01 2.834300000000000068e+02
1.487361417935657024e+09 1.449999999999999900e-01 2.834300000000000068e+02
1.487361418035197020e+09 1.451000000000000068e-01 2.834300000000000068e+02
1.487361418134978056e+09 1.449999999999999900e-01 2.834300000000000068e+02
1.487361418234668970e+09 1.449999999999999900e-01 2.834300000000000068e+02
1.487361418349334955e+09 1.449999999999999900e-01 2.834300000000000068e+02
1.487361418449352026e+09 1.449999999999999900e-01 2.834300000000000068e+02
1.487361418548455000e+09 1.449999999999999900e-01 2.834300000000000068e+02
1.487361418648302078e+09 1.449999999999999900e-01 2.834300000000000068e+02
1.487361418747131109e+09 1.451000000000000068e-01 2.834300000000000068e+02
1.487361418846570969e+09 1.449999999999999900e-01 2.834300000000000068e+02
1.487361418947324038e+09 1.449000000000000010e-01 2.834300000000000068e+02
1.487361419046291113e+09 1.451999999999999957e-01 2.834399999999999977e+02
1.487361419146522999e+09 1.451000000000000068e-01 2.834399999999999977e+02
1.487361419260258913e+09 1.451000000000000068e-01 2.834399999999999977e+02
1.487361419359267950e+09 1.449999999999999900e-01 2.834399999999999977e+02
1.487361419459121943e+09 1.451000000000000068e-01 2.834399999999999977e+02
1.487361419558454037e+09 1.451999999999999957e-01 2.834399999999999977e+02
1.487361419653925896e+09 1.451000000000000068e-01 2.834399999999999977e+02
1.487361419758198023e+09 1.449999999999999900e-01 2.834399999999999977e+02
1.487361419857234955e+09 1.451999999999999957e-01 2.834399999999999977e+02
1.487361419957256079e+09 1.451000000000000068e-01 2.834399999999999977e+02
1.487361420053154945e+09 1.451000000000000068e-01 2.834399999999999977e+02
1.487361420170094013e+09 1.451000000000000068e-01 2.834399999999999977e+02
1.487361420270237923e+09 1.451999999999999957e-01 2.834399999999999977e+02
1.487361420369189978e+09 1.451999999999999957e-01 2.834399999999999977e+02
1.487361420469264984e+09 1.449999999999999900e-01 2.834399999999999977e+02
1.487361420565112114e+09 1.451000000000000068e-01 2.834399999999999977e+02
1.487361420667579889e+09 1.449000000000000010e-01 2.834399999999999977e+02
1.487361420767999887e+09 1.449999999999999900e-01 2.834399999999999977e+02
1.487361420868149996e+09 1.449999999999999900e-01 2.834399999999999977e+02
1.487361420967204094e+09 1.449999999999999900e-01 2.834399999999999977e+02
1.487361421077120066e+09 1.449999999999999900e-01 2.834399999999999977e+02
1.487361421177643061e+09 1.449999999999999900e-01 2.834399999999999977e+02
1.487361421277471066e+09 1.449999999999999900e-01 2.834399999999999977e+02
1.487361421377203941e+09 1.449999999999999900e-01 2.834399999999999977e+02
1.487361421476978064e+09 1.451000000000000068e-01 2.834499999999999886e+02
1.487361421576735973e+09 1.449999999999999900e-01 2.834499999999999886e+02
1.487361421676023006e+09 1.449000000000000010e-01 2.834499999999999886e+02
1.487361421776272058e+09 1.449999999999999900e-01 2.834499999999999886e+02
1.487361421876040936e+09 1.451000000000000068e-01 2.834499999999999886e+02
1.487361421992152929e+09 1.451999999999999957e-01 2.834499999999999886e+02
1.487361422091027975e+09 1.449999999999999900e-01 2.834499999999999886e+02
1.487361422186610937e+09 1.451000000000000068e-01 2.834499999999999886e+02
1.487361422289987087e+09 1.451000000000000068e-01 2.834499999999999886e+02
1.487361422388489962e+09 1.451000000000000068e-01 2.834499999999999886e+02
1.487361422490086079e+09 1.451000000000000068e-01 2.834499999999999886e+02
1.487361422589020014e+09 1.451999999999999957e-01 2.834499999999999886e+02
1.487361422686075926e+09 1.451000000000000068e-01 2.834499999999999886e+02
1.487361422802890062e+09 1.451999999999999957e-01 2.834499999999999886e+02
1.487361422901979923e+09 1.449999999999999900e-01 2.834499999999999886e+02
1.487361423002095938e+09 1.451000000000000068e-01 2.834499999999999886e+02
1.487361423100935936e+09 1.451000000000000068e-01 2.834499999999999886e+02
1.487361423201059103e+09 1.449000000000000010e-01 2.834499999999999886e+02
1.487361423299031973e+09 1.449999999999999900e-01 2.834499999999999886e+02
1.487361423399946928e+09 1.451000000000000068e-01 2.834499999999999886e+02
1.487361423495276928e+09 1.449999999999999900e-01 2.834499999999999886e+02
1.487361423613662004e+09 1.449000000000000010e-01 2.834499999999999886e+02
1.487361423710151911e+09 1.449999999999999900e-01 2.834499999999999886e+02
1.487361423812911987e+09 1.451999999999999957e-01 2.834499999999999886e+02
1.487361423907653093e+09 1.449999999999999900e-01 2.834499999999999886e+02
1.487361424009751081e+09 1.451000000000000068e-01 2.834499999999999886e+02
1.487361424111856937e+09 1.448000000000000120e-01 2.834499999999999886e+02
1.487361424209990025e+09 1.451000000000000068e-01 2.834499999999999886e+02
1.487361424310744047e+09 1.449999999999999900e-01 2.834499999999999886e+02
1.487361424419898033e+09 1.449999999999999900e-01 2.834499999999999886e+02
1.487361424519725084e+09 1.451000000000000068e-01 2.834599999999999795e+02
1.487361424619467020e+09 1.449999999999999900e-01 2.834599999999999795e+02
