1.487362094607533932e+09 7.862999999999999989e-01 2.803999999999999773e+02
1.487362094720235109e+09 7.864999999999999769e-01 2.803999999999999773e+02
1.487362094820008039e+09 7.872000000000000108e-01 2.803999999999999773e+02
1.487362094917817116e+09 7.864999999999999769e-01 2.803999999999999773e+02
1.487362095019545078e+09 7.872999999999999998e-01 2.803999999999999773e+02
1.487362095133605957e+09 7.872999999999999998e-01 2.803999999999999773e+02
1.487362095230676889e+09 7.877999999999999448e-01 2.803999999999999773e+02
1.487362095332503080e+09 7.872000000000000108e-01 2.803999999999999773e+02
1.487362095426451921e+09 7.868000000000000549e-01 2.803999999999999773e+02
1.487362095531514883e+09 7.877999999999999448e-01 2.803999999999999773e+02
1.487362095630666018e+09 7.860000000000000320e-01 2.803999999999999773e+02
1.487362095725599051e+09 7.865999999999999659e-01 2.803999999999999773e+02
1.487362095830427885e+09 7.871000000000000218e-01 2.803999999999999773e+02
1.487362095944472075e+09 7.872999999999999998e-01 2.803999999999999773e+02
1.487362096043309927e+09 7.872999999999999998e-01 2.803999999999999773e+02
1.487362096143428087e+09 7.870000000000000329e-01 2.803999999999999773e+02
1.487362096242055893e+09 7.873999999999999888e-01 2.803999999999999773e+02
1.487362096342451096e+09 7.871000000000000218e-01 2.803999999999999773e+02
1.487362096437836885e+09 7.872999999999999998e-01 2.803999999999999773e+02
1.487362096541590929e+09 7.879000000000000448e-01 2.803999999999999773e+02
1.487362096641437054e+09 7.869000000000000439e-01 2.803999999999999773e+02
1.487362096755426884e+09 7.870000000000000329e-01 2.803999999999999773e+02
1.487362096854365110e+09 7.872999999999999998e-01 2.803999999999999773e+02
1.487362096954221010e+09 7.869000000000000439e-01 2.803999999999999773e+02
1.487362097053337097e+09 7.868000000000000549e-01 2.803899999999999864e+02
1.487362097153500080e+09 7.872999999999999998e-01 2.803899999999999864e+02
1.487362097248761892e+09 7.873999999999999888e-01 2.803899999999999864e+02
1.487362097347527027e+09 7.873999999999999888e-01 2.803899999999999864e+02
1.487362097452400923e+09 7.873999999999999888e-01 2.803899999999999864e+02
1.487362097563410044e+09 7.875999999999999668e-01 2.803899999999999864e+02
1.487362097663167953e+09 7.869000000000000439e-01 2.803899999999999864e+02
1.487362097762953043e+09 7.876999999999999558e-01 2.803899999999999864e+02
1.487362097862729073e+09 7.874999999999999778e-01 2.803899999999999864e+02
1.487362097962464094e+09 7.873999999999999888e-01 2.803899999999999864e+02
1.487362098061985970e+09 7.872999999999999998e-01 2.803899999999999864e+02
1.487362098162048101e+09 7.880000000000000338e-01 2.803899999999999864e+02
1.487362098261778116e+09 7.870000000000000329e-01 2.803899999999999864e+02
1.487362098361454010e+09 7.876999999999999558e-01 2.803899999999999864e+02
1.487362098476274014e+09 7.870000000000000329e-01 2.803899999999999864e+02
1.487362098574788094e+09 7.873999999999999888e-01 2.803899999999999864e+02
1.487362098674985886e+09 7.875999999999999668e-01 2.803899999999999864e+02
1.487362098775336027e+09 7.870000000000000329e-01 2.803899999999999864e+02
1.487362098875214100e+09 7.865999999999999659e-01 2.803899999999999864e+02
1.487362098971589088e+09 7.861000000000000210e-01 2.803899999999999864e+02
1.487362099074366093e+09 7.870000000000000329e-01 2.803899999999999864e+02
1.487362099174215078e+09 7.874999999999999778e-01 2.803899999999999864e+02
1.487362099287693977e+09 7.872000000000000108e-01 2.803899999999999864e+02
1.487362099387414932e+09 7.865999999999999659e-01 2.803899999999999864e+02
1.487362099486212015e+09 7.870000000000000329e-01 2.803899999999999864e+02
1.487362099586180925e+09 7.877999999999999448e-01 2.803899999999999864e+02
1.487362099686131954e+09 7.871000000000000218e-01 2.803899999999999864e+02
1.487362099785167933e+09 7.876999999999999558e-01 2.803899999999999864e+02
1.487362099882684946e+09 7.871000000000000218e-01 2.803899999999999864e+02
1.487362099985181093e+09 7.866999999999999549e-01 2.803899999999999864e+02
1.487362100098332882e+09 7.877999999999999448e-01 2.803899999999999864e+02
1.487362100198092937e+09 7.872000000000000108e-01 2.803899999999999864e+02
1.487362100293899059e+09 7.871000000000000218e-01 2.803899999999999864e+02
1.487362100397120953e+09 7.875999999999999668e-01 2.803899999999999864e+02
1.487362100493226051e+09 7.869000000000000439e-01 2.803899999999999864e+02
1.487362100593451977e+09 7.881000000000000227e-01 2.803899999999999864e+02
1.487362100696036100e+09 7.871000000000000218e-01 2.803899999999999864e+02
1.487362100793791056e+09 7.869000000000000439e-01 2.803899999999999864e+02
1.487362100905484915e+09 7.873999999999999888e-01 2.803899999999999864e+02
1.487362101005243063e+09 7.874999999999999778e-01 2.803899999999999864e+02
1.487362101105014086e+09 7.872999999999999998e-01 2.803899999999999864e+02
1.487362101203392982e+09 7.870000000000000329e-01 2.803899999999999864e+02
1.487362101304562092e+09 7.870000000000000329e-01 2.803899999999999864e+02
1.487362101404294014e+09 7.872999999999999998e-01 2.803899999999999864e+02
1.487362101503993034e+09 7.882000000000000117e-01 2.803899999999999864e+02
1.487362101603806973e+09 7.863999999999999879e-01 2.803899999999999864e+02
1.487362101720206022e+09 7.872000000000000108e-01 2.803899999999999864e+02
1.487362101815710068e+09 7.864999999999999769e-01 2.803899999999999864e+02
1.487362101919744968e+09 7.866999999999999549e-01 2.803799999999999955e+02
1.487362102018985033e+09 7.869000000000000439e-01 2.803899999999999864e+02
1.487362102119033098e+09 7.879000000000000448e-01 2.803899999999999864e+02
1.487362102218184948e+09 7.872000000000000108e-01 2.803899999999999864e+02
1.487362102317953110e+09 7.868000000000000549e-01 2.803899999999999864e+02
1.487362102417984962e+09 7.880000000000000338e-01 2.803899999999999864e+02
1.487362102516990900e+09 7.872000000000000108e-01 2.803899999999999864e+02
1.487362102630660057e+09 7.871000000000000218e-01 2.803899999999999864e+02
1.487362102729736090e+09 7.870000000000000329e-01 2.803899999999999864e+02
1.487362102830056906e+09 7.872999999999999998e-01 2.803899999999999864e+02
1.487362102929837942e+09 7.869000000000000439e-01 2.803899999999999864e+02
1.487362103028949022e+09 7.873999999999999888e-01 2.803899999999999864e+02
1.487362103128907919e+09 7.871000000000000218e-01 2.803899999999999864e+02
1.487362103228827953e+09 7.866999999999999549e-01 2.803899999999999864e+02
1.487362103327871084e+09 7.866999999999999549e-01 2.803899999999999864e+02
1.487362103440722942e+09 7.860000000000000320e-01 2.803899999999999864e+02
1.487362103536559105e+09 7.875999999999999668e-01 2.803899999999999864e+02
1.487362103640785933e+09 7.871000000000000218e-01 2.803899999999999864e+02
1.487362103740777969e+09 7.869000000000000439e-01 2.803899999999999864e+02
1.487362103840033054e+09 7.874999999999999778e-01 2.803899999999999864e+02
1.487362103935666084e+09 7.869000000000000439e-01 2.803899999999999864e+02
1.487362104039175987e+09 7.870000000000000329e-01 2.803899999999999864e+02
1.487362104138745070e+09 7.862999999999999989e-01 2.803899999999999864e+02
1.487362104252796888e+09 7.874999999999999778e-01 2.803899999999999864e+02
1.487362104352699995e+09 7.874999999999999778e-01 2.803899999999999864e+02
1.487362104447005987e+09 7.865999999999999659e-01 2.803899999999999864e+02
1.487362104551747084e+09 7.870000000000000329e-01 2.803899999999999864e+02
1.487362104647788048e+09 7.869000000000000439e-01 2.803899999999999864e+02
1.487362104746321917e+09 7.879000000000000448e-01 2.803899999999999864e+02
1.487362104846065044e+09 7.869000000000000439e-01 2.803899999999999864e+02
1.487362104945820093e+09 7.863999999999999879e-01 2.803899999999999864e+02
1.487362105062213898e+09 7.870000000000000329e-01 2.803899999999999864e+02
1.487362105161986113e+09 7.872000000000000108e-01 2.803899999999999864e+02
1.487362105261748075e+09 7.864999999999999769e-01 2.803899999999999864e+02
1.487362105361515045e+09 7.863999999999999879e-01 2.803899999999999864e+02
1.487362105461117029e+09 7.871000000000000218e-01 2.803899999999999864e+02
1.487362105560990095e+09 7.869000000000000439e-01 2.803899999999999864e+02
1.487362105660780907e+09 7.873999999999999888e-01 2.803899999999999864e+02
1.487362105756661892e+09 7.863999999999999879e-01 2.803899999999999864e+02
1.487362105874625921e+09 7.872000000000000108e-01 2.803899999999999864e+02
1.487362105974627972e+09 7.870000000000000329e-01 2.803899999999999864e+02
1.487362106074484110e+09 7.872999999999999998e-01 2.803799999999999955e+02
1.487362106173561096e+09 7.864999999999999769e-01 2.803899999999999864e+02
1.487362106273540020e+09 7.872000000000000108e-01 2.803899999999999864e+02
1.487362106372575998e+09 7.868000000000000549e-01 2.803899999999999864e+02
1.487362106472435951e+09 7.865999999999999659e-01 2.803899999999999864e+02
1.487362106571809053e+09 7.869000000000000439e-01 2.803899999999999864e+02
1.487362106685424089e+09 7.881000000000000227e-01 2.803899999999999864e+02
1.487362106785105944e+09 7.868000000000000549e-01 2.803899999999999864e+02
1.487362106885746956e+09 7.863999999999999879e-01 2.803899999999999864e+02
1.487362106984750032e+09 7.874999999999999778e-01 2.803899999999999864e+02
1.487362107084414005e+09 7.871000000000000218e-01 2.803899999999999864e+02
1.487362107183533907e+09 7.875999999999999668e-01 2.803899999999999864e+02
1.487362107283525944e+09 7.866999999999999549e-01 2.803899999999999864e+02
1.487362107382668972e+09 7.862999999999999989e-01 2.803899999999999864e+02
1.487362107496404886e+09 7.879000000000000448e-01 2.803899999999999864e+02
1.487362107596287966e+09 7.877999999999999448e-01 2.803899999999999864e+02
1.487362107696500063e+09 7.868000000000000549e-01 2.803899999999999864e+02
1.487362107795272112e+09 7.869000000000000439e-01 2.803899999999999864e+02
1.487362107895410061e+09 7.874999999999999778e-01 2.803899999999999864e+02
1.487362107994421959e+09 7.871000000000000218e-01 2.803899999999999864e+02
1.487362108094338894e+09 7.865999999999999659e-01 2.803899999999999864e+02
1.487362108189862013e+09 7.870000000000000329e-01 2.803899999999999864e+02
1.487362108290491104e+09 7.870000000000000329e-01 2.803899999999999864e+02
1.487362108404226065e+09 7.872000000000000108e-01 2.803899999999999864e+02
1.487362108504004955e+09 7.865999999999999659e-01 2.803899999999999864e+02
1.487362108603743076e+09 7.870000000000000329e-01 2.803899999999999864e+02
1.487362108703411102e+09 7.874999999999999778e-01 2.803899999999999864e+02
1.487362108802429914e+09 7.870000000000000329e-01 2.803899999999999864e+02
1.487362108903063059e+09 7.875999999999999668e-01 2.803899999999999864e+02
1.487362109002790928e+09 7.872000000000000108e-01 2.803899999999999864e+02
1.487362109102629900e+09 7.865999999999999659e-01 2.803899999999999864e+02
1.487362109218482971e+09 7.863999999999999879e-01 2.803899999999999864e+02
1.487362109314459085e+09 7.872000000000000108e-01 2.803899999999999864e+02
1.487362109416846991e+09 7.866999999999999549e-01 2.803899999999999864e+02
1.487362109517433882e+09 7.862999999999999989e-01 2.803899999999999864e+02
1.487362109616358995e+09 7.868000000000000549e-01 2.803899999999999864e+02
1.487362109711393118e+09 7.866999999999999549e-01 2.803899999999999864e+02
1.487362109811220884e+09 7.879000000000000448e-01 2.803899999999999864e+02
1.487362109928828001e+09 7.865999999999999659e-01 2.803899999999999864e+02
1.487362110029220104e+09 7.871000000000000218e-01 2.803899999999999864e+02
1.487362110129057884e+09 7.877999999999999448e-01 2.803899999999999864e+02
1.487362110228185892e+09 7.865999999999999659e-01 2.803899999999999864e+02
1.487362110326556921e+09 7.882000000000000117e-01 2.803899999999999864e+02
1.487362110427197933e+09 7.873999999999999888e-01 2.803899999999999864e+02
1.487362110527220011e+09 7.866999999999999549e-01 2.803899999999999864e+02
1.487362110627338886e+09 7.866999999999999549e-01 2.803899999999999864e+02
1.487362110721756935e+09 7.870000000000000329e-01 2.803899999999999864e+02
1.487362110836414099e+09 7.869000000000000439e-01 2.803899999999999864e+02
1.487362110940274954e+09 7.871000000000000218e-01 2.803899999999999864e+02
1.487362111036118031e+09 7.861000000000000210e-01 2.803899999999999864e+02
1.487362111139081001e+09 7.872000000000000108e-01 2.803899999999999864e+02
1.487362111234390974e+09 7.874999999999999778e-01 2.803899999999999864e+02
1.487362111333367109e+09 7.872999999999999998e-01 2.803899999999999864e+02
1.487362111433231115e+09 7.862999999999999989e-01 2.803899999999999864e+02
1.487362111537203074e+09 7.872999999999999998e-01 2.803899999999999864e+02
1.487362111650609970e+09 7.862000000000000099e-01 2.803899999999999864e+02
1.487362111748533964e+09 7.866999999999999549e-01 2.803899999999999864e+02
1.487362111845241070e+09 7.869000000000000439e-01 2.803899999999999864e+02
1.487362111945744991e+09 7.870000000000000329e-01 2.803899999999999864e+02
1.487362112045516968e+09 7.874999999999999778e-01 2.803899999999999864e+02
1.487362112145282984e+09 7.863999999999999879e-01 2.803899999999999864e+02
1.487362112245049000e+09 7.874999999999999778e-01 2.803799999999999955e+02
1.487362112344806910e+09 7.877999999999999448e-01 2.803799999999999955e+02
1.487362112461204052e+09 7.866999999999999549e-01 2.803799999999999955e+02
1.487362112560960054e+09 7.872999999999999998e-01 2.803799999999999955e+02
1.487362112660737038e+09 7.872000000000000108e-01 2.803799999999999955e+02
1.487362112760493994e+09 7.871000000000000218e-01 2.803799999999999955e+02
1.487362112860268116e+09 7.871000000000000218e-01 2.803799999999999955e+02
1.487362112959973097e+09 7.872000000000000108e-01 2.803799999999999955e+02
1.487362113059811115e+09 7.876999999999999558e-01 2.803799999999999955e+02
1.487362113159178972e+09 7.872000000000000108e-01 2.803799999999999955e+02
1.487362113273169994e+09 7.872000000000000108e-01 2.803799999999999955e+02
1.487362113372944117e+09 7.870000000000000329e-01 2.803799999999999955e+02
1.487362113471518993e+09 7.869000000000000439e-01 2.803799999999999955e+02
1.487362113571948051e+09 7.870000000000000329e-01 2.803799999999999955e+02
1.487362113671926975e+09 7.875999999999999668e-01 2.803799999999999955e+02
1.487362113769278049e+09 7.868000000000000549e-01 2.803799999999999955e+02
1.487362113866688967e+09 7.872999999999999998e-01 2.803799999999999955e+02
1.487362113967209101e+09 7.868000000000000549e-01 2.803799999999999955e+02
1.487362114069957972e+09 7.869000000000000439e-01 2.803799999999999955e+02
1.487362114179744959e+09 7.868000000000000549e-01 2.803799999999999955e+02
1.487362114282840014e+09 7.872000000000000108e-01 2.803799999999999955e+02
1.487362114382750988e+09 7.862999999999999989e-01 2.803799999999999955e+02
1.487362114478708982e+09 7.871000000000000218e-01 2.803799999999999955e+02
1.487362114581933022e+09 7.870000000000000329e-01 2.803799999999999955e+02
1.487362114681972980e+09 7.869000000000000439e-01 2.803799999999999955e+02
1.487362114777791023e+09 7.874999999999999778e-01 2.803799999999999955e+02
1.487362114890840054e+09 7.870000000000000329e-01 2.803799999999999955e+02
1.487362114991420984e+09 7.870000000000000329e-01 2.803799999999999955e+02
1.487362115093846083e+09 7.869000000000000439e-01 2.803700000000000045e+02
1.487362115193341970e+09 7.877999999999999448e-01 2.803700000000000045e+02
1.487362115293832064e+09 7.863999999999999879e-01 2.803700000000000045e+02
1.487362115392729998e+09 7.874999999999999778e-01 2.803700000000000045e+02
1.487362115492891073e+09 7.880000000000000338e-01 2.803700000000000045e+02
1.487362115587052107e+09 7.876999999999999558e-01 2.803700000000000045e+02
1.487362115691844940e+09 7.877999999999999448e-01 2.803700000000000045e+02
1.487362115803227901e+09 7.875999999999999668e-01 2.803700000000000045e+02
1.487362115902967930e+09 7.875999999999999668e-01 2.803700000000000045e+02
1.487362116002752066e+09 7.872000000000000108e-01 2.803700000000000045e+02
1.487362116102502108e+09 7.862000000000000099e-01 2.803700000000000045e+02
1.487362116202253103e+09 7.876999999999999558e-01 2.803700000000000045e+02
1.487362116302047968e+09 7.869000000000000439e-01 2.803700000000000045e+02
1.487362116401810884e+09 7.863999999999999879e-01 2.803700000000000045e+02
1.487362116501553059e+09 7.872999999999999998e-01 2.803700000000000045e+02
1.487362116601285934e+09 7.872999999999999998e-01 2.803700000000000045e+02
1.487362116715841055e+09 7.874999999999999778e-01 2.803700000000000045e+02
1.487362116815632105e+09 7.871000000000000218e-01 2.803700000000000045e+02
1.487362116915546894e+09 7.870000000000000329e-01 2.803700000000000045e+02
1.487362117012150049e+09 7.866999999999999549e-01 2.803700000000000045e+02
1.487362117110137939e+09 7.872999999999999998e-01 2.803700000000000045e+02
1.487362117210150957e+09 7.866999999999999549e-01 2.803700000000000045e+02
1.487362117313786983e+09 7.868000000000000549e-01 2.803700000000000045e+02
1.487362117413501024e+09 7.866999999999999549e-01 2.803700000000000045e+02
1.487362117526429892e+09 7.863999999999999879e-01 2.803700000000000045e+02
1.487362117626557112e+09 7.866999999999999549e-01 2.803600000000000136e+02
1.487362117726531982e+09 7.872999999999999998e-01 2.803600000000000136e+02
1.487362117825473070e+09 7.872999999999999998e-01 2.803600000000000136e+02
1.487362117925558090e+09 7.875999999999999668e-01 2.803600000000000136e+02
1.487362118025450945e+09 7.872000000000000108e-01 2.803600000000000136e+02
1.487362118122451067e+09 7.873999999999999888e-01 2.803600000000000136e+02
1.487362118223335028e+09 7.872000000000000108e-01 2.803600000000000136e+02
1.487362118338495970e+09 7.874999999999999778e-01 2.803600000000000136e+02
1.487362118435508013e+09 7.872999999999999998e-01 2.803600000000000136e+02
1.487362118537688971e+09 7.872999999999999998e-01 2.803600000000000136e+02
1.487362118633337021e+09 7.866999999999999549e-01 2.803600000000000136e+02
1.487362118735327959e+09 7.868000000000000549e-01 2.803600000000000136e+02
1.487362118836349964e+09 7.864999999999999769e-01 2.803600000000000136e+02
1.487362118930644035e+09 7.874999999999999778e-01 2.803600000000000136e+02
1.487362119035414934e+09 7.872999999999999998e-01 2.803500000000000227e+02
1.487362119145230055e+09 7.865999999999999659e-01 2.803500000000000227e+02
1.487362119245023012e+09 7.870000000000000329e-01 2.803500000000000227e+02
1.487362119344861984e+09 7.869000000000000439e-01 2.803500000000000227e+02
1.487362119442264080e+09 7.870000000000000329e-01 2.803500000000000227e+02
1.487362119542454958e+09 7.870000000000000329e-01 2.803500000000000227e+02
1.487362119644129992e+09 7.874999999999999778e-01 2.803500000000000227e+02
1.487362119743803978e+09 7.863999999999999879e-01 2.803500000000000227e+02
1.487362119859971046e+09 7.872000000000000108e-01 2.803500000000000227e+02
1.487362119960011005e+09 7.869000000000000439e-01 2.803500000000000227e+02
1.487362120059325933e+09 7.869000000000000439e-01 2.803500000000000227e+02
1.487362120159447908e+09 7.875999999999999668e-01 2.803500000000000227e+02
1.487362120258351088e+09 7.870000000000000329e-01 2.803500000000000227e+02
1.487362120358493090e+09 7.871000000000000218e-01 2.803500000000000227e+02
1.487362120458314896e+09 7.873999999999999888e-01 2.803500000000000227e+02
1.487362120552598953e+09 7.877999999999999448e-01 2.803399999999999750e+02
1.487362120656445026e+09 7.865999999999999659e-01 2.803399999999999750e+02
1.487362120771473885e+09 7.865999999999999659e-01 2.803399999999999750e+02
1.487362120870325089e+09 7.873999999999999888e-01 2.803399999999999750e+02
1.487362120969789982e+09 7.866999999999999549e-01 2.803399999999999750e+02
1.487362121069315910e+09 7.875999999999999668e-01 2.803399999999999750e+02
1.487362121169167042e+09 7.871000000000000218e-01 2.803399999999999750e+02
1.487362121269145966e+09 7.865999999999999659e-01 2.803399999999999750e+02
1.487362121368347883e+09 7.864999999999999769e-01 2.803399999999999750e+02
1.487362121468168020e+09 7.874999999999999778e-01 2.803399999999999750e+02
1.487362121567174911e+09 7.871000000000000218e-01 2.803399999999999750e+02
1.487362121681168079e+09 7.868000000000000549e-01 2.803399999999999750e+02
1.487362121781172991e+09 7.868000000000000549e-01 2.803399999999999750e+02
1.487362121880208015e+09 7.872999999999999998e-01 2.803399999999999750e+02
1.487362121980155945e+09 7.863999999999999879e-01 2.803299999999999841e+02
1.487362122080286980e+09 7.866999999999999549e-01 2.803299999999999841e+02
1.487362122176115036e+09 7.868000000000000549e-01 2.803299999999999841e+02
1.487362122279164076e+09 7.873999999999999888e-01 2.803299999999999841e+02
1.487362122377198935e+09 7.863999999999999879e-01 2.803299999999999841e+02
1.487362122487257004e+09 7.872000000000000108e-01 2.803299999999999841e+02
1.487362122587125063e+09 7.873999999999999888e-01 2.803299999999999841e+02
1.487362122686803102e+09 7.872000000000000108e-01 2.803199999999999932e+02
1.487362122786575079e+09 7.872999999999999998e-01 2.803199999999999932e+02
1.487362122886329889e+09 7.872000000000000108e-01 2.803199999999999932e+02
1.487362122986095905e+09 7.881000000000000227e-01 2.803100000000000023e+02
1.487362123085860014e+09 7.872000000000000108e-01 2.803100000000000023e+02
1.487362123185638905e+09 7.868000000000000549e-01 2.803199999999999932e+02
1.487362123302018881e+09 7.879000000000000448e-01 2.803199999999999932e+02
1.487362123403152943e+09 7.871000000000000218e-01 2.803100000000000023e+02
1.487362123498701096e+09 7.873999999999999888e-01 2.802900000000000205e+02
1.487362123601246119e+09 7.875999999999999668e-01 2.802900000000000205e+02
1.487362123701008081e+09 7.877999999999999448e-01 2.802799999999999727e+02
1.487362123800426006e+09 7.872000000000000108e-01 2.802599999999999909e+02
1.487362123900516033e+09 7.876999999999999558e-01 2.802599999999999909e+02
1.487362124000396967e+09 7.877999999999999448e-01 2.802599999999999909e+02
1.487362124113534927e+09 7.872000000000000108e-01 2.802599999999999909e+02
1.487362124213766098e+09 7.874999999999999778e-01 2.802599999999999909e+02
1.487362124313728094e+09 7.874999999999999778e-01 2.802599999999999909e+02
1.487362124409010887e+09 7.877999999999999448e-01 2.802500000000000000e+02
1.487362124513123035e+09 7.870000000000000329e-01 2.802500000000000000e+02
1.487362124607814074e+09 7.873999999999999888e-01 2.802500000000000000e+02
1.487362124712059975e+09 7.869000000000000439e-01 2.802500000000000000e+02
1.487362124811835051e+09 7.870000000000000329e-01 2.802400000000000091e+02
1.487362124925179958e+09 7.870000000000000329e-01 2.802400000000000091e+02
1.487362125024840117e+09 7.875999999999999668e-01 2.802400000000000091e+02
1.487362125124922037e+09 7.869000000000000439e-01 2.802400000000000091e+02
1.487362125218934059e+09 7.875999999999999668e-01 2.802300000000000182e+02
1.487362125318515062e+09 7.873999999999999888e-01 2.802300000000000182e+02
1.487362125417737961e+09 7.875999999999999668e-01 2.802300000000000182e+02
1.487362125522870064e+09 7.876999999999999558e-01 2.802300000000000182e+02
1.487362125622725964e+09 7.871000000000000218e-01 2.802200000000000273e+02
1.487362125736762047e+09 7.876999999999999558e-01 2.802200000000000273e+02
1.487362125835788965e+09 7.872999999999999998e-01 2.801899999999999977e+02
1.487362125935636997e+09 7.872999999999999998e-01 2.801999999999999886e+02
1.487362126034636021e+09 7.873999999999999888e-01 2.801999999999999886e+02
1.487362126134681940e+09 7.876999999999999558e-01 2.801899999999999977e+02
1.487362126233841896e+09 7.871000000000000218e-01 2.801899999999999977e+02
1.487362126333673954e+09 7.869000000000000439e-01 2.801899999999999977e+02
1.487362126433665037e+09 7.869000000000000439e-01 2.801800000000000068e+02
1.487362126544270992e+09 7.874999999999999778e-01 2.801700000000000159e+02
1.487362126642859936e+09 7.873999999999999888e-01 2.801700000000000159e+02
1.487362126743366003e+09 7.876999999999999558e-01 2.801700000000000159e+02
1.487362126843426943e+09 7.876999999999999558e-01 2.801700000000000159e+02
1.487362126942897081e+09 7.875999999999999668e-01 2.801700000000000159e+02
1.487362127042846918e+09 7.868000000000000549e-01 2.801700000000000159e+02
1.487362127142733097e+09 7.874999999999999778e-01 2.801600000000000250e+02
1.487362127258871078e+09 7.875999999999999668e-01 2.801600000000000250e+02
1.487362127358937025e+09 7.872999999999999998e-01 2.801499999999999773e+02
1.487362127457591057e+09 7.873999999999999888e-01 2.801499999999999773e+02
1.487362127557295084e+09 7.863999999999999879e-01 2.801499999999999773e+02
1.487362127656646967e+09 7.875999999999999668e-01 2.801399999999999864e+02
1.487362127756701946e+09 7.871000000000000218e-01 2.801399999999999864e+02
1.487362127855875969e+09 7.872999999999999998e-01 2.801700000000000159e+02
1.487362127951380968e+09 7.872000000000000108e-01 2.801399999999999864e+02
1.487362128069700003e+09 7.871000000000000218e-01 2.801399999999999864e+02
1.487362128169611931e+09 7.875999999999999668e-01 2.801399999999999864e+02
1.487362128268629074e+09 7.872000000000000108e-01 2.801299999999999955e+02
1.487362128368761063e+09 7.869000000000000439e-01 2.801200000000000045e+02
1.487362128463416100e+09 7.865999999999999659e-01 2.801200000000000045e+02
1.487362128565830946e+09 7.881000000000000227e-01 2.801200000000000045e+02
1.487362128667732000e+09 7.873999999999999888e-01 2.801000000000000227e+02
1.487362128766711950e+09 7.863999999999999879e-01 2.800899999999999750e+02
1.487362128880666971e+09 7.869000000000000439e-01 2.800899999999999750e+02
1.487362128979644060e+09 7.877999999999999448e-01 2.800799999999999841e+02
1.487362129076718092e+09 7.872999999999999998e-01 2.800799999999999841e+02
1.487362129179569006e+09 7.869000000000000439e-01 2.800799999999999841e+02
1.487362129279443026e+09 7.871000000000000218e-01 2.800699999999999932e+02
1.487362129378387928e+09 7.861000000000000210e-01 2.800699999999999932e+02
1.487362129478540897e+09 7.872000000000000108e-01 2.800699999999999932e+02
1.487362129577423096e+09 7.875999999999999668e-01 2.800699999999999932e+02
1.487362129677705050e+09 7.869000000000000439e-01 2.800600000000000023e+02
1.487362129791513920e+09 7.874999999999999778e-01 2.800600000000000023e+02
1.487362129889404058e+09 7.876999999999999558e-01 2.800600000000000023e+02
1.487362129985902071e+09 7.877999999999999448e-01 2.800500000000000114e+02
1.487362130085777998e+09 7.873999999999999888e-01 2.800500000000000114e+02
1.487362130185569048e+09 7.885999999999999677e-01 2.800500000000000114e+02
1.487362130285312891e+09 7.881000000000000227e-01 2.800400000000000205e+02
1.487362130385059118e+09 7.875999999999999668e-01 2.800400000000000205e+02
1.487362130484839916e+09 7.875999999999999668e-01 2.800400000000000205e+02
1.487362130601376057e+09 7.874999999999999778e-01 2.800400000000000205e+02
1.487362130700994015e+09 7.871000000000000218e-01 2.800400000000000205e+02
1.487362130800755978e+09 7.877999999999999448e-01 2.800299999999999727e+02
1.487362130900710106e+09 7.879000000000000448e-01 2.800299999999999727e+02
1.487362131000284910e+09 7.879000000000000448e-01 2.800299999999999727e+02
1.487362131099488974e+09 7.871000000000000218e-01 2.800199999999999818e+02
1.487362131199018002e+09 7.875999999999999668e-01 2.800199999999999818e+02
1.487362131299571991e+09 7.873999999999999888e-01 2.800199999999999818e+02
1.487362131412170887e+09 7.879000000000000448e-01 2.800099999999999909e+02
1.487362131509576082e+09 7.875999999999999668e-01 2.800000000000000000e+02
1.487362131612435102e+09 7.871000000000000218e-01 2.800000000000000000e+02
1.487362131712182045e+09 7.880000000000000338e-01 2.800000000000000000e+02
1.487362131809742928e+09 7.872000000000000108e-01 2.799900000000000091e+02
1.487362131909852028e+09 7.873999999999999888e-01 2.799900000000000091e+02
1.487362132010202885e+09 7.874999999999999778e-01 2.799800000000000182e+02
1.487362132110146999e+09 7.874999999999999778e-01 2.799800000000000182e+02
1.487362132224371910e+09 7.869000000000000439e-01 2.799700000000000273e+02
1.487362132323237896e+09 7.881000000000000227e-01 2.799700000000000273e+02
1.487362132423330069e+09 7.874999999999999778e-01 2.799700000000000273e+02
1.487362132523258924e+09 7.874999999999999778e-01 2.799700000000000273e+02
1.487362132617629051e+09 7.873999999999999888e-01 2.799700000000000273e+02
1.487362132722251892e+09 7.876999999999999558e-01 2.799599999999999795e+02
1.487362132821233988e+09 7.872000000000000108e-01 2.799599999999999795e+02
1.487362132918951035e+09 7.865999999999999659e-01 2.799499999999999886e+02
1.487362133032907009e+09 7.872000000000000108e-01 2.799499999999999886e+02
1.487362133134248972e+09 7.872000000000000108e-01 2.799399999999999977e+02
1.487362133230576992e+09 7.868000000000000549e-01 2.799399999999999977e+02
1.487362133333863974e+09 7.874999999999999778e-01 2.799399999999999977e+02
1.487362133433583021e+09 7.875999999999999668e-01 2.799300000000000068e+02
1.487362133533322096e+09 7.874999999999999778e-01 2.799200000000000159e+02
1.487362133627310991e+09 7.869000000000000439e-01 2.799200000000000159e+02
1.487362133732215881e+09 7.874999999999999778e-01 2.799200000000000159e+02
1.487362133843480110e+09 7.876999999999999558e-01 2.799100000000000250e+02
1.487362133943207026e+09 7.875999999999999668e-01 2.799100000000000250e+02
1.487362134042979956e+09 7.875999999999999668e-01 2.799100000000000250e+02
1.487362134144799948e+09 7.873999999999999888e-01 2.798999999999999773e+02
1.487362134241641045e+09 7.870000000000000329e-01 2.798999999999999773e+02
1.487362134342297077e+09 7.866999999999999549e-01 2.798999999999999773e+02
1.487362134442056894e+09 7.870000000000000329e-01 2.798999999999999773e+02
1.487362134541816950e+09 7.872999999999999998e-01 2.798899999999999864e+02
1.487362134657037020e+09 7.874999999999999778e-01 2.798899999999999864e+02
1.487362134754461050e+09 7.875999999999999668e-01 2.798899999999999864e+02
1.487362134856029987e+09 7.869000000000000439e-01 2.798799999999999955e+02
1.487362134955975056e+09 7.872999999999999998e-01 2.798799999999999955e+02
1.487362135055104017e+09 7.865999999999999659e-01 2.798799999999999955e+02
1.487362135154834032e+09 7.872000000000000108e-01 2.798799999999999955e+02
1.487362135255044937e+09 7.875999999999999668e-01 2.798700000000000045e+02
1.487362135354249001e+09 7.869000000000000439e-01 2.798600000000000136e+02
1.487362135463752985e+09 7.870000000000000329e-01 2.798600000000000136e+02
1.487362135565259933e+09 7.871000000000000218e-01 2.798600000000000136e+02
1.487362135663083076e+09 7.874999999999999778e-01 2.798500000000000227e+02
1.487362135761864901e+09 7.865999999999999659e-01 2.798500000000000227e+02
1.487362135865993023e+09 7.872999999999999998e-01 2.798500000000000227e+02
1.487362135961225986e+09 7.872000000000000108e-01 2.798500000000000227e+02
1.487362136065864086e+09 7.871000000000000218e-01 2.798500000000000227e+02
1.487362136161206961e+09 7.875999999999999668e-01 2.798299999999999841e+02
1.487362136260255098e+09 7.873999999999999888e-01 2.798399999999999750e+02
1.487362136378977060e+09 7.872000000000000108e-01 2.798500000000000227e+02
1.487362136473896027e+09 7.872000000000000108e-01 2.798500000000000227e+02
1.487362136577691078e+09 7.869000000000000439e-01 2.798600000000000136e+02
1.487362136676984072e+09 7.875999999999999668e-01 2.798700000000000045e+02
1.487362136773842096e+09 7.877999999999999448e-01 2.798700000000000045e+02
1.487362136876121998e+09 7.875999999999999668e-01 2.798799999999999955e+02
1.487362136976023912e+09 7.871000000000000218e-01 2.798999999999999773e+02
1.487362137085753918e+09 7.872000000000000108e-01 2.799200000000000159e+02
1.487362137185499907e+09 7.872999999999999998e-01 2.799200000000000159e+02
1.487362137284363985e+09 7.868000000000000549e-01 2.799300000000000068e+02
1.487362137384937048e+09 7.877999999999999448e-01 2.799399999999999977e+02
1.487362137487174988e+09 7.871000000000000218e-01 2.799399999999999977e+02
1.487362137584521055e+09 7.868000000000000549e-01 2.799599999999999795e+02
1.487362137684281111e+09 7.877999999999999448e-01 2.799700000000000273e+02
1.487362137781672955e+09 7.875999999999999668e-01 2.799700000000000273e+02
1.487362137883843899e+09 7.874999999999999778e-01 2.799800000000000182e+02
1.487362137996810913e+09 7.866999999999999549e-01 2.799800000000000182e+02
1.487362138099772930e+09 7.875999999999999668e-01 2.799700000000000273e+02
1.487362138194654942e+09 7.870000000000000329e-01 2.799700000000000273e+02
1.487362138293973923e+09 7.872000000000000108e-01 2.799700000000000273e+02
1.487362138397581100e+09 7.866999999999999549e-01 2.799599999999999795e+02
1.487362138494110107e+09 7.874999999999999778e-01 2.799599999999999795e+02
1.487362138597692966e+09 7.863999999999999879e-01 2.799599999999999795e+02
1.487362138697822094e+09 7.868000000000000549e-01 2.799499999999999886e+02
1.487362138796262980e+09 7.875999999999999668e-01 2.799499999999999886e+02
1.487362138908313990e+09 7.873999999999999888e-01 2.799499999999999886e+02
1.487362139010246038e+09 7.872999999999999998e-01 2.799399999999999977e+02
1.487362139109642029e+09 7.869000000000000439e-01 2.799399999999999977e+02
1.487362139209769011e+09 7.876999999999999558e-01 2.799399999999999977e+02
1.487362139309623957e+09 7.872999999999999998e-01 2.799300000000000068e+02
1.487362139408664942e+09 7.871000000000000218e-01 2.799300000000000068e+02
1.487362139508570910e+09 7.876999999999999558e-01 2.799300000000000068e+02
1.487362139607672930e+09 7.872999999999999998e-01 2.799200000000000159e+02
1.487362139721375942e+09 7.876999999999999558e-01 2.799200000000000159e+02
1.487362139821732044e+09 7.880000000000000338e-01 2.799200000000000159e+02
1.487362139920641899e+09 7.876999999999999558e-01 2.799200000000000159e+02
1.487362140020566940e+09 7.872000000000000108e-01 2.799200000000000159e+02
1.487362140120630026e+09 7.869000000000000439e-01 2.799100000000000250e+02
1.487362140214575052e+09 7.872999999999999998e-01 2.799100000000000250e+02
1.487362140319417000e+09 7.872999999999999998e-01 2.799200000000000159e+02
1.487362140418646097e+09 7.862000000000000099e-01 2.799200000000000159e+02
1.487362140527524948e+09 7.872000000000000108e-01 2.799200000000000159e+02
1.487362140632515907e+09 7.869000000000000439e-01 2.799200000000000159e+02
1.487362140732376099e+09 7.872000000000000108e-01 2.799300000000000068e+02
1.487362140826841116e+09 7.872000000000000108e-01 2.799300000000000068e+02
1.487362140926554918e+09 7.881000000000000227e-01 2.799300000000000068e+02
1.487362141026400089e+09 7.872999999999999998e-01 2.799399999999999977e+02
1.487362141126121044e+09 7.876999999999999558e-01 2.799499999999999886e+02
1.487362141225887060e+09 7.863999999999999879e-01 2.799499999999999886e+02
1.487362141342379093e+09 7.870000000000000329e-01 2.799499999999999886e+02
1.487362141442054987e+09 7.870000000000000329e-01 2.799599999999999795e+02
1.487362141541745901e+09 7.872999999999999998e-01 2.799700000000000273e+02
1.487362141641503096e+09 7.883000000000000007e-01 2.799700000000000273e+02
1.487362141741266966e+09 7.870000000000000329e-01 2.799800000000000182e+02
1.487362141836098909e+09 7.874999999999999778e-01 2.799900000000000091e+02
1.487362141940809011e+09 7.880000000000000338e-01 2.799900000000000091e+02
1.487362142040561914e+09 7.871000000000000218e-01 2.800000000000000000e+02
1.487362142154380083e+09 7.872999999999999998e-01 2.800000000000000000e+02
1.487362142254430056e+09 7.873999999999999888e-01 2.800000000000000000e+02
1.487362142354511976e+09 7.874999999999999778e-01 2.800000000000000000e+02
1.487362142449469090e+09 7.869000000000000439e-01 2.800000000000000000e+02
1.487362142551563978e+09 7.872999999999999998e-01 2.800099999999999909e+02
1.487362142652326107e+09 7.872000000000000108e-01 2.800099999999999909e+02
1.487362142751914978e+09 7.872000000000000108e-01 2.800099999999999909e+02
1.487362142852299929e+09 7.874999999999999778e-01 2.800099999999999909e+02
1.487362142966227055e+09 7.870000000000000329e-01 2.800000000000000000e+02
1.487362143065165997e+09 7.873999999999999888e-01 2.800000000000000000e+02
1.487362143165302038e+09 7.868000000000000549e-01 2.800000000000000000e+02
1.487362143264246941e+09 7.866999999999999549e-01 2.800000000000000000e+02
1.487362143364190102e+09 7.866999999999999549e-01 2.800000000000000000e+02
1.487362143459330082e+09 7.870000000000000329e-01 2.799900000000000091e+02
1.487362143563031912e+09 7.871000000000000218e-01 2.799900000000000091e+02
1.487362143663245916e+09 7.862999999999999989e-01 2.799800000000000182e+02
1.487362143773842096e+09 7.873999999999999888e-01 2.799800000000000182e+02
1.487362143876192093e+09 7.874999999999999778e-01 2.799800000000000182e+02
1.487362143976219893e+09 7.873999999999999888e-01 2.799700000000000273e+02
1.487362144075438023e+09 7.879000000000000448e-01 2.799700000000000273e+02
1.487362144173782110e+09 7.875999999999999668e-01 2.799599999999999795e+02
1.487362144274208069e+09 7.879000000000000448e-01 2.799499999999999886e+02
1.487362144374272108e+09 7.876999999999999558e-01 2.799499999999999886e+02
1.487362144474178076e+09 7.864999999999999769e-01 2.799499999999999886e+02
1.487362144567861080e+09 7.872999999999999998e-01 2.799499999999999886e+02
1.487362144684298992e+09 7.872000000000000108e-01 2.799399999999999977e+02
1.487362144783925056e+09 7.871000000000000218e-01 2.799399999999999977e+02
1.487362144884001970e+09 7.864999999999999769e-01 2.799399999999999977e+02
1.487362144983566999e+09 7.871000000000000218e-01 2.799499999999999886e+02
1.487362145083326101e+09 7.872000000000000108e-01 2.799499999999999886e+02
1.487362145183087111e+09 7.870000000000000329e-01 2.799499999999999886e+02
1.487362145282857895e+09 7.869000000000000439e-01 2.799499999999999886e+02
1.487362145398185015e+09 7.872000000000000108e-01 2.799499999999999886e+02
1.487362145493186951e+09 7.872000000000000108e-01 2.799499999999999886e+02
1.487362145598118067e+09 7.872000000000000108e-01 2.799599999999999795e+02
1.487362145696190119e+09 7.871000000000000218e-01 2.799599999999999795e+02
1.487362145797137976e+09 7.873999999999999888e-01 2.799599999999999795e+02
1.487362145896070957e+09 7.873999999999999888e-01 2.799599999999999795e+02
1.487362145994529009e+09 7.869000000000000439e-01 2.799599999999999795e+02
1.487362146091043949e+09 7.869000000000000439e-01 2.799599999999999795e+02
1.487362146206366062e+09 7.868000000000000549e-01 2.799599999999999795e+02
1.487362146309225082e+09 7.871000000000000218e-01 2.799499999999999886e+02
1.487362146408982992e+09 7.873999999999999888e-01 2.799399999999999977e+02
1.487362146508013964e+09 7.873999999999999888e-01 2.799399999999999977e+02
1.487362146608016014e+09 7.866999999999999549e-01 2.799399999999999977e+02
1.487362146708041906e+09 7.872000000000000108e-01 2.799300000000000068e+02
1.487362146806904078e+09 7.871000000000000218e-01 2.799300000000000068e+02
1.487362146906989098e+09 7.871000000000000218e-01 2.799300000000000068e+02
1.487362147005939007e+09 7.872999999999999998e-01 2.799200000000000159e+02
1.487362147119934082e+09 7.870000000000000329e-01 2.799100000000000250e+02
1.487362147220026970e+09 7.872999999999999998e-01 2.799100000000000250e+02
1.487362147319915056e+09 7.863999999999999879e-01 2.798999999999999773e+02
1.487362147416707993e+09 7.876999999999999558e-01 2.798999999999999773e+02
1.487362147519081116e+09 7.872000000000000108e-01 2.798999999999999773e+02
1.487362147612760067e+09 7.869000000000000439e-01 2.798899999999999864e+02
1.487362147714768887e+09 7.872999999999999998e-01 2.798799999999999955e+02
1.487362147816803932e+09 7.865999999999999659e-01 2.798700000000000045e+02
1.487362147926556110e+09 7.875999999999999668e-01 2.798700000000000045e+02
1.487362148026268959e+09 7.873999999999999888e-01 2.798600000000000136e+02
1.487362148125612020e+09 7.870000000000000329e-01 2.798500000000000227e+02
1.487362148227737904e+09 7.866999999999999549e-01 2.798500000000000227e+02
1.487362148325551987e+09 7.870000000000000329e-01 2.798500000000000227e+02
1.487362148425334930e+09 7.872999999999999998e-01 2.798399999999999750e+02
1.487362148525113106e+09 7.871000000000000218e-01 2.798399999999999750e+02
1.487362148624876022e+09 7.871000000000000218e-01 2.798299999999999841e+02
1.487362148738801956e+09 7.874999999999999778e-01 2.798199999999999932e+02
1.487362148841042042e+09 7.872999999999999998e-01 2.798000000000000114e+02
1.487362148940778971e+09 7.875999999999999668e-01 2.798000000000000114e+02
1.487362149040558100e+09 7.870000000000000329e-01 2.797900000000000205e+02
1.487362149139331102e+09 7.863999999999999879e-01 2.797900000000000205e+02
1.487362149239845037e+09 7.874999999999999778e-01 2.797900000000000205e+02
1.487362149339797974e+09 7.873999999999999888e-01 2.797799999999999727e+02
1.487362149438760996e+09 7.871000000000000218e-01 2.797699999999999818e+02
1.487362149552694082e+09 7.872999999999999998e-01 2.797599999999999909e+02
1.487362149652650118e+09 7.876999999999999558e-01 2.797599999999999909e+02
1.487362149752907038e+09 7.873999999999999888e-01 2.797500000000000000e+02
1.487362149851891994e+09 7.882000000000000117e-01 2.797400000000000091e+02
1.487362149951723099e+09 7.876999999999999558e-01 2.797400000000000091e+02
1.487362150050689936e+09 7.873999999999999888e-01 2.797300000000000182e+02
1.487362150145474911e+09 7.876999999999999558e-01 2.797300000000000182e+02
1.487362150249669075e+09 7.877999999999999448e-01 2.797300000000000182e+02
1.487362150349828005e+09 7.874999999999999778e-01 2.797200000000000273e+02
1.487362150463634014e+09 7.872999999999999998e-01 2.797099999999999795e+02
1.487362150562886000e+09 7.869000000000000439e-01 2.797099999999999795e+02
1.487362150662193060e+09 7.872000000000000108e-01 2.797099999999999795e+02
1.487362150762717962e+09 7.875999999999999668e-01 2.796999999999999886e+02
1.487362150856597900e+09 7.873999999999999888e-01 2.796999999999999886e+02
1.487362150961457968e+09 7.875999999999999668e-01 2.796999999999999886e+02
1.487362151061876059e+09 7.874999999999999778e-01 2.796999999999999886e+02
1.487362151174453020e+09 7.871000000000000218e-01 2.796999999999999886e+02
1.487362151274511099e+09 7.881000000000000227e-01 2.796899999999999977e+02
1.487362151368419886e+09 7.876999999999999558e-01 2.796899999999999977e+02
1.487362151473545074e+09 7.879000000000000448e-01 2.796800000000000068e+02
1.487362151569380999e+09 7.865999999999999659e-01 2.796899999999999977e+02
1.487362151667573929e+09 7.874999999999999778e-01 2.796899999999999977e+02
1.487362151772516966e+09 7.870000000000000329e-01 2.796899999999999977e+02
1.487362151872399092e+09 7.874999999999999778e-01 2.796999999999999886e+02
1.487362151969136000e+09 7.873999999999999888e-01 2.797099999999999795e+02
1.487362152083368063e+09 7.876999999999999558e-01 2.797099999999999795e+02
1.487362152183032036e+09 7.875999999999999668e-01 2.797200000000000273e+02
1.487362152282790899e+09 7.872999999999999998e-01 2.797400000000000091e+02
1.487362152382570982e+09 7.862999999999999989e-01 2.797400000000000091e+02
1.487362152481949091e+09 7.864999999999999769e-01 2.797500000000000000e+02
1.487362152582110882e+09 7.879000000000000448e-01 2.797599999999999909e+02
1.487362152681849003e+09 7.870000000000000329e-01 2.797599999999999909e+02
1.487362152781622887e+09 7.870000000000000329e-01 2.797699999999999818e+02
1.487362152881376028e+09 7.872999999999999998e-01 2.797900000000000205e+02
1.487362152995373011e+09 7.872000000000000108e-01 2.798000000000000114e+02
1.487362153090140104e+09 7.865999999999999659e-01 2.798000000000000114e+02
1.487362153195269108e+09 7.877999999999999448e-01 2.798100000000000023e+02
1.487362153294507980e+09 7.872999999999999998e-01 2.798100000000000023e+02
1.487362153389538050e+09 7.873999999999999888e-01 2.798100000000000023e+02
1.487362153494211912e+09 7.877999999999999448e-01 2.798199999999999932e+02
1.487362153592327118e+09 7.870000000000000329e-01 2.798199999999999932e+02
1.487362153691751003e+09 7.876999999999999558e-01 2.798199999999999932e+02
1.487362153807646990e+09 7.870000000000000329e-01 2.798199999999999932e+02
1.487362153906397104e+09 7.874999999999999778e-01 2.798299999999999841e+02
1.487362154001388073e+09 7.869000000000000439e-01 2.798399999999999750e+02
1.487362154104865074e+09 7.864999999999999769e-01 2.798399999999999750e+02
1.487362154205343008e+09 7.876999999999999558e-01 2.798500000000000227e+02
1.487362154305279016e+09 7.873999999999999888e-01 2.798600000000000136e+02
1.487362154404337883e+09 7.865999999999999659e-01 2.798600000000000136e+02
1.487362154504595995e+09 7.881000000000000227e-01 2.798700000000000045e+02
