1.487364160320168972e+09 7.963999999999999968e-01 2.795400000000000205e+02
1.487364160435791969e+09 7.974999999999999867e-01 2.795400000000000205e+02
1.487364160532196045e+09 7.969000000000000528e-01 2.795400000000000205e+02
1.487364160632545948e+09 7.964999999999999858e-01 2.795400000000000205e+02
1.487364160735106945e+09 7.966999999999999638e-01 2.795400000000000205e+02
1.487364160834389925e+09 7.970000000000000417e-01 2.795400000000000205e+02
1.487364160948399067e+09 7.965999999999999748e-01 2.795299999999999727e+02
1.487364161044462919e+09 7.963999999999999968e-01 2.795299999999999727e+02
1.487364161147377014e+09 7.959000000000000519e-01 2.795299999999999727e+02
1.487364161246392965e+09 7.966999999999999638e-01 2.795299999999999727e+02
1.487364161344233990e+09 7.965999999999999748e-01 2.795299999999999727e+02
1.487364161447871923e+09 7.962000000000000188e-01 2.795299999999999727e+02
1.487364161546353102e+09 7.965999999999999748e-01 2.795299999999999727e+02
1.487364161642388105e+09 7.969000000000000528e-01 2.795299999999999727e+02
1.487364161740308046e+09 7.956999999999999629e-01 2.795299999999999727e+02
1.487364161859608889e+09 7.962000000000000188e-01 2.795299999999999727e+02
1.487364161958260059e+09 7.966999999999999638e-01 2.795199999999999818e+02
1.487364162056267023e+09 7.964999999999999858e-01 2.795199999999999818e+02
1.487364162153130054e+09 7.967999999999999527e-01 2.795199999999999818e+02
1.487364162258186102e+09 7.959000000000000519e-01 2.795199999999999818e+02
1.487364162354166985e+09 7.967999999999999527e-01 2.795199999999999818e+02
1.487364162452476025e+09 7.965999999999999748e-01 2.795199999999999818e+02
1.487364162556281090e+09 7.955999999999999739e-01 2.795199999999999818e+02
1.487364162651308060e+09 7.967999999999999527e-01 2.795199999999999818e+02
1.487364162756175995e+09 7.967999999999999527e-01 2.795199999999999818e+02
1.487364162865112066e+09 7.967999999999999527e-01 2.795099999999999909e+02
1.487364162968152046e+09 7.953000000000000069e-01 2.795099999999999909e+02
1.487364163066296101e+09 7.969000000000000528e-01 2.795099999999999909e+02
1.487364163168236017e+09 7.957999999999999519e-01 2.795099999999999909e+02
1.487364163265557051e+09 7.962000000000000188e-01 2.795099999999999909e+02
1.487364163367202044e+09 7.961000000000000298e-01 2.795099999999999909e+02
1.487364163467226982e+09 7.964999999999999858e-01 2.795099999999999909e+02
1.487364163567257881e+09 7.963999999999999968e-01 2.795099999999999909e+02
1.487364163661448002e+09 7.972000000000000197e-01 2.795099999999999909e+02
1.487364163777776957e+09 7.960000000000000409e-01 2.795099999999999909e+02
1.487364163877542973e+09 7.963999999999999968e-01 2.795099999999999909e+02
1.487364163977314949e+09 7.965999999999999748e-01 2.795099999999999909e+02
1.487364164077073097e+09 7.964999999999999858e-01 2.795099999999999909e+02
1.487364164174643040e+09 7.969000000000000528e-01 2.795099999999999909e+02
1.487364164276603937e+09 7.966999999999999638e-01 2.795099999999999909e+02
1.487364164376380920e+09 7.960000000000000409e-01 2.795099999999999909e+02
1.487364164492017031e+09 7.967999999999999527e-01 2.795099999999999909e+02
1.487364164590993881e+09 7.974999999999999867e-01 2.795099999999999909e+02
1.487364164691092014e+09 7.963000000000000078e-01 2.795000000000000000e+02
1.487364164791028976e+09 7.965999999999999748e-01 2.795000000000000000e+02
1.487364164890028954e+09 7.957999999999999519e-01 2.795000000000000000e+02
1.487364164989875078e+09 7.956999999999999629e-01 2.795000000000000000e+02
1.487364165089046001e+09 7.963999999999999968e-01 2.795000000000000000e+02
1.487364165188957930e+09 7.972000000000000197e-01 2.795000000000000000e+02
1.487364165287957907e+09 7.963999999999999968e-01 2.795000000000000000e+02
1.487364165401932001e+09 7.967999999999999527e-01 2.795000000000000000e+02
1.487364165501992941e+09 7.964999999999999858e-01 2.795000000000000000e+02
1.487364165602035046e+09 7.960000000000000409e-01 2.794900000000000091e+02
1.487364165700927019e+09 7.962000000000000188e-01 2.795000000000000000e+02
1.487364165801050901e+09 7.964999999999999858e-01 2.795000000000000000e+02
1.487364165899758101e+09 7.969000000000000528e-01 2.794900000000000091e+02
1.487364165999777079e+09 7.967999999999999527e-01 2.794900000000000091e+02
1.487364166098865032e+09 7.962000000000000188e-01 2.794900000000000091e+02
1.487364166198926926e+09 7.971000000000000307e-01 2.794900000000000091e+02
1.487364166312911987e+09 7.967999999999999527e-01 2.794900000000000091e+02
1.487364166410962105e+09 7.973999999999999977e-01 2.794900000000000091e+02
1.487364166506834030e+09 7.962000000000000188e-01 2.794900000000000091e+02
1.487364166606863976e+09 7.967999999999999527e-01 2.794900000000000091e+02
1.487364166710849047e+09 7.964999999999999858e-01 2.794900000000000091e+02
1.487364166808147907e+09 7.966999999999999638e-01 2.794900000000000091e+02
1.487364166905725002e+09 7.963999999999999968e-01 2.794900000000000091e+02
1.487364167006104946e+09 7.965999999999999748e-01 2.794800000000000182e+02
1.487364167119822025e+09 7.957999999999999519e-01 2.794800000000000182e+02
1.487364167218951941e+09 7.964999999999999858e-01 2.794800000000000182e+02
1.487364167319355011e+09 7.969000000000000528e-01 2.794800000000000182e+02
1.487364167419110060e+09 7.967999999999999527e-01 2.794800000000000182e+02
1.487364167518882990e+09 7.953999999999999959e-01 2.794800000000000182e+02
1.487364167618797064e+09 7.973999999999999977e-01 2.794800000000000182e+02
1.487364167718327045e+09 7.962000000000000188e-01 2.794800000000000182e+02
1.487364167818111897e+09 7.964999999999999858e-01 2.794800000000000182e+02
1.487364167931277990e+09 7.974999999999999867e-01 2.794800000000000182e+02
1.487364168034266949e+09 7.972000000000000197e-01 2.794800000000000182e+02
1.487364168129132032e+09 7.967999999999999527e-01 2.794800000000000182e+02
1.487364168233704090e+09 7.970000000000000417e-01 2.794800000000000182e+02
1.487364168332803011e+09 7.970000000000000417e-01 2.794800000000000182e+02
1.487364168432703018e+09 7.963000000000000078e-01 2.794800000000000182e+02
1.487364168532610893e+09 7.964999999999999858e-01 2.794800000000000182e+02
1.487364168631586075e+09 7.964999999999999858e-01 2.794800000000000182e+02
1.487364168745639086e+09 7.970000000000000417e-01 2.794700000000000273e+02
1.487364168840771914e+09 7.959000000000000519e-01 2.794700000000000273e+02
1.487364168939402103e+09 7.957999999999999519e-01 2.794700000000000273e+02
1.487364169041618109e+09 7.966999999999999638e-01 2.794700000000000273e+02
1.487364169142904043e+09 7.971000000000000307e-01 2.794700000000000273e+02
1.487364169238833904e+09 7.963000000000000078e-01 2.794700000000000273e+02
1.487364169340581894e+09 7.959000000000000519e-01 2.794700000000000273e+02
1.487364169437969923e+09 7.963999999999999968e-01 2.794700000000000273e+02
1.487364169552611113e+09 7.959000000000000519e-01 2.794700000000000273e+02
1.487364169656213045e+09 7.967999999999999527e-01 2.794700000000000273e+02
1.487364169750794888e+09 7.960000000000000409e-01 2.794700000000000273e+02
1.487364169850127935e+09 7.974999999999999867e-01 2.794700000000000273e+02
1.487364169949759007e+09 7.963000000000000078e-01 2.794700000000000273e+02
1.487364170054619074e+09 7.965999999999999748e-01 2.794599999999999795e+02
1.487364170151635885e+09 7.967999999999999527e-01 2.794599999999999795e+02
1.487364170253243923e+09 7.965999999999999748e-01 2.794599999999999795e+02
1.487364170367585897e+09 7.966999999999999638e-01 2.794599999999999795e+02
1.487364170467686892e+09 7.966999999999999638e-01 2.794599999999999795e+02
1.487364170561572075e+09 7.967999999999999527e-01 2.794599999999999795e+02
1.487364170662842035e+09 7.963000000000000078e-01 2.794599999999999795e+02
1.487364170766467094e+09 7.963000000000000078e-01 2.794599999999999795e+02
1.487364170860836029e+09 7.966999999999999638e-01 2.794599999999999795e+02
1.487364170960545063e+09 7.969000000000000528e-01 2.794599999999999795e+02
1.487364171060194969e+09 7.964999999999999858e-01 2.794599999999999795e+02
1.487364171176486015e+09 7.965999999999999748e-01 2.794599999999999795e+02
1.487364171276539087e+09 7.962000000000000188e-01 2.794599999999999795e+02
1.487364171376355886e+09 7.963000000000000078e-01 2.794599999999999795e+02
1.487364171472589970e+09 7.967999999999999527e-01 2.794599999999999795e+02
1.487364171573525906e+09 7.965999999999999748e-01 2.794599999999999795e+02
1.487364171675618887e+09 7.970000000000000417e-01 2.794599999999999795e+02
1.487364171775340080e+09 7.965999999999999748e-01 2.794599999999999795e+02
1.487364171875071049e+09 7.971000000000000307e-01 2.794599999999999795e+02
1.487364171969985008e+09 7.967999999999999527e-01 2.794599999999999795e+02
1.487364172085306883e+09 7.960000000000000409e-01 2.794599999999999795e+02
1.487364172188383102e+09 7.967999999999999527e-01 2.794499999999999886e+02
1.487364172288204908e+09 7.967999999999999527e-01 2.794599999999999795e+02
1.487364172388341904e+09 7.967999999999999527e-01 2.794599999999999795e+02
1.487364172487234116e+09 7.970000000000000417e-01 2.794499999999999886e+02
1.487364172582500935e+09 7.960000000000000409e-01 2.794499999999999886e+02
1.487364172681128025e+09 7.964999999999999858e-01 2.794499999999999886e+02
1.487364172781392097e+09 7.966999999999999638e-01 2.794499999999999886e+02
1.487364172896627903e+09 7.964999999999999858e-01 2.794499999999999886e+02
1.487364172999164104e+09 7.969000000000000528e-01 2.794499999999999886e+02
1.487364173099272966e+09 7.965999999999999748e-01 2.794499999999999886e+02
1.487364173199290991e+09 7.965999999999999748e-01 2.794499999999999886e+02
1.487364173298294067e+09 7.955999999999999739e-01 2.794499999999999886e+02
1.487364173393465042e+09 7.962000000000000188e-01 2.794499999999999886e+02
1.487364173497349024e+09 7.967999999999999527e-01 2.794499999999999886e+02
1.487364173608285904e+09 7.965999999999999748e-01 2.794499999999999886e+02
1.487364173711035967e+09 7.963000000000000078e-01 2.794499999999999886e+02
1.487364173810020924e+09 7.966999999999999638e-01 2.794499999999999886e+02
1.487364173910206079e+09 7.966999999999999638e-01 2.794499999999999886e+02
1.487364174010206938e+09 7.967999999999999527e-01 2.794499999999999886e+02
1.487364174109042883e+09 7.963999999999999968e-01 2.794499999999999886e+02
1.487364174209184885e+09 7.972000000000000197e-01 2.794399999999999977e+02
1.487364174308049917e+09 7.969000000000000528e-01 2.794399999999999977e+02
1.487364174403796911e+09 7.967999999999999527e-01 2.794399999999999977e+02
1.487364174518076897e+09 7.965999999999999748e-01 2.794399999999999977e+02
1.487364174616049051e+09 7.967999999999999527e-01 2.794399999999999977e+02
1.487364174720597029e+09 7.966999999999999638e-01 2.794399999999999977e+02
1.487364174817842007e+09 7.961000000000000298e-01 2.794399999999999977e+02
1.487364174914736986e+09 7.962000000000000188e-01 2.794399999999999977e+02
1.487364175017596006e+09 7.957999999999999519e-01 2.794399999999999977e+02
1.487364175117356062e+09 7.963000000000000078e-01 2.794399999999999977e+02
1.487364175216671944e+09 7.965999999999999748e-01 2.794399999999999977e+02
1.487364175328299999e+09 7.963999999999999968e-01 2.794399999999999977e+02
1.487364175431997061e+09 7.963000000000000078e-01 2.794399999999999977e+02
1.487364175532147884e+09 7.970000000000000417e-01 2.794399999999999977e+02
1.487364175632025003e+09 7.966999999999999638e-01 2.794399999999999977e+02
1.487364175730535030e+09 7.964999999999999858e-01 2.794399999999999977e+02
1.487364175830951929e+09 7.965999999999999748e-01 2.794399999999999977e+02
1.487364175929761887e+09 7.961000000000000298e-01 2.794399999999999977e+02
1.487364176029827118e+09 7.961000000000000298e-01 2.794399999999999977e+02
1.487364176143927097e+09 7.965999999999999748e-01 2.794399999999999977e+02
1.487364176242964983e+09 7.964999999999999858e-01 2.794399999999999977e+02
1.487364176342499018e+09 7.965999999999999748e-01 2.794399999999999977e+02
1.487364176443073034e+09 7.965999999999999748e-01 2.794399999999999977e+02
1.487364176542989016e+09 7.969000000000000528e-01 2.794399999999999977e+02
1.487364176639787912e+09 7.967999999999999527e-01 2.794399999999999977e+02
1.487364176741749048e+09 7.959000000000000519e-01 2.794300000000000068e+02
1.487364176840878963e+09 7.962000000000000188e-01 2.794399999999999977e+02
1.487364176954871893e+09 7.963999999999999968e-01 2.794399999999999977e+02
1.487364177053550959e+09 7.963999999999999968e-01 2.794300000000000068e+02
1.487364177153879881e+09 7.963999999999999968e-01 2.794300000000000068e+02
1.487364177253881931e+09 7.971000000000000307e-01 2.794300000000000068e+02
1.487364177353785992e+09 7.970000000000000417e-01 2.794300000000000068e+02
1.487364177452817917e+09 7.963999999999999968e-01 2.794300000000000068e+02
1.487364177552830935e+09 7.963000000000000078e-01 2.794300000000000068e+02
1.487364177661216974e+09 7.963999999999999968e-01 2.794300000000000068e+02
1.487364177760982037e+09 7.961000000000000298e-01 2.794300000000000068e+02
1.487364177860749960e+09 7.966999999999999638e-01 2.794300000000000068e+02
1.487364177960509062e+09 7.960000000000000409e-01 2.794300000000000068e+02
1.487364178060270071e+09 7.966999999999999638e-01 2.794300000000000068e+02
1.487364178160044909e+09 7.959000000000000519e-01 2.794300000000000068e+02
1.487364178259783030e+09 7.951000000000000290e-01 2.794300000000000068e+02
1.487364178359570980e+09 7.967999999999999527e-01 2.794300000000000068e+02
1.487364178459340096e+09 7.975999999999999757e-01 2.794300000000000068e+02
1.487364178575731039e+09 7.965999999999999748e-01 2.794300000000000068e+02
1.487364178675493956e+09 7.963000000000000078e-01 2.794300000000000068e+02
1.487364178775296926e+09 7.961000000000000298e-01 2.794300000000000068e+02
1.487364178875020027e+09 7.964999999999999858e-01 2.794300000000000068e+02
1.487364178974581957e+09 7.962000000000000188e-01 2.794300000000000068e+02
1.487364179070498943e+09 7.963999999999999968e-01 2.794300000000000068e+02
1.487364179174315929e+09 7.966999999999999638e-01 2.794300000000000068e+02
1.487364179273785114e+09 7.959000000000000519e-01 2.794300000000000068e+02
1.487364179387665033e+09 7.960000000000000409e-01 2.794300000000000068e+02
1.487364179487612963e+09 7.970000000000000417e-01 2.794300000000000068e+02
1.487364179586663961e+09 7.973999999999999977e-01 2.794300000000000068e+02
1.487364179684535980e+09 7.957999999999999519e-01 2.794300000000000068e+02
1.487364179785563946e+09 7.963000000000000078e-01 2.794300000000000068e+02
1.487364179885462046e+09 7.965999999999999748e-01 2.794200000000000159e+02
1.487364179985671997e+09 7.957999999999999519e-01 2.794200000000000159e+02
1.487364180080080986e+09 7.965999999999999748e-01 2.794200000000000159e+02
1.487364180184544086e+09 7.967999999999999527e-01 2.794200000000000159e+02
1.487364180298336983e+09 7.963999999999999968e-01 2.794200000000000159e+02
1.487364180397485018e+09 7.963000000000000078e-01 2.794200000000000159e+02
1.487364180497513056e+09 7.963999999999999968e-01 2.794200000000000159e+02
1.487364180596507072e+09 7.965999999999999748e-01 2.794200000000000159e+02
1.487364180691509008e+09 7.963999999999999968e-01 2.794200000000000159e+02
1.487364180796565056e+09 7.963000000000000078e-01 2.794200000000000159e+02
1.487364180895436049e+09 7.956999999999999629e-01 2.794200000000000159e+02
1.487364180995501041e+09 7.972000000000000197e-01 2.794200000000000159e+02
1.487364181094523907e+09 7.965999999999999748e-01 2.794200000000000159e+02
1.487364181208628893e+09 7.963999999999999968e-01 2.794200000000000159e+02
1.487364181308404922e+09 7.959000000000000519e-01 2.794200000000000159e+02
1.487364181407480955e+09 7.969000000000000528e-01 2.794200000000000159e+02
1.487364181507639885e+09 7.956999999999999629e-01 2.794200000000000159e+02
1.487364181607525110e+09 7.965999999999999748e-01 2.794200000000000159e+02
1.487364181701447964e+09 7.963999999999999968e-01 2.794200000000000159e+02
1.487364181805722952e+09 7.969000000000000528e-01 2.794200000000000159e+02
1.487364181906389952e+09 7.966999999999999638e-01 2.794200000000000159e+02
1.487364182017363071e+09 7.965999999999999748e-01 2.794200000000000159e+02
1.487364182117227077e+09 7.963000000000000078e-01 2.794200000000000159e+02
1.487364182215313911e+09 7.966999999999999638e-01 2.794200000000000159e+02
1.487364182316732883e+09 7.963000000000000078e-01 2.794200000000000159e+02
1.487364182416546106e+09 7.966999999999999638e-01 2.794200000000000159e+02
1.487364182516294956e+09 7.955999999999999739e-01 2.794200000000000159e+02
1.487364182616056919e+09 7.963999999999999968e-01 2.794200000000000159e+02
1.487364182715796947e+09 7.959000000000000519e-01 2.794100000000000250e+02
1.487364182829771042e+09 7.961000000000000298e-01 2.794100000000000250e+02
1.487364182930284023e+09 7.964999999999999858e-01 2.794100000000000250e+02
1.487364183030369997e+09 7.965999999999999748e-01 2.794100000000000250e+02
1.487364183129389048e+09 7.971000000000000307e-01 2.794100000000000250e+02
1.487364183229413986e+09 7.964999999999999858e-01 2.794100000000000250e+02
1.487364183328233957e+09 7.955999999999999739e-01 2.794100000000000250e+02
1.487364183428385973e+09 7.960000000000000409e-01 2.794100000000000250e+02
1.487364183528259039e+09 7.967999999999999527e-01 2.794100000000000250e+02
1.487364183637749910e+09 7.967999999999999527e-01 2.794100000000000250e+02
1.487364183735891104e+09 7.962000000000000188e-01 2.794100000000000250e+02
1.487364183837907076e+09 7.966999999999999638e-01 2.794100000000000250e+02
1.487364183940129042e+09 7.964999999999999858e-01 2.794100000000000250e+02
1.487364184040157080e+09 7.960000000000000409e-01 2.794100000000000250e+02
1.487364184139056921e+09 7.967999999999999527e-01 2.794100000000000250e+02
1.487364184239257097e+09 7.960000000000000409e-01 2.794100000000000250e+02
1.487364184339160919e+09 7.972000000000000197e-01 2.794100000000000250e+02
1.487364184453174114e+09 7.957999999999999519e-01 2.794100000000000250e+02
1.487364184549424887e+09 7.962000000000000188e-01 2.794100000000000250e+02
1.487364184651659966e+09 7.961000000000000298e-01 2.794100000000000250e+02
1.487364184749870062e+09 7.962000000000000188e-01 2.794100000000000250e+02
1.487364184851228952e+09 7.955999999999999739e-01 2.794100000000000250e+02
1.487364184950242996e+09 7.965999999999999748e-01 2.794100000000000250e+02
1.487364185049658060e+09 7.961000000000000298e-01 2.794100000000000250e+02
1.487364185150213957e+09 7.963999999999999968e-01 2.794100000000000250e+02
1.487364185259833097e+09 7.966999999999999638e-01 2.794100000000000250e+02
1.487364185359514952e+09 7.957999999999999519e-01 2.794100000000000250e+02
1.487364185459275961e+09 7.960000000000000409e-01 2.793999999999999773e+02
1.487364185558593988e+09 7.969000000000000528e-01 2.793999999999999773e+02
1.487364185658720016e+09 7.964999999999999858e-01 2.793999999999999773e+02
1.487364185758568048e+09 7.960000000000000409e-01 2.793999999999999773e+02
1.487364185858261108e+09 7.962000000000000188e-01 2.793999999999999773e+02
1.487364185958017111e+09 7.963000000000000078e-01 2.793999999999999773e+02
1.487364186057801008e+09 7.967999999999999527e-01 2.793999999999999773e+02
1.487364186174058914e+09 7.957999999999999519e-01 2.793999999999999773e+02
1.487364186273998976e+09 7.959000000000000519e-01 2.793999999999999773e+02
1.487364186372982979e+09 7.961000000000000298e-01 2.793999999999999773e+02
1.487364186472944975e+09 7.970000000000000417e-01 2.793999999999999773e+02
1.487364186572026968e+09 7.963000000000000078e-01 2.793999999999999773e+02
1.487364186671813965e+09 7.963999999999999968e-01 2.793999999999999773e+02
1.487364186772017956e+09 7.960000000000000409e-01 2.793999999999999773e+02
1.487364186870898008e+09 7.962000000000000188e-01 2.793999999999999773e+02
1.487364186983772039e+09 7.964999999999999858e-01 2.793999999999999773e+02
1.487364187079883099e+09 7.971000000000000307e-01 2.793999999999999773e+02
1.487364187182651997e+09 7.966999999999999638e-01 2.793999999999999773e+02
1.487364187279901981e+09 7.964999999999999858e-01 2.793999999999999773e+02
1.487364187381546021e+09 7.969000000000000528e-01 2.793999999999999773e+02
1.487364187480061054e+09 7.965999999999999748e-01 2.793999999999999773e+02
1.487364187578339100e+09 7.967999999999999527e-01 2.793999999999999773e+02
1.487364187694468021e+09 7.959000000000000519e-01 2.793999999999999773e+02
1.487364187795965910e+09 7.961000000000000298e-01 2.793999999999999773e+02
1.487364187895858049e+09 7.965999999999999748e-01 2.793999999999999773e+02
1.487364187991415977e+09 7.966999999999999638e-01 2.793999999999999773e+02
1.487364188094810963e+09 7.959000000000000519e-01 2.793999999999999773e+02
1.487364188194924116e+09 7.963000000000000078e-01 2.793899999999999864e+02
1.487364188293728113e+09 7.966999999999999638e-01 2.793899999999999864e+02
1.487364188393737078e+09 7.963999999999999968e-01 2.793899999999999864e+02
1.487364188492762089e+09 7.963000000000000078e-01 2.793899999999999864e+02
1.487364188601732016e+09 7.970000000000000417e-01 2.793899999999999864e+02
1.487364188706630945e+09 7.963000000000000078e-01 2.793899999999999864e+02
1.487364188806732893e+09 7.967999999999999527e-01 2.793899999999999864e+02
1.487364188901034117e+09 7.960000000000000409e-01 2.793899999999999864e+02
1.487364189000792980e+09 7.960000000000000409e-01 2.793899999999999864e+02
1.487364189100558043e+09 7.960000000000000409e-01 2.793899999999999864e+02
1.487364189200347900e+09 7.962000000000000188e-01 2.793899999999999864e+02
1.487364189300086975e+09 7.963000000000000078e-01 2.793899999999999864e+02
1.487364189416481018e+09 7.966999999999999638e-01 2.793899999999999864e+02
1.487364189516242027e+09 7.963999999999999968e-01 2.793899999999999864e+02
1.487364189615942001e+09 7.963000000000000078e-01 2.793899999999999864e+02
1.487364189715693951e+09 7.962000000000000188e-01 2.793899999999999864e+02
1.487364189815464973e+09 7.955999999999999739e-01 2.793899999999999864e+02
1.487364189915211916e+09 7.963000000000000078e-01 2.793899999999999864e+02
1.487364190014997959e+09 7.964999999999999858e-01 2.793899999999999864e+02
1.487364190114738941e+09 7.955999999999999739e-01 2.793899999999999864e+02
1.487364190228789091e+09 7.961000000000000298e-01 2.793899999999999864e+02
1.487364190328577042e+09 7.967999999999999527e-01 2.793899999999999864e+02
1.487364190428487062e+09 7.960000000000000409e-01 2.793899999999999864e+02
1.487364190527591944e+09 7.965999999999999748e-01 2.793899999999999864e+02
1.487364190627552032e+09 7.961000000000000298e-01 2.793899999999999864e+02
1.487364190726547956e+09 7.961000000000000298e-01 2.793899999999999864e+02
1.487364190826488972e+09 7.969000000000000528e-01 2.793899999999999864e+02
1.487364190923247099e+09 7.967999999999999527e-01 2.793899999999999864e+02
1.487364191039423943e+09 7.964999999999999858e-01 2.793899999999999864e+02
1.487364191139588118e+09 7.973000000000000087e-01 2.793899999999999864e+02
1.487364191239456892e+09 7.973000000000000087e-01 2.793899999999999864e+02
1.487364191338514090e+09 7.969000000000000528e-01 2.793899999999999864e+02
1.487364191438371897e+09 7.966999999999999638e-01 2.793899999999999864e+02
1.487364191533837080e+09 7.960000000000000409e-01 2.793899999999999864e+02
1.487364191636174917e+09 7.963000000000000078e-01 2.793899999999999864e+02
1.487364191736351013e+09 7.966999999999999638e-01 2.793899999999999864e+02
1.487364191836364985e+09 7.965999999999999748e-01 2.793899999999999864e+02
1.487364191950455904e+09 7.962000000000000188e-01 2.793899999999999864e+02
1.487364192050374985e+09 7.964999999999999858e-01 2.793899999999999864e+02
1.487364192149529934e+09 7.969000000000000528e-01 2.793899999999999864e+02
1.487364192244555950e+09 7.964999999999999858e-01 2.793899999999999864e+02
1.487364192348350048e+09 7.969000000000000528e-01 2.793899999999999864e+02
1.487364192448267937e+09 7.971000000000000307e-01 2.793899999999999864e+02
1.487364192548299074e+09 7.963000000000000078e-01 2.793899999999999864e+02
1.487364192659004927e+09 7.964999999999999858e-01 2.793899999999999864e+02
1.487364192760495901e+09 7.967999999999999527e-01 2.793899999999999864e+02
1.487364192858222961e+09 7.959000000000000519e-01 2.793899999999999864e+02
1.487364192958002090e+09 7.966999999999999638e-01 2.793899999999999864e+02
1.487364193057753086e+09 7.962000000000000188e-01 2.793899999999999864e+02
1.487364193157516003e+09 7.965999999999999748e-01 2.793899999999999864e+02
1.487364193257313013e+09 7.963000000000000078e-01 2.793899999999999864e+02
1.487364193356940985e+09 7.960000000000000409e-01 2.793899999999999864e+02
1.487364193456820011e+09 7.964999999999999858e-01 2.793799999999999955e+02
1.487364193571624994e+09 7.963000000000000078e-01 2.793799999999999955e+02
1.487364193672236919e+09 7.969000000000000528e-01 2.793899999999999864e+02
1.487364193767115116e+09 7.962000000000000188e-01 2.793899999999999864e+02
1.487364193871335030e+09 7.962000000000000188e-01 2.793899999999999864e+02
1.487364193971211910e+09 7.966999999999999638e-01 2.793899999999999864e+02
1.487364194070270061e+09 7.967999999999999527e-01 2.793899999999999864e+02
1.487364194170169115e+09 7.957999999999999519e-01 2.793899999999999864e+02
1.487364194269361019e+09 7.963000000000000078e-01 2.793899999999999864e+02
1.487364194369251966e+09 7.955999999999999739e-01 2.793899999999999864e+02
1.487364194483196974e+09 7.961000000000000298e-01 2.793799999999999955e+02
1.487364194582217932e+09 7.972000000000000197e-01 2.793799999999999955e+02
1.487364194682163954e+09 7.963000000000000078e-01 2.793899999999999864e+02
1.487364194782264948e+09 7.967999999999999527e-01 2.793899999999999864e+02
1.487364194881114006e+09 7.963999999999999968e-01 2.793899999999999864e+02
1.487364194981245041e+09 7.967999999999999527e-01 2.793899999999999864e+02
1.487364195079577923e+09 7.966999999999999638e-01 2.793899999999999864e+02
1.487364195175756931e+09 7.959000000000000519e-01 2.793799999999999955e+02
1.487364195294111013e+09 7.967999999999999527e-01 2.793799999999999955e+02
1.487364195393126965e+09 7.967999999999999527e-01 2.793799999999999955e+02
1.487364195493017912e+09 7.962000000000000188e-01 2.793799999999999955e+02
1.487364195593166113e+09 7.959000000000000519e-01 2.793799999999999955e+02
1.487364195691984892e+09 7.963999999999999968e-01 2.793799999999999955e+02
1.487364195792095900e+09 7.963000000000000078e-01 2.793799999999999955e+02
1.487364195890965939e+09 7.959000000000000519e-01 2.793799999999999955e+02
1.487364195989548922e+09 7.967999999999999527e-01 2.793799999999999955e+02
1.487364196100333929e+09 7.972000000000000197e-01 2.793799999999999955e+02
1.487364196199785948e+09 7.966999999999999638e-01 2.793799999999999955e+02
1.487364196299318075e+09 7.971000000000000307e-01 2.793799999999999955e+02
1.487364196399616957e+09 7.963999999999999968e-01 2.793799999999999955e+02
1.487364196499475002e+09 7.970000000000000417e-01 2.793799999999999955e+02
1.487364196599261999e+09 7.963000000000000078e-01 2.793799999999999955e+02
1.487364196698924065e+09 7.963999999999999968e-01 2.793799999999999955e+02
1.487364196798789024e+09 7.954999999999999849e-01 2.793799999999999955e+02
1.487364196915177107e+09 7.963999999999999968e-01 2.793799999999999955e+02
1.487364197014204025e+09 7.963999999999999968e-01 2.793799999999999955e+02
1.487364197114808083e+09 7.963000000000000078e-01 2.793799999999999955e+02
1.487364197209686995e+09 7.961000000000000298e-01 2.793799999999999955e+02
1.487364197314057112e+09 7.963999999999999968e-01 2.793799999999999955e+02
1.487364197413934946e+09 7.965999999999999748e-01 2.793799999999999955e+02
1.487364197513287067e+09 7.967999999999999527e-01 2.793799999999999955e+02
1.487364197623419046e+09 7.962000000000000188e-01 2.793799999999999955e+02
1.487364197727054119e+09 7.971000000000000307e-01 2.793799999999999955e+02
1.487364197825721025e+09 7.963000000000000078e-01 2.793799999999999955e+02
1.487364197925966978e+09 7.957999999999999519e-01 2.793799999999999955e+02
1.487364198025902987e+09 7.966999999999999638e-01 2.793799999999999955e+02
1.487364198124862909e+09 7.964999999999999858e-01 2.793799999999999955e+02
1.487364198224736929e+09 7.964999999999999858e-01 2.793799999999999955e+02
1.487364198323760033e+09 7.956999999999999629e-01 2.793799999999999955e+02
1.487364198423727989e+09 7.969000000000000528e-01 2.793799999999999955e+02
1.487364198537998915e+09 7.962000000000000188e-01 2.793799999999999955e+02
1.487364198636817932e+09 7.963999999999999968e-01 2.793799999999999955e+02
1.487364198736872911e+09 7.963000000000000078e-01 2.793799999999999955e+02
1.487364198836618900e+09 7.970000000000000417e-01 2.793799999999999955e+02
1.487364198935755014e+09 7.961000000000000298e-01 2.793799999999999955e+02
1.487364199035762072e+09 7.966999999999999638e-01 2.793799999999999955e+02
1.487364199134820938e+09 7.960000000000000409e-01 2.793799999999999955e+02
1.487364199234656096e+09 7.965999999999999748e-01 2.793799999999999955e+02
1.487364199334742069e+09 7.957999999999999519e-01 2.793799999999999955e+02
1.487364199447691917e+09 7.966999999999999638e-01 2.793799999999999955e+02
1.487364199546442032e+09 7.961000000000000298e-01 2.793799999999999955e+02
1.487364199647574902e+09 7.965999999999999748e-01 2.793799999999999955e+02
1.487364199743077993e+09 7.963999999999999968e-01 2.793799999999999955e+02
1.487364199846597910e+09 7.966999999999999638e-01 2.793799999999999955e+02
1.487364199946682930e+09 7.969000000000000528e-01 2.793799999999999955e+02
1.487364200040982962e+09 7.965999999999999748e-01 2.793799999999999955e+02
1.487364200145808935e+09 7.963999999999999968e-01 2.793799999999999955e+02
1.487364200257163048e+09 7.964999999999999858e-01 2.793799999999999955e+02
1.487364200356497049e+09 7.959000000000000519e-01 2.793799999999999955e+02
1.487364200456705093e+09 7.964999999999999858e-01 2.793799999999999955e+02
1.487364200555129051e+09 7.965999999999999748e-01 2.793799999999999955e+02
1.487364200656236887e+09 7.967999999999999527e-01 2.793799999999999955e+02
1.487364200755935907e+09 7.972000000000000197e-01 2.793799999999999955e+02
1.487364200852227926e+09 7.955999999999999739e-01 2.793799999999999955e+02
1.487364200954643965e+09 7.956999999999999629e-01 2.793799999999999955e+02
1.487364201070624113e+09 7.963000000000000078e-01 2.793799999999999955e+02
1.487364201169358969e+09 7.964999999999999858e-01 2.793799999999999955e+02
1.487364201265475035e+09 7.962000000000000188e-01 2.793799999999999955e+02
1.487364201364283085e+09 7.966999999999999638e-01 2.793799999999999955e+02
1.487364201463891983e+09 7.963999999999999968e-01 2.793799999999999955e+02
1.487364201568619967e+09 7.963000000000000078e-01 2.793799999999999955e+02
1.487364201666801929e+09 7.962000000000000188e-01 2.793799999999999955e+02
1.487364201767607927e+09 7.960000000000000409e-01 2.793799999999999955e+02
1.487364201881445885e+09 7.963000000000000078e-01 2.793799999999999955e+02
1.487364201975902081e+09 7.962000000000000188e-01 2.793799999999999955e+02
1.487364202079271078e+09 7.966999999999999638e-01 2.793799999999999955e+02
1.487364202176126003e+09 7.967999999999999527e-01 2.793799999999999955e+02
1.487364202274285078e+09 7.966999999999999638e-01 2.793799999999999955e+02
1.487364202375624895e+09 7.964999999999999858e-01 2.793799999999999955e+02
1.487364202476142883e+09 7.964999999999999858e-01 2.793799999999999955e+02
1.487364202578340054e+09 7.963999999999999968e-01 2.793799999999999955e+02
1.487364202690115929e+09 7.971000000000000307e-01 2.793799999999999955e+02
1.487364202790787935e+09 7.961000000000000298e-01 2.793899999999999864e+02
1.487364202891488075e+09 7.961000000000000298e-01 2.793899999999999864e+02
1.487364202990324974e+09 7.967999999999999527e-01 2.793799999999999955e+02
1.487364203090316057e+09 7.959000000000000519e-01 2.793799999999999955e+02
1.487364203190511942e+09 7.962000000000000188e-01 2.793799999999999955e+02
1.487364203289438009e+09 7.963999999999999968e-01 2.793799999999999955e+02
1.487364203389400005e+09 7.966999999999999638e-01 2.793799999999999955e+02
1.487364203499463081e+09 7.969000000000000528e-01 2.793799999999999955e+02
1.487364203599143028e+09 7.963999999999999968e-01 2.793799999999999955e+02
1.487364203699917078e+09 7.965999999999999748e-01 2.793799999999999955e+02
1.487364203796214104e+09 7.963000000000000078e-01 2.793799999999999955e+02
1.487364203901289940e+09 7.957999999999999519e-01 2.793799999999999955e+02
1.487364204001336098e+09 7.959000000000000519e-01 2.793799999999999955e+02
1.487364204097969055e+09 7.965999999999999748e-01 2.793799999999999955e+02
1.487364204197731018e+09 7.964999999999999858e-01 2.793799999999999955e+02
1.487364204314152002e+09 7.956999999999999629e-01 2.793799999999999955e+02
1.487364204413367033e+09 7.959000000000000519e-01 2.793799999999999955e+02
1.487364204513276100e+09 7.963999999999999968e-01 2.793799999999999955e+02
1.487364204612258911e+09 7.955999999999999739e-01 2.793799999999999955e+02
1.487364204708343983e+09 7.959000000000000519e-01 2.793799999999999955e+02
1.487364204812256098e+09 7.969000000000000528e-01 2.793799999999999955e+02
1.487364204911180973e+09 7.962000000000000188e-01 2.793799999999999955e+02
1.487364205011084080e+09 7.952000000000000179e-01 2.793799999999999955e+02
1.487364205121215105e+09 7.955999999999999739e-01 2.793799999999999955e+02
1.487364205224375963e+09 7.957999999999999519e-01 2.793799999999999955e+02
1.487364205324352026e+09 7.962000000000000188e-01 2.793799999999999955e+02
1.487364205420542955e+09 7.963000000000000078e-01 2.793799999999999955e+02
1.487364205523046970e+09 7.961000000000000298e-01 2.793799999999999955e+02
1.487364205623159885e+09 7.963999999999999968e-01 2.793799999999999955e+02
1.487364205722068071e+09 7.963999999999999968e-01 2.793799999999999955e+02
1.487364205836105108e+09 7.961000000000000298e-01 2.793799999999999955e+02
1.487364205936038017e+09 7.963999999999999968e-01 2.793799999999999955e+02
1.487364206035007000e+09 7.967999999999999527e-01 2.793799999999999955e+02
1.487364206134860039e+09 7.957999999999999519e-01 2.793799999999999955e+02
1.487364206234989882e+09 7.965999999999999748e-01 2.793799999999999955e+02
1.487364206333982944e+09 7.971000000000000307e-01 2.793799999999999955e+02
1.487364206434170008e+09 7.967999999999999527e-01 2.793799999999999955e+02
1.487364206530371904e+09 7.963999999999999968e-01 2.793799999999999955e+02
1.487364206633069038e+09 7.963000000000000078e-01 2.793799999999999955e+02
1.487364206743268967e+09 7.965999999999999748e-01 2.793799999999999955e+02
1.487364206843955040e+09 7.960000000000000409e-01 2.793799999999999955e+02
1.487364206941191912e+09 7.963999999999999968e-01 2.793799999999999955e+02
1.487364207045939922e+09 7.963999999999999968e-01 2.793799999999999955e+02
1.487364207140721083e+09 7.963999999999999968e-01 2.793799999999999955e+02
1.487364207242726088e+09 7.955999999999999739e-01 2.793799999999999955e+02
1.487364207340245008e+09 7.956999999999999629e-01 2.793799999999999955e+02
1.487364207440016985e+09 7.960000000000000409e-01 2.793799999999999955e+02
1.487364207555414915e+09 7.966999999999999638e-01 2.793799999999999955e+02
1.487364207656119108e+09 7.964999999999999858e-01 2.793799999999999955e+02
1.487364207755898952e+09 7.960000000000000409e-01 2.793799999999999955e+02
1.487364207855624914e+09 7.960000000000000409e-01 2.793799999999999955e+02
1.487364207954024076e+09 7.961000000000000298e-01 2.793799999999999955e+02
1.487364208055167913e+09 7.961000000000000298e-01 2.793799999999999955e+02
1.487364208154944897e+09 7.965999999999999748e-01 2.793799999999999955e+02
1.487364208254616976e+09 7.960000000000000409e-01 2.793799999999999955e+02
1.487364208351474047e+09 7.961000000000000298e-01 2.793799999999999955e+02
1.487364208467794895e+09 7.961000000000000298e-01 2.793799999999999955e+02
1.487364208567815065e+09 7.954999999999999849e-01 2.793799999999999955e+02
1.487364208667927027e+09 7.970000000000000417e-01 2.793799999999999955e+02
1.487364208766820908e+09 7.964999999999999858e-01 2.793799999999999955e+02
1.487364208866765976e+09 7.955999999999999739e-01 2.793799999999999955e+02
1.487364208965835094e+09 7.961000000000000298e-01 2.793799999999999955e+02
1.487364209063524961e+09 7.965999999999999748e-01 2.793799999999999955e+02
1.487364209165832043e+09 7.963999999999999968e-01 2.793799999999999955e+02
1.487364209264796972e+09 7.962000000000000188e-01 2.793799999999999955e+02
1.487364209378840923e+09 7.963000000000000078e-01 2.793799999999999955e+02
1.487364209473663092e+09 7.962000000000000188e-01 2.793799999999999955e+02
1.487364209577774048e+09 7.960000000000000409e-01 2.793799999999999955e+02
1.487364209677721024e+09 7.955999999999999739e-01 2.793799999999999955e+02
1.487364209776710033e+09 7.952000000000000179e-01 2.793799999999999955e+02
1.487364209876629114e+09 7.961000000000000298e-01 2.793700000000000045e+02
1.487364209976707935e+09 7.953999999999999959e-01 2.793700000000000045e+02
1.487364210075679064e+09 7.963999999999999968e-01 2.793799999999999955e+02
1.487364210189732075e+09 7.965999999999999748e-01 2.793799999999999955e+02
1.487364210289812088e+09 7.967999999999999527e-01 2.793799999999999955e+02
1.487364210388586998e+09 7.967999999999999527e-01 2.793799999999999955e+02
1.487364210488599062e+09 7.960000000000000409e-01 2.793799999999999955e+02
1.487364210587657928e+09 7.961000000000000298e-01 2.793700000000000045e+02
1.487364210682815075e+09 7.962000000000000188e-01 2.793700000000000045e+02
1.487364210784792900e+09 7.955999999999999739e-01 2.793700000000000045e+02
1.487364210881438017e+09 7.955999999999999739e-01 2.793700000000000045e+02
1.487364210997606993e+09 7.972000000000000197e-01 2.793700000000000045e+02
1.487364211097973108e+09 7.956999999999999629e-01 2.793700000000000045e+02
1.487364211195710897e+09 7.957999999999999519e-01 2.793700000000000045e+02
1.487364211297470093e+09 7.963000000000000078e-01 2.793700000000000045e+02
1.487364211397231102e+09 7.963999999999999968e-01 2.793700000000000045e+02
1.487364211496989012e+09 7.962000000000000188e-01 2.793700000000000045e+02
1.487364211596755981e+09 7.963000000000000078e-01 2.793700000000000045e+02
1.487364211707233906e+09 7.959000000000000519e-01 2.793700000000000045e+02
1.487364211808675051e+09 7.963000000000000078e-01 2.793700000000000045e+02
1.487364211911518097e+09 7.954999999999999849e-01 2.793700000000000045e+02
1.487364212010499001e+09 7.971000000000000307e-01 2.793700000000000045e+02
1.487364212110517979e+09 7.959000000000000519e-01 2.793700000000000045e+02
1.487364212208184958e+09 7.954999999999999849e-01 2.793700000000000045e+02
1.487364212309446096e+09 7.960000000000000409e-01 2.793700000000000045e+02
1.487364212409569979e+09 7.960000000000000409e-01 2.793700000000000045e+02
1.487364212508546114e+09 7.966999999999999638e-01 2.793700000000000045e+02
1.487364212621474028e+09 7.963999999999999968e-01 2.793700000000000045e+02
1.487364212722459078e+09 7.964999999999999858e-01 2.793700000000000045e+02
1.487364212822323084e+09 7.961000000000000298e-01 2.793700000000000045e+02
1.487364212921416044e+09 7.962000000000000188e-01 2.793700000000000045e+02
1.487364213021598101e+09 7.963999999999999968e-01 2.793700000000000045e+02
1.487364213120429993e+09 7.963999999999999968e-01 2.793700000000000045e+02
1.487364213216715097e+09 7.969000000000000528e-01 2.793700000000000045e+02
1.487364213319226027e+09 7.965999999999999748e-01 2.793700000000000045e+02
1.487364213419500113e+09 7.966999999999999638e-01 2.793700000000000045e+02
1.487364213533485889e+09 7.960000000000000409e-01 2.793700000000000045e+02
1.487364213633548975e+09 7.959000000000000519e-01 2.793700000000000045e+02
1.487364213729739904e+09 7.957999999999999519e-01 2.793700000000000045e+02
1.487364213829945087e+09 7.970000000000000417e-01 2.793700000000000045e+02
1.487364213931381941e+09 7.962000000000000188e-01 2.793700000000000045e+02
1.487364214031397104e+09 7.961000000000000298e-01 2.793700000000000045e+02
1.487364214130366087e+09 7.966999999999999638e-01 2.793700000000000045e+02
1.487364214230338097e+09 7.963000000000000078e-01 2.793700000000000045e+02
1.487364214340138912e+09 7.962000000000000188e-01 2.793700000000000045e+02
1.487364214444216013e+09 7.962000000000000188e-01 2.793700000000000045e+02
1.487364214539669991e+09 7.962000000000000188e-01 2.793700000000000045e+02
1.487364214639353991e+09 7.960000000000000409e-01 2.793700000000000045e+02
1.487364214741743088e+09 7.955999999999999739e-01 2.793700000000000045e+02
1.487364214838855028e+09 7.963999999999999968e-01 2.793700000000000045e+02
1.487364214938731909e+09 7.955999999999999739e-01 2.793700000000000045e+02
1.487364215038496017e+09 7.963000000000000078e-01 2.793700000000000045e+02
1.487364215154920101e+09 7.961000000000000298e-01 2.793700000000000045e+02
1.487364215254647017e+09 7.963000000000000078e-01 2.793700000000000045e+02
1.487364215354424953e+09 7.963999999999999968e-01 2.793700000000000045e+02
1.487364215454178095e+09 7.964999999999999858e-01 2.793700000000000045e+02
1.487364215553270102e+09 7.967999999999999527e-01 2.793700000000000045e+02
1.487364215653098106e+09 7.962000000000000188e-01 2.793700000000000045e+02
1.487364215751506090e+09 7.963999999999999968e-01 2.793700000000000045e+02
1.487364215852026939e+09 7.959000000000000519e-01 2.793700000000000045e+02
1.487364215966114044e+09 7.963000000000000078e-01 2.793700000000000045e+02
1.487364216066144943e+09 7.966999999999999638e-01 2.793700000000000045e+02
1.487364216165213108e+09 7.953999999999999959e-01 2.793700000000000045e+02
1.487364216265095949e+09 7.965999999999999748e-01 2.793700000000000045e+02
1.487364216364109993e+09 7.957999999999999519e-01 2.793700000000000045e+02
1.487364216464060068e+09 7.957999999999999519e-01 2.793700000000000045e+02
1.487364216564057112e+09 7.963000000000000078e-01 2.793700000000000045e+02
1.487364216663216114e+09 7.963999999999999968e-01 2.793700000000000045e+02
1.487364216776633024e+09 7.961000000000000298e-01 2.793700000000000045e+02
1.487364216877217054e+09 7.961000000000000298e-01 2.793700000000000045e+02
1.487364216976152897e+09 7.962000000000000188e-01 2.793700000000000045e+02
1.487364217075907946e+09 7.955999999999999739e-01 2.793700000000000045e+02
1.487364217175084114e+09 7.961000000000000298e-01 2.793700000000000045e+02
1.487364217275060892e+09 7.969000000000000528e-01 2.793700000000000045e+02
1.487364217373991013e+09 7.967999999999999527e-01 2.793700000000000045e+02
1.487364217474075079e+09 7.963000000000000078e-01 2.793700000000000045e+02
1.487364217588006020e+09 7.963000000000000078e-01 2.793700000000000045e+02
1.487364217688035011e+09 7.956999999999999629e-01 2.793700000000000045e+02
1.487364217786958933e+09 7.969000000000000528e-01 2.793700000000000045e+02
1.487364217886974096e+09 7.967999999999999527e-01 2.793700000000000045e+02
1.487364217986957073e+09 7.957999999999999519e-01 2.793700000000000045e+02
1.487364218081063986e+09 7.963999999999999968e-01 2.793700000000000045e+02
1.487364218181090117e+09 7.967999999999999527e-01 2.793700000000000045e+02
1.487364218280709982e+09 7.953000000000000069e-01 2.793600000000000136e+02
1.487364218397104025e+09 7.963000000000000078e-01 2.793600000000000136e+02
1.487364218496870995e+09 7.963000000000000078e-01 2.793600000000000136e+02
1.487364218596636057e+09 7.965999999999999748e-01 2.793700000000000045e+02
1.487364218696410894e+09 7.959000000000000519e-01 2.793600000000000136e+02
1.487364218796175957e+09 7.957999999999999519e-01 2.793600000000000136e+02
1.487364218895932913e+09 7.966999999999999638e-01 2.793600000000000136e+02
1.487364218995698929e+09 7.962000000000000188e-01 2.793700000000000045e+02
1.487364219110972881e+09 7.967999999999999527e-01 2.793700000000000045e+02
1.487364219208148956e+09 7.963999999999999968e-01 2.793700000000000045e+02
1.487364219308099985e+09 7.959000000000000519e-01 2.793700000000000045e+02
1.487364219408938885e+09 7.959000000000000519e-01 2.793700000000000045e+02
1.487364219508759975e+09 7.961000000000000298e-01 2.793700000000000045e+02
1.487364219608900070e+09 7.965999999999999748e-01 2.793700000000000045e+02
1.487364219707772970e+09 7.963999999999999968e-01 2.793600000000000136e+02
1.487364219807956934e+09 7.963999999999999968e-01 2.793600000000000136e+02
1.487364219919982910e+09 7.963000000000000078e-01 2.793600000000000136e+02
1.487364220020699978e+09 7.960000000000000409e-01 2.793600000000000136e+02
1.487364220120887995e+09 7.956999999999999629e-01 2.793600000000000136e+02
1.487364220219780922e+09 7.962000000000000188e-01 2.793600000000000136e+02
1.487364220319699049e+09 7.955999999999999739e-01 2.793600000000000136e+02
