1.487361451524338007e+09 7.683999999999999719e-01 2.835400000000000205e+02
1.487361451638459921e+09 7.689000000000000279e-01 2.835400000000000205e+02
1.487361451736882925e+09 7.681000000000000050e-01 2.835400000000000205e+02
1.487361451837922096e+09 7.685999999999999499e-01 2.835500000000000114e+02
1.487361451937640905e+09 7.684999999999999609e-01 2.835500000000000114e+02
1.487361452054029942e+09 7.691999999999999948e-01 2.835400000000000205e+02
1.487361452153397083e+09 7.689000000000000279e-01 2.835400000000000205e+02
1.487361452252996922e+09 7.682999999999999829e-01 2.835500000000000114e+02
1.487361452353533030e+09 7.689000000000000279e-01 2.835400000000000205e+02
1.487361452452292919e+09 7.689000000000000279e-01 2.835400000000000205e+02
1.487361452552541971e+09 7.681000000000000050e-01 2.835500000000000114e+02
1.487361452646440983e+09 7.681999999999999940e-01 2.835500000000000114e+02
1.487361452751441956e+09 7.684999999999999609e-01 2.835500000000000114e+02
1.487361452851242065e+09 7.678000000000000380e-01 2.835400000000000205e+02
1.487361452962769032e+09 7.683999999999999719e-01 2.835400000000000205e+02
1.487361453064111948e+09 7.684999999999999609e-01 2.835400000000000205e+02
1.487361453163399935e+09 7.677000000000000490e-01 2.835400000000000205e+02
1.487361453263314962e+09 7.684999999999999609e-01 2.835500000000000114e+02
1.487361453363446951e+09 7.677000000000000490e-01 2.835400000000000205e+02
1.487361453462610960e+09 7.681999999999999940e-01 2.835400000000000205e+02
1.487361453562335968e+09 7.683999999999999719e-01 2.835500000000000114e+02
1.487361453660657883e+09 7.685999999999999499e-01 2.835400000000000205e+02
1.487361453761322021e+09 7.684999999999999609e-01 2.835400000000000205e+02
1.487361453870690107e+09 7.687000000000000499e-01 2.835400000000000205e+02
1.487361453970149040e+09 7.683999999999999719e-01 2.835400000000000205e+02
1.487361454073952913e+09 7.682999999999999829e-01 2.835400000000000205e+02
1.487361454174240112e+09 7.690000000000000169e-01 2.835400000000000205e+02
1.487361454274049044e+09 7.683999999999999719e-01 2.835400000000000205e+02
1.487361454373445034e+09 7.689000000000000279e-01 2.835400000000000205e+02
1.487361454473129988e+09 7.680000000000000160e-01 2.835400000000000205e+02
1.487361454572220087e+09 7.679000000000000270e-01 2.835400000000000205e+02
1.487361454672204018e+09 7.673999999999999710e-01 2.835400000000000205e+02
1.487361454786305904e+09 7.681999999999999940e-01 2.835400000000000205e+02
1.487361454880655050e+09 7.684999999999999609e-01 2.835400000000000205e+02
1.487361454980367899e+09 7.682999999999999829e-01 2.835400000000000205e+02
1.487361455080132008e+09 7.683999999999999719e-01 2.835400000000000205e+02
1.487361455179797888e+09 7.684999999999999609e-01 2.835400000000000205e+02
1.487361455279700994e+09 7.684999999999999609e-01 2.835400000000000205e+02
1.487361455379590988e+09 7.685999999999999499e-01 2.835400000000000205e+02
1.487361455479195118e+09 7.677000000000000490e-01 2.835400000000000205e+02
1.487361455592811108e+09 7.684999999999999609e-01 2.835400000000000205e+02
1.487361455690956116e+09 7.689000000000000279e-01 2.835400000000000205e+02
1.487361455791183949e+09 7.685999999999999499e-01 2.835400000000000205e+02
1.487361455892852068e+09 7.682999999999999829e-01 2.835400000000000205e+02
1.487361455993346930e+09 7.687000000000000499e-01 2.835400000000000205e+02
1.487361456092792034e+09 7.685999999999999499e-01 2.835400000000000205e+02
1.487361456190782070e+09 7.677000000000000490e-01 2.835400000000000205e+02
1.487361456303191900e+09 7.684999999999999609e-01 2.835400000000000205e+02
1.487361456406681061e+09 7.684999999999999609e-01 2.835400000000000205e+02
1.487361456502871990e+09 7.681999999999999940e-01 2.835400000000000205e+02
1.487361456606775045e+09 7.681999999999999940e-01 2.835400000000000205e+02
1.487361456706124067e+09 7.683999999999999719e-01 2.835400000000000205e+02
1.487361456804086924e+09 7.681000000000000050e-01 2.835400000000000205e+02
1.487361456905611038e+09 7.683999999999999719e-01 2.835400000000000205e+02
1.487361457005079985e+09 7.691999999999999948e-01 2.835400000000000205e+02
1.487361457102356911e+09 7.679000000000000270e-01 2.835400000000000205e+02
1.487361457219014883e+09 7.682999999999999829e-01 2.835400000000000205e+02
1.487361457313323975e+09 7.687000000000000499e-01 2.835400000000000205e+02
1.487361457417896986e+09 7.684999999999999609e-01 2.835400000000000205e+02
1.487361457517199993e+09 7.677000000000000490e-01 2.835400000000000205e+02
1.487361457615549088e+09 7.682999999999999829e-01 2.835400000000000205e+02
1.487361457712548018e+09 7.685999999999999499e-01 2.835400000000000205e+02
1.487361457815958023e+09 7.681999999999999940e-01 2.835400000000000205e+02
1.487361457916043043e+09 7.684999999999999609e-01 2.835400000000000205e+02
1.487361458014862061e+09 7.673999999999999710e-01 2.835400000000000205e+02
1.487361458128782988e+09 7.679000000000000270e-01 2.835400000000000205e+02
1.487361458228969097e+09 7.684999999999999609e-01 2.835400000000000205e+02
1.487361458327680111e+09 7.688000000000000389e-01 2.835400000000000205e+02
1.487361458426193953e+09 7.683999999999999719e-01 2.835400000000000205e+02
1.487361458527935982e+09 7.684999999999999609e-01 2.835400000000000205e+02
1.487361458626879930e+09 7.684999999999999609e-01 2.835400000000000205e+02
1.487361458726984024e+09 7.693999999999999728e-01 2.835400000000000205e+02
1.487361458821234941e+09 7.684999999999999609e-01 2.835400000000000205e+02
1.487361458937617064e+09 7.674999999999999600e-01 2.835400000000000205e+02
1.487361459037389040e+09 7.682999999999999829e-01 2.835400000000000205e+02
1.487361459137134075e+09 7.680000000000000160e-01 2.835400000000000205e+02
1.487361459236872911e+09 7.687000000000000499e-01 2.835400000000000205e+02
1.487361459336663961e+09 7.681000000000000050e-01 2.835400000000000205e+02
1.487361459432764053e+09 7.680000000000000160e-01 2.835400000000000205e+02
1.487361459536204100e+09 7.684999999999999609e-01 2.835400000000000205e+02
1.487361459635951042e+09 7.683999999999999719e-01 2.835400000000000205e+02
1.487361459750684977e+09 7.685999999999999499e-01 2.835400000000000205e+02
1.487361459850977898e+09 7.677000000000000490e-01 2.835400000000000205e+02
1.487361459950972080e+09 7.682999999999999829e-01 2.835400000000000205e+02
1.487361460049849987e+09 7.680000000000000160e-01 2.835400000000000205e+02
1.487361460149477959e+09 7.688000000000000389e-01 2.835400000000000205e+02
1.487361460248873949e+09 7.681000000000000050e-01 2.835400000000000205e+02
1.487361460348711014e+09 7.679000000000000270e-01 2.835400000000000205e+02
1.487361460448240995e+09 7.678000000000000380e-01 2.835400000000000205e+02
1.487361460562813997e+09 7.681999999999999940e-01 2.835400000000000205e+02
1.487361460659198999e+09 7.675999999999999490e-01 2.835299999999999727e+02
1.487361460761733055e+09 7.688000000000000389e-01 2.835299999999999727e+02
1.487361460860724926e+09 7.685999999999999499e-01 2.835299999999999727e+02
1.487361460960588932e+09 7.689000000000000279e-01 2.835299999999999727e+02
1.487361461059796095e+09 7.675999999999999490e-01 2.835299999999999727e+02
1.487361461159904957e+09 7.681999999999999940e-01 2.835299999999999727e+02
1.487361461259783983e+09 7.685999999999999499e-01 2.835299999999999727e+02
1.487361461373775959e+09 7.681000000000000050e-01 2.835299999999999727e+02
1.487361461467729092e+09 7.681999999999999940e-01 2.835299999999999727e+02
1.487361461572580099e+09 7.681000000000000050e-01 2.835299999999999727e+02
1.487361461671623945e+09 7.682999999999999829e-01 2.835299999999999727e+02
1.487361461766963005e+09 7.687000000000000499e-01 2.835299999999999727e+02
1.487361461870086908e+09 7.681000000000000050e-01 2.835299999999999727e+02
1.487361461965976954e+09 7.682999999999999829e-01 2.835299999999999727e+02
1.487361462070610046e+09 7.681000000000000050e-01 2.835299999999999727e+02
1.487361462179847956e+09 7.681000000000000050e-01 2.835299999999999727e+02
1.487361462279603958e+09 7.681999999999999940e-01 2.835299999999999727e+02
1.487361462379378080e+09 7.677000000000000490e-01 2.835299999999999727e+02
1.487361462479026079e+09 7.679000000000000270e-01 2.835299999999999727e+02
1.487361462581826925e+09 7.677000000000000490e-01 2.835299999999999727e+02
1.487361462678680897e+09 7.674999999999999600e-01 2.835299999999999727e+02
1.487361462778449059e+09 7.688000000000000389e-01 2.835299999999999727e+02
1.487361462878206968e+09 7.677000000000000490e-01 2.835299999999999727e+02
1.487361462994622946e+09 7.682999999999999829e-01 2.835299999999999727e+02
1.487361463094360113e+09 7.683999999999999719e-01 2.835299999999999727e+02
1.487361463194124937e+09 7.684999999999999609e-01 2.835299999999999727e+02
1.487361463289547920e+09 7.681999999999999940e-01 2.835299999999999727e+02
1.487361463393389940e+09 7.689000000000000279e-01 2.835299999999999727e+02
1.487361463492480040e+09 7.681000000000000050e-01 2.835299999999999727e+02
1.487361463592617035e+09 7.681999999999999940e-01 2.835299999999999727e+02
1.487361463692573071e+09 7.694999999999999618e-01 2.835299999999999727e+02
1.487361463791547060e+09 7.678000000000000380e-01 2.835299999999999727e+02
1.487361463900842905e+09 7.691999999999999948e-01 2.835299999999999727e+02
1.487361464005351067e+09 7.681999999999999940e-01 2.835299999999999727e+02
1.487361464104464054e+09 7.689000000000000279e-01 2.835299999999999727e+02
1.487361464200963974e+09 7.689000000000000279e-01 2.835299999999999727e+02
1.487361464303529978e+09 7.683999999999999719e-01 2.835299999999999727e+02
1.487361464402662992e+09 7.671000000000000041e-01 2.835299999999999727e+02
1.487361464503298044e+09 7.681999999999999940e-01 2.835299999999999727e+02
1.487361464597636938e+09 7.688000000000000389e-01 2.835299999999999727e+02
1.487361464716363907e+09 7.673999999999999710e-01 2.835299999999999727e+02
1.487361464815368891e+09 7.683999999999999719e-01 2.835299999999999727e+02
1.487361464912691116e+09 7.681999999999999940e-01 2.835299999999999727e+02
1.487361465015338898e+09 7.671000000000000041e-01 2.835299999999999727e+02
1.487361465115221024e+09 7.683999999999999719e-01 2.835199999999999818e+02
1.487361465212030888e+09 7.683999999999999719e-01 2.835199999999999818e+02
1.487361465314383984e+09 7.678000000000000380e-01 2.835199999999999818e+02
1.487361465413256884e+09 7.681999999999999940e-01 2.835199999999999818e+02
1.487361465513377905e+09 7.674999999999999600e-01 2.835199999999999818e+02
1.487361465613399029e+09 7.691000000000000059e-01 2.835199999999999818e+02
1.487361465724183083e+09 7.680000000000000160e-01 2.835199999999999818e+02
1.487361465826337099e+09 7.678000000000000380e-01 2.835199999999999818e+02
1.487361465926227093e+09 7.677000000000000490e-01 2.835199999999999818e+02
1.487361466020659924e+09 7.681000000000000050e-01 2.835199999999999818e+02
1.487361466120429993e+09 7.688000000000000389e-01 2.835199999999999818e+02
1.487361466220248938e+09 7.682999999999999829e-01 2.835199999999999818e+02
1.487361466320133924e+09 7.682999999999999829e-01 2.835199999999999818e+02
1.487361466419902086e+09 7.685999999999999499e-01 2.835199999999999818e+02
1.487361466518027067e+09 7.684999999999999609e-01 2.835199999999999818e+02
1.487361466635900021e+09 7.681999999999999940e-01 2.835199999999999818e+02
1.487361466735672951e+09 7.671999999999999931e-01 2.835199999999999818e+02
1.487361466835433960e+09 7.680000000000000160e-01 2.835199999999999818e+02
1.487361466931442976e+09 7.683999999999999719e-01 2.835199999999999818e+02
1.487361467032021046e+09 7.683999999999999719e-01 2.835199999999999818e+02
1.487361467134732008e+09 7.681000000000000050e-01 2.835199999999999818e+02
1.487361467234499931e+09 7.679000000000000270e-01 2.835199999999999818e+02
1.487361467329336882e+09 7.682999999999999829e-01 2.835199999999999818e+02
1.487361467432331085e+09 7.687000000000000499e-01 2.835199999999999818e+02
1.487361467548057079e+09 7.681000000000000050e-01 2.835199999999999818e+02
1.487361467645921946e+09 7.675999999999999490e-01 2.835199999999999818e+02
1.487361467747080088e+09 7.685999999999999499e-01 2.835199999999999818e+02
1.487361467847059011e+09 7.671999999999999931e-01 2.835199999999999818e+02
1.487361467946121931e+09 7.684999999999999609e-01 2.835199999999999818e+02
1.487361468045981884e+09 7.681999999999999940e-01 2.835199999999999818e+02
1.487361468145054102e+09 7.681999999999999940e-01 2.835099999999999909e+02
1.487361468242554903e+09 7.679000000000000270e-01 2.835199999999999818e+02
1.487361468344120979e+09 7.684999999999999609e-01 2.835199999999999818e+02
1.487361468453531027e+09 7.680000000000000160e-01 2.835099999999999909e+02
1.487361468558022976e+09 7.680000000000000160e-01 2.835099999999999909e+02
1.487361468657907009e+09 7.678000000000000380e-01 2.835099999999999909e+02
1.487361468757113934e+09 7.682999999999999829e-01 2.835099999999999909e+02
1.487361468856358051e+09 7.685999999999999499e-01 2.835099999999999909e+02
1.487361468955893040e+09 7.681000000000000050e-01 2.835099999999999909e+02
1.487361469055840015e+09 7.675999999999999490e-01 2.835099999999999909e+02
1.487361469154541016e+09 7.677000000000000490e-01 2.835099999999999909e+02
1.487361469254923105e+09 7.688000000000000389e-01 2.835099999999999909e+02
1.487361469368913889e+09 7.682999999999999829e-01 2.835099999999999909e+02
1.487361469466525078e+09 7.684999999999999609e-01 2.835099999999999909e+02
1.487361469567990065e+09 7.677000000000000490e-01 2.835099999999999909e+02
1.487361469667968988e+09 7.683999999999999719e-01 2.835099999999999909e+02
1.487361469766921043e+09 7.687000000000000499e-01 2.835099999999999909e+02
1.487361469866919994e+09 7.679000000000000270e-01 2.835099999999999909e+02
1.487361469966207027e+09 7.683999999999999719e-01 2.835099999999999909e+02
1.487361470061063051e+09 7.682999999999999829e-01 2.835099999999999909e+02
1.487361470177437067e+09 7.680000000000000160e-01 2.835099999999999909e+02
1.487361470277204990e+09 7.682999999999999829e-01 2.835099999999999909e+02
1.487361470376970053e+09 7.680000000000000160e-01 2.835099999999999909e+02
1.487361470476732969e+09 7.685999999999999499e-01 2.835099999999999909e+02
1.487361470576504946e+09 7.681999999999999940e-01 2.835099999999999909e+02
1.487361470675473928e+09 7.684999999999999609e-01 2.835099999999999909e+02
1.487361470776034117e+09 7.678000000000000380e-01 2.835000000000000000e+02
1.487361470875794888e+09 7.679000000000000270e-01 2.835099999999999909e+02
1.487361470990844965e+09 7.680000000000000160e-01 2.835000000000000000e+02
1.487361471090918064e+09 7.683999999999999719e-01 2.835000000000000000e+02
1.487361471189738035e+09 7.687000000000000499e-01 2.835000000000000000e+02
1.487361471289866924e+09 7.682999999999999829e-01 2.835000000000000000e+02
1.487361471389795065e+09 7.681000000000000050e-01 2.835000000000000000e+02
1.487361471488737106e+09 7.688000000000000389e-01 2.835000000000000000e+02
1.487361471588929892e+09 7.679000000000000270e-01 2.835000000000000000e+02
1.487361471685370922e+09 7.681999999999999940e-01 2.835000000000000000e+02
1.487361471801798105e+09 7.680000000000000160e-01 2.835000000000000000e+02
1.487361471901652098e+09 7.681999999999999940e-01 2.835000000000000000e+02
1.487361472000482082e+09 7.689000000000000279e-01 2.835000000000000000e+02
1.487361472100776911e+09 7.684999999999999609e-01 2.835000000000000000e+02
1.487361472200675011e+09 7.678000000000000380e-01 2.835000000000000000e+02
1.487361472299679041e+09 7.679000000000000270e-01 2.835000000000000000e+02
1.487361472399576902e+09 7.691000000000000059e-01 2.835000000000000000e+02
1.487361472513750076e+09 7.681999999999999940e-01 2.835000000000000000e+02
1.487361472610419989e+09 7.680000000000000160e-01 2.835000000000000000e+02
1.487361472712747097e+09 7.681999999999999940e-01 2.835000000000000000e+02
1.487361472811750889e+09 7.680000000000000160e-01 2.835000000000000000e+02
1.487361472911681890e+09 7.684999999999999609e-01 2.834900000000000091e+02
1.487361473011821985e+09 7.679000000000000270e-01 2.834900000000000091e+02
1.487361473109730005e+09 7.688000000000000389e-01 2.834900000000000091e+02
1.487361473210639000e+09 7.681999999999999940e-01 2.834900000000000091e+02
1.487361473320058107e+09 7.677000000000000490e-01 2.834900000000000091e+02
1.487361473419745922e+09 7.684999999999999609e-01 2.834900000000000091e+02
1.487361473519514084e+09 7.673999999999999710e-01 2.834900000000000091e+02
1.487361473619272947e+09 7.684999999999999609e-01 2.834900000000000091e+02
1.487361473719036102e+09 7.688000000000000389e-01 2.834900000000000091e+02
1.487361473818820000e+09 7.683999999999999719e-01 2.834900000000000091e+02
1.487361473918461084e+09 7.671000000000000041e-01 2.834900000000000091e+02
1.487361474018289089e+09 7.681000000000000050e-01 2.834900000000000091e+02
1.487361474134748936e+09 7.680000000000000160e-01 2.834900000000000091e+02
1.487361474234087944e+09 7.682999999999999829e-01 2.834900000000000091e+02
1.487361474334197044e+09 7.685999999999999499e-01 2.834900000000000091e+02
1.487361474431957960e+09 7.684999999999999609e-01 2.834900000000000091e+02
1.487361474530056953e+09 7.681999999999999940e-01 2.834900000000000091e+02
1.487361474632926941e+09 7.682999999999999829e-01 2.834800000000000182e+02
1.487361474732515097e+09 7.688000000000000389e-01 2.834900000000000091e+02
1.487361474832633018e+09 7.681000000000000050e-01 2.834900000000000091e+02
1.487361474930124044e+09 7.677000000000000490e-01 2.834800000000000182e+02
1.487361475042679071e+09 7.684999999999999609e-01 2.834800000000000182e+02
1.487361475140834093e+09 7.683999999999999719e-01 2.834800000000000182e+02
1.487361475244580984e+09 7.688000000000000389e-01 2.834800000000000182e+02
1.487361475344480991e+09 7.689000000000000279e-01 2.834800000000000182e+02
1.487361475441834927e+09 7.681999999999999940e-01 2.834800000000000182e+02
1.487361475543333054e+09 7.681999999999999940e-01 2.834800000000000182e+02
1.487361475643290997e+09 7.681999999999999940e-01 2.834800000000000182e+02
1.487361475741425991e+09 7.683999999999999719e-01 2.834800000000000182e+02
1.487361475852664948e+09 7.684999999999999609e-01 2.834800000000000182e+02
1.487361475952495098e+09 7.687000000000000499e-01 2.834800000000000182e+02
1.487361476055349112e+09 7.681999999999999940e-01 2.834800000000000182e+02
1.487361476155258894e+09 7.677000000000000490e-01 2.834800000000000182e+02
1.487361476255395889e+09 7.679000000000000270e-01 2.834800000000000182e+02
1.487361476354302883e+09 7.681000000000000050e-01 2.834800000000000182e+02
1.487361476451009989e+09 7.684999999999999609e-01 2.834800000000000182e+02
1.487361476553248882e+09 7.685999999999999499e-01 2.834800000000000182e+02
1.487361476666383982e+09 7.680000000000000160e-01 2.834800000000000182e+02
1.487361476767256975e+09 7.677000000000000490e-01 2.834700000000000273e+02
1.487361476867474079e+09 7.683999999999999719e-01 2.834800000000000182e+02
1.487361476965715885e+09 7.681999999999999940e-01 2.834800000000000182e+02
1.487361477066226959e+09 7.683999999999999719e-01 2.834700000000000273e+02
1.487361477164182901e+09 7.681999999999999940e-01 2.834700000000000273e+02
1.487361477260588884e+09 7.682999999999999829e-01 2.834700000000000273e+02
1.487361477360341072e+09 7.677000000000000490e-01 2.834700000000000273e+02
1.487361477476718903e+09 7.681999999999999940e-01 2.834700000000000273e+02
1.487361477576531887e+09 7.685999999999999499e-01 2.834700000000000273e+02
1.487361477676280975e+09 7.685999999999999499e-01 2.834700000000000273e+02
1.487361477776024103e+09 7.689000000000000279e-01 2.834700000000000273e+02
1.487361477875791073e+09 7.683999999999999719e-01 2.834700000000000273e+02
1.487361477975459099e+09 7.684999999999999609e-01 2.834700000000000273e+02
1.487361478075288057e+09 7.681000000000000050e-01 2.834700000000000273e+02
1.487361478175023079e+09 7.681000000000000050e-01 2.834700000000000273e+02
1.487361478288474083e+09 7.684999999999999609e-01 2.834700000000000273e+02
1.487361478389179945e+09 7.688000000000000389e-01 2.834700000000000273e+02
1.487361478489161015e+09 7.678000000000000380e-01 2.834700000000000273e+02
1.487361478584059954e+09 7.684999999999999609e-01 2.834599999999999795e+02
1.487361478686218023e+09 7.683999999999999719e-01 2.834599999999999795e+02
1.487361478784820080e+09 7.681000000000000050e-01 2.834700000000000273e+02
1.487361478886982918e+09 7.677000000000000490e-01 2.834599999999999795e+02
1.487361478987140894e+09 7.675999999999999490e-01 2.834599999999999795e+02
1.487361479101146936e+09 7.689000000000000279e-01 2.834599999999999795e+02
1.487361479199275017e+09 7.684999999999999609e-01 2.834599999999999795e+02
1.487361479295718908e+09 7.681999999999999940e-01 2.834599999999999795e+02
1.487361479398988008e+09 7.677000000000000490e-01 2.834599999999999795e+02
1.487361479494261026e+09 7.681000000000000050e-01 2.834599999999999795e+02
1.487361479593761921e+09 7.683999999999999719e-01 2.834599999999999795e+02
1.487361479698164940e+09 7.681000000000000050e-01 2.834599999999999795e+02
1.487361479797971964e+09 7.682999999999999829e-01 2.834599999999999795e+02
1.487361479912103891e+09 7.683999999999999719e-01 2.834599999999999795e+02
1.487361480006176949e+09 7.690000000000000169e-01 2.834599999999999795e+02
1.487361480110980034e+09 7.682999999999999829e-01 2.834599999999999795e+02
1.487361480208404064e+09 7.679000000000000270e-01 2.834499999999999886e+02
1.487361480310003996e+09 7.681000000000000050e-01 2.834499999999999886e+02
1.487361480406317949e+09 7.680000000000000160e-01 2.834499999999999886e+02
1.487361480508097887e+09 7.679000000000000270e-01 2.834499999999999886e+02
1.487361480604285955e+09 7.674999999999999600e-01 2.834499999999999886e+02
1.487361480718991995e+09 7.683999999999999719e-01 2.834499999999999886e+02
1.487361480818744898e+09 7.684999999999999609e-01 2.834499999999999886e+02
1.487361480916909933e+09 7.679000000000000270e-01 2.834499999999999886e+02
1.487361481016208887e+09 7.681000000000000050e-01 2.834499999999999886e+02
1.487361481118081093e+09 7.685999999999999499e-01 2.834499999999999886e+02
1.487361481217852116e+09 7.681000000000000050e-01 2.834499999999999886e+02
1.487361481317564964e+09 7.681000000000000050e-01 2.834499999999999886e+02
1.487361481417324066e+09 7.679000000000000270e-01 2.834499999999999886e+02
1.487361481517096996e+09 7.679000000000000270e-01 2.834499999999999886e+02
1.487361481632095098e+09 7.681000000000000050e-01 2.834499999999999886e+02
1.487361481731355906e+09 7.681999999999999940e-01 2.834499999999999886e+02
1.487361481831896067e+09 7.681000000000000050e-01 2.834499999999999886e+02
1.487361481931888103e+09 7.680000000000000160e-01 2.834499999999999886e+02
1.487361482030992985e+09 7.687000000000000499e-01 2.834499999999999886e+02
1.487361482130944014e+09 7.679000000000000270e-01 2.834499999999999886e+02
1.487361482230793953e+09 7.678000000000000380e-01 2.834399999999999977e+02
1.487361482343774080e+09 7.680000000000000160e-01 2.834399999999999977e+02
1.487361482440651894e+09 7.680000000000000160e-01 2.834399999999999977e+02
1.487361482543714046e+09 7.679000000000000270e-01 2.834399999999999977e+02
1.487361482642685890e+09 7.680000000000000160e-01 2.834399999999999977e+02
1.487361482742748976e+09 7.684999999999999609e-01 2.834399999999999977e+02
1.487361482841963053e+09 7.681000000000000050e-01 2.834399999999999977e+02
1.487361482941757917e+09 7.689000000000000279e-01 2.834399999999999977e+02
1.487361483037173986e+09 7.679000000000000270e-01 2.834399999999999977e+02
1.487361483140888929e+09 7.681999999999999940e-01 2.834399999999999977e+02
1.487361483250838995e+09 7.680000000000000160e-01 2.834399999999999977e+02
1.487361483351906061e+09 7.678000000000000380e-01 2.834399999999999977e+02
1.487361483452920914e+09 7.681999999999999940e-01 2.834399999999999977e+02
1.487361483553745031e+09 7.678000000000000380e-01 2.834399999999999977e+02
1.487361483653842926e+09 7.681000000000000050e-01 2.834399999999999977e+02
1.487361483752695084e+09 7.675999999999999490e-01 2.834300000000000068e+02
1.487361483849036932e+09 7.677000000000000490e-01 2.834300000000000068e+02
1.487361483951647043e+09 7.672999999999999821e-01 2.834399999999999977e+02
1.487361484051810026e+09 7.672999999999999821e-01 2.834300000000000068e+02
1.487361484164161921e+09 7.682999999999999829e-01 2.834300000000000068e+02
1.487361484265705109e+09 7.675999999999999490e-01 2.834300000000000068e+02
1.487361484360304117e+09 7.672999999999999821e-01 2.834300000000000068e+02
1.487361484460046053e+09 7.688000000000000389e-01 2.834300000000000068e+02
1.487361484559825897e+09 7.681999999999999940e-01 2.834300000000000068e+02
1.487361484659595966e+09 7.675999999999999490e-01 2.834300000000000068e+02
1.487361484759320974e+09 7.675999999999999490e-01 2.834300000000000068e+02
1.487361484859102011e+09 7.681000000000000050e-01 2.834300000000000068e+02
1.487361484975428104e+09 7.684999999999999609e-01 2.834300000000000068e+02
1.487361485075294018e+09 7.684999999999999609e-01 2.834300000000000068e+02
1.487361485175043106e+09 7.684999999999999609e-01 2.834300000000000068e+02
1.487361485274836063e+09 7.682999999999999829e-01 2.834300000000000068e+02
1.487361485374528885e+09 7.679000000000000270e-01 2.834300000000000068e+02
1.487361485474289894e+09 7.679000000000000270e-01 2.834300000000000068e+02
1.487361485573694944e+09 7.679000000000000270e-01 2.834300000000000068e+02
1.487361485673582077e+09 7.679000000000000270e-01 2.834300000000000068e+02
1.487361485787533998e+09 7.681000000000000050e-01 2.834200000000000159e+02
1.487361485886677027e+09 7.683999999999999719e-01 2.834200000000000159e+02
1.487361485986507893e+09 7.680000000000000160e-01 2.834200000000000159e+02
1.487361486083636045e+09 7.681000000000000050e-01 2.834200000000000159e+02
1.487361486184722900e+09 7.677000000000000490e-01 2.834200000000000159e+02
1.487361486282286882e+09 7.681999999999999940e-01 2.834200000000000159e+02
1.487361486384588003e+09 7.677000000000000490e-01 2.834200000000000159e+02
1.487361486484524965e+09 7.681999999999999940e-01 2.834200000000000159e+02
1.487361486598335981e+09 7.677000000000000490e-01 2.834200000000000159e+02
1.487361486692148924e+09 7.684999999999999609e-01 2.834200000000000159e+02
1.487361486792993069e+09 7.671999999999999931e-01 2.834200000000000159e+02
1.487361486897026062e+09 7.679000000000000270e-01 2.834200000000000159e+02
1.487361486990953922e+09 7.680000000000000160e-01 2.834200000000000159e+02
1.487361487095618963e+09 7.680000000000000160e-01 2.834200000000000159e+02
1.487361487191116095e+09 7.681000000000000050e-01 2.834200000000000159e+02
1.487361487308718920e+09 7.674999999999999600e-01 2.834200000000000159e+02
1.487361487408962011e+09 7.671999999999999931e-01 2.834200000000000159e+02
1.487361487508620024e+09 7.680000000000000160e-01 2.834100000000000250e+02
1.487361487608393908e+09 7.677000000000000490e-01 2.834100000000000250e+02
1.487361487708338976e+09 7.681999999999999940e-01 2.834100000000000250e+02
1.487361487807302952e+09 7.680000000000000160e-01 2.834100000000000250e+02
1.487361487907524109e+09 7.683999999999999719e-01 2.834100000000000250e+02
1.487361488007430077e+09 7.681000000000000050e-01 2.834100000000000250e+02
1.487361488101351976e+09 7.674999999999999600e-01 2.834100000000000250e+02
1.487361488217720985e+09 7.683999999999999719e-01 2.834100000000000250e+02
1.487361488317145109e+09 7.683999999999999719e-01 2.834100000000000250e+02
1.487361488417270899e+09 7.674999999999999600e-01 2.834100000000000250e+02
1.487361488517060995e+09 7.679000000000000270e-01 2.834100000000000250e+02
1.487361488616806030e+09 7.681000000000000050e-01 2.834100000000000250e+02
1.487361488716572046e+09 7.684999999999999609e-01 2.834100000000000250e+02
1.487361488816334963e+09 7.679000000000000270e-01 2.834100000000000250e+02
1.487361488916095972e+09 7.674999999999999600e-01 2.834100000000000250e+02
1.487361489014847040e+09 7.681000000000000050e-01 2.833999999999999773e+02
1.487361489125279903e+09 7.679000000000000270e-01 2.833999999999999773e+02
1.487361489225568056e+09 7.685999999999999499e-01 2.834100000000000250e+02
1.487361489330251932e+09 7.681999999999999940e-01 2.833999999999999773e+02
1.487361489429291010e+09 7.675999999999999490e-01 2.833999999999999773e+02
1.487361489529241085e+09 7.684999999999999609e-01 2.833999999999999773e+02
1.487361489628673077e+09 7.681000000000000050e-01 2.833999999999999773e+02
1.487361489728315115e+09 7.675999999999999490e-01 2.833999999999999773e+02
1.487361489825377941e+09 7.672999999999999821e-01 2.833999999999999773e+02
1.487361489942176104e+09 7.681999999999999940e-01 2.833999999999999773e+02
1.487361490041126966e+09 7.685999999999999499e-01 2.833999999999999773e+02
1.487361490140537024e+09 7.679000000000000270e-01 2.833999999999999773e+02
1.487361490235409975e+09 7.681999999999999940e-01 2.833999999999999773e+02
1.487361490340126991e+09 7.685999999999999499e-01 2.833999999999999773e+02
1.487361490440030098e+09 7.675999999999999490e-01 2.833999999999999773e+02
1.487361490539032936e+09 7.675999999999999490e-01 2.833999999999999773e+02
1.487361490639082909e+09 7.679000000000000270e-01 2.833999999999999773e+02
1.487361490752996922e+09 7.684999999999999609e-01 2.833999999999999773e+02
1.487361490852161884e+09 7.677000000000000490e-01 2.833999999999999773e+02
1.487361490951932907e+09 7.678000000000000380e-01 2.833999999999999773e+02
1.487361491051044941e+09 7.678000000000000380e-01 2.833999999999999773e+02
1.487361491149816036e+09 7.677000000000000490e-01 2.833999999999999773e+02
1.487361491245973110e+09 7.678000000000000380e-01 2.833899999999999864e+02
1.487361491349802017e+09 7.681999999999999940e-01 2.833999999999999773e+02
1.487361491446697950e+09 7.688000000000000389e-01 2.833899999999999864e+02
1.487361491559834003e+09 7.683999999999999719e-01 2.833899999999999864e+02
1.487361491659588099e+09 7.675999999999999490e-01 2.833899999999999864e+02
1.487361491759344101e+09 7.681000000000000050e-01 2.833899999999999864e+02
1.487361491859122992e+09 7.678000000000000380e-01 2.833899999999999864e+02
1.487361491957524061e+09 7.680000000000000160e-01 2.833899999999999864e+02
1.487361492058645964e+09 7.682999999999999829e-01 2.833899999999999864e+02
1.487361492158343077e+09 7.675999999999999490e-01 2.833899999999999864e+02
1.487361492258140087e+09 7.675999999999999490e-01 2.833899999999999864e+02
1.487361492370276928e+09 7.675999999999999490e-01 2.833899999999999864e+02
1.487361492470575094e+09 7.683999999999999719e-01 2.833899999999999864e+02
1.487361492571748972e+09 7.688000000000000389e-01 2.833899999999999864e+02
1.487361492672815084e+09 7.677000000000000490e-01 2.833899999999999864e+02
1.487361492772977114e+09 7.680000000000000160e-01 2.833899999999999864e+02
1.487361492872992992e+09 7.680000000000000160e-01 2.833899999999999864e+02
1.487361492967595100e+09 7.673999999999999710e-01 2.833799999999999955e+02
1.487361493071445942e+09 7.677000000000000490e-01 2.833799999999999955e+02
1.487361493185910940e+09 7.679000000000000270e-01 2.833799999999999955e+02
1.487361493284459114e+09 7.678000000000000380e-01 2.833799999999999955e+02
1.487361493384845972e+09 7.680000000000000160e-01 2.833799999999999955e+02
1.487361493484910965e+09 7.681000000000000050e-01 2.833799999999999955e+02
1.487361493583745003e+09 7.677000000000000490e-01 2.833799999999999955e+02
1.487361493679547071e+09 7.681000000000000050e-01 2.833799999999999955e+02
1.487361493781662941e+09 7.677000000000000490e-01 2.833799999999999955e+02
1.487361493882785082e+09 7.675999999999999490e-01 2.833799999999999955e+02
1.487361493996902943e+09 7.680000000000000160e-01 2.833799999999999955e+02
1.487361494095853090e+09 7.678000000000000380e-01 2.833799999999999955e+02
1.487361494191517115e+09 7.680000000000000160e-01 2.833799999999999955e+02
1.487361494294028044e+09 7.679000000000000270e-01 2.833799999999999955e+02
1.487361494394752026e+09 7.687000000000000499e-01 2.833799999999999955e+02
1.487361494494286060e+09 7.674999999999999600e-01 2.833799999999999955e+02
1.487361494593739033e+09 7.678000000000000380e-01 2.833799999999999955e+02
1.487361494693921089e+09 7.685999999999999499e-01 2.833799999999999955e+02
1.487361494805919886e+09 7.680000000000000160e-01 2.833799999999999955e+02
1.487361494901803017e+09 7.672999999999999821e-01 2.833799999999999955e+02
1.487361495006710052e+09 7.678000000000000380e-01 2.833799999999999955e+02
1.487361495104883909e+09 7.683999999999999719e-01 2.833700000000000045e+02
1.487361495201256990e+09 7.677000000000000490e-01 2.833700000000000045e+02
1.487361495300863028e+09 7.681999999999999940e-01 2.833700000000000045e+02
1.487361495405730009e+09 7.679000000000000270e-01 2.833700000000000045e+02
1.487361495500437975e+09 7.679000000000000270e-01 2.833700000000000045e+02
1.487361495600182056e+09 7.678000000000000380e-01 2.833700000000000045e+02
1.487361495716562033e+09 7.681999999999999940e-01 2.833700000000000045e+02
1.487361495816364050e+09 7.678000000000000380e-01 2.833700000000000045e+02
1.487361495916104078e+09 7.675999999999999490e-01 2.833700000000000045e+02
1.487361496015860081e+09 7.685999999999999499e-01 2.833700000000000045e+02
1.487361496111690998e+09 7.685999999999999499e-01 2.833700000000000045e+02
1.487361496215364933e+09 7.679000000000000270e-01 2.833700000000000045e+02
1.487361496315107107e+09 7.681999999999999940e-01 2.833700000000000045e+02
1.487361496426060915e+09 7.683999999999999719e-01 2.833700000000000045e+02
1.487361496529723883e+09 7.678000000000000380e-01 2.833700000000000045e+02
1.487361496628782988e+09 7.674999999999999600e-01 2.833700000000000045e+02
1.487361496728491068e+09 7.674999999999999600e-01 2.833700000000000045e+02
1.487361496827548981e+09 7.685999999999999499e-01 2.833600000000000136e+02
1.487361496925069094e+09 7.679000000000000270e-01 2.833600000000000136e+02
1.487361497024988890e+09 7.674999999999999600e-01 2.833600000000000136e+02
1.487361497126764059e+09 7.682999999999999829e-01 2.833600000000000136e+02
1.487361497226490021e+09 7.679000000000000270e-01 2.833600000000000136e+02
1.487361497339271069e+09 7.677000000000000490e-01 2.833600000000000136e+02
1.487361497437603951e+09 7.680000000000000160e-01 2.833600000000000136e+02
1.487361497539361954e+09 7.673999999999999710e-01 2.833600000000000136e+02
1.487361497638456106e+09 7.680000000000000160e-01 2.833600000000000136e+02
1.487361497738439083e+09 7.681999999999999940e-01 2.833600000000000136e+02
1.487361497838588953e+09 7.682999999999999829e-01 2.833600000000000136e+02
1.487361497937282085e+09 7.681000000000000050e-01 2.833600000000000136e+02
1.487361498037261009e+09 7.678000000000000380e-01 2.833600000000000136e+02
1.487361498132707119e+09 7.675999999999999490e-01 2.833600000000000136e+02
1.487361498250577927e+09 7.672999999999999821e-01 2.833600000000000136e+02
1.487361498350358009e+09 7.684999999999999609e-01 2.833600000000000136e+02
1.487361498449423075e+09 7.675999999999999490e-01 2.833600000000000136e+02
1.487361498549321890e+09 7.683999999999999719e-01 2.833600000000000136e+02
1.487361498649493933e+09 7.671999999999999931e-01 2.833600000000000136e+02
1.487361498748337030e+09 7.682999999999999829e-01 2.833600000000000136e+02
1.487361498848571062e+09 7.681000000000000050e-01 2.833500000000000227e+02
1.487361498947410107e+09 7.685999999999999499e-01 2.833500000000000227e+02
1.487361499058604002e+09 7.680000000000000160e-01 2.833500000000000227e+02
1.487361499158349991e+09 7.681999999999999940e-01 2.833500000000000227e+02
1.487361499258111000e+09 7.681999999999999940e-01 2.833500000000000227e+02
1.487361499357876062e+09 7.681000000000000050e-01 2.833500000000000227e+02
1.487361499457653999e+09 7.681000000000000050e-01 2.833500000000000227e+02
1.487361499557410002e+09 7.680000000000000160e-01 2.833500000000000227e+02
1.487361499657172918e+09 7.688000000000000389e-01 2.833500000000000227e+02
1.487361499756941080e+09 7.674999999999999600e-01 2.833500000000000227e+02
1.487361499872359991e+09 7.684999999999999609e-01 2.833500000000000227e+02
1.487361499967525005e+09 7.677000000000000490e-01 2.833500000000000227e+02
1.487361500071150064e+09 7.687000000000000499e-01 2.833500000000000227e+02
1.487361500171201944e+09 7.681000000000000050e-01 2.833500000000000227e+02
1.487361500271245956e+09 7.683999999999999719e-01 2.833399999999999750e+02
1.487361500370237112e+09 7.675999999999999490e-01 2.833399999999999750e+02
1.487361500465550900e+09 7.678000000000000380e-01 2.833399999999999750e+02
1.487361500570275068e+09 7.680000000000000160e-01 2.833399999999999750e+02
1.487361500683125973e+09 7.685999999999999499e-01 2.833399999999999750e+02
1.487361500783231974e+09 7.685999999999999499e-01 2.833399999999999750e+02
1.487361500883107901e+09 7.680000000000000160e-01 2.833399999999999750e+02
1.487361500982199907e+09 7.683999999999999719e-01 2.833399999999999750e+02
1.487361501082268953e+09 7.680000000000000160e-01 2.833399999999999750e+02
1.487361501181164980e+09 7.678000000000000380e-01 2.833399999999999750e+02
1.487361501281393051e+09 7.681999999999999940e-01 2.833399999999999750e+02
1.487361501381134987e+09 7.671999999999999931e-01 2.833399999999999750e+02
1.487361501494218111e+09 7.675999999999999490e-01 2.833299999999999841e+02
1.487361501594175100e+09 7.689000000000000279e-01 2.833299999999999841e+02
1.487361501694030046e+09 7.682999999999999829e-01 2.833299999999999841e+02
1.487361501793174028e+09 7.683999999999999719e-01 2.833299999999999841e+02
1.487361501892971992e+09 7.680000000000000160e-01 2.833299999999999841e+02
1.487361501992289066e+09 7.681999999999999940e-01 2.833299999999999841e+02
1.487361502092050076e+09 7.682999999999999829e-01 2.833299999999999841e+02
1.487361502191809893e+09 7.674999999999999600e-01 2.833299999999999841e+02
1.487361502305957079e+09 7.683999999999999719e-01 2.833299999999999841e+02
1.487361502400480032e+09 7.672999999999999821e-01 2.833299999999999841e+02
1.487361502500351906e+09 7.680000000000000160e-01 2.833199999999999932e+02
1.487361502600143909e+09 7.674999999999999600e-01 2.833199999999999932e+02
1.487361502699867964e+09 7.673999999999999710e-01 2.833199999999999932e+02
1.487361502798507929e+09 7.682999999999999829e-01 2.833199999999999932e+02
1.487361502899251938e+09 7.682999999999999829e-01 2.833199999999999932e+02
1.487361502998122931e+09 7.681999999999999940e-01 2.833199999999999932e+02
1.487361503115569115e+09 7.674999999999999600e-01 2.833199999999999932e+02
1.487361503215353966e+09 7.683999999999999719e-01 2.833199999999999932e+02
1.487361503315095901e+09 7.682999999999999829e-01 2.833199999999999932e+02
1.487361503414861917e+09 7.680000000000000160e-01 2.833199999999999932e+02
1.487361503509984970e+09 7.671999999999999931e-01 2.833199999999999932e+02
1.487361503612497091e+09 7.683999999999999719e-01 2.833199999999999932e+02
1.487361503713998079e+09 7.681999999999999940e-01 2.833100000000000023e+02
1.487361503813924074e+09 7.685999999999999499e-01 2.833100000000000023e+02
1.487361503912981987e+09 7.673999999999999710e-01 2.833100000000000023e+02
1.487361504022121906e+09 7.678000000000000380e-01 2.833100000000000023e+02
1.487361504124460936e+09 7.672999999999999821e-01 2.833100000000000023e+02
1.487361504225759029e+09 7.683999999999999719e-01 2.833100000000000023e+02
1.487361504325843096e+09 7.681999999999999940e-01 2.833100000000000023e+02
1.487361504424921036e+09 7.681999999999999940e-01 2.833000000000000114e+02
1.487361504524837017e+09 7.677000000000000490e-01 2.833000000000000114e+02
1.487361504624933004e+09 7.681000000000000050e-01 2.833000000000000114e+02
1.487361504723787069e+09 7.678000000000000380e-01 2.833000000000000114e+02
1.487361504837877035e+09 7.688000000000000389e-01 2.833000000000000114e+02
1.487361504937907934e+09 7.680000000000000160e-01 2.833000000000000114e+02
1.487361505036859989e+09 7.681999999999999940e-01 2.833000000000000114e+02
1.487361505136960030e+09 7.679000000000000270e-01 2.833000000000000114e+02
1.487361505235817909e+09 7.681000000000000050e-01 2.833000000000000114e+02
1.487361505335947990e+09 7.683999999999999719e-01 2.833000000000000114e+02
1.487361505431257963e+09 7.674999999999999600e-01 2.832900000000000205e+02
1.487361505534564972e+09 7.681000000000000050e-01 2.832900000000000205e+02
1.487361505634780884e+09 7.679000000000000270e-01 2.832900000000000205e+02
1.487361505733712912e+09 7.680000000000000160e-01 2.832900000000000205e+02
1.487361505848968983e+09 7.684999999999999609e-01 2.832900000000000205e+02
1.487361505947880983e+09 7.674999999999999600e-01 2.832900000000000205e+02
1.487361506047610998e+09 7.684999999999999609e-01 2.832900000000000205e+02
1.487361506146754026e+09 7.682999999999999829e-01 2.832799999999999727e+02
1.487361506246795893e+09 7.684999999999999609e-01 2.832799999999999727e+02
1.487361506341204882e+09 7.678000000000000380e-01 2.832799999999999727e+02
1.487361506440953016e+09 7.683999999999999719e-01 2.832799999999999727e+02
1.487361506540723085e+09 7.674999999999999600e-01 2.832799999999999727e+02
1.487361506640489101e+09 7.679000000000000270e-01 2.832799999999999727e+02
1.487361506757030964e+09 7.675999999999999490e-01 2.832799999999999727e+02
1.487361506856043100e+09 7.677000000000000490e-01 2.832799999999999727e+02
1.487361506953356028e+09 7.681000000000000050e-01 2.832699999999999818e+02
1.487361507056169033e+09 7.679000000000000270e-01 2.832699999999999818e+02
1.487361507152256012e+09 7.681999999999999940e-01 2.832699999999999818e+02
1.487361507253127098e+09 7.677000000000000490e-01 2.832699999999999818e+02
1.487361507354262114e+09 7.683999999999999719e-01 2.832699999999999818e+02
1.487361507455256939e+09 7.681000000000000050e-01 2.832699999999999818e+02
1.487361507569614887e+09 7.681000000000000050e-01 2.832699999999999818e+02
1.487361507669603109e+09 7.682999999999999829e-01 2.832699999999999818e+02
1.487361507768696070e+09 7.679000000000000270e-01 2.832699999999999818e+02
1.487361507868515015e+09 7.682999999999999829e-01 2.832599999999999909e+02
1.487361507965162992e+09 7.674999999999999600e-01 2.832599999999999909e+02
1.487361508067452908e+09 7.680000000000000160e-01 2.832599999999999909e+02
1.487361508163321018e+09 7.684999999999999609e-01 2.832599999999999909e+02
1.487361508266470909e+09 7.674999999999999600e-01 2.832599999999999909e+02
1.487361508380526066e+09 7.684999999999999609e-01 2.832599999999999909e+02
1.487361508480392933e+09 7.682999999999999829e-01 2.832599999999999909e+02
1.487361508579488039e+09 7.685999999999999499e-01 2.832599999999999909e+02
1.487361508679442883e+09 7.683999999999999719e-01 2.832599999999999909e+02
1.487361508779431105e+09 7.681999999999999940e-01 2.832599999999999909e+02
1.487361508878472090e+09 7.685999999999999499e-01 2.832500000000000000e+02
1.487361508978490114e+09 7.685999999999999499e-01 2.832500000000000000e+02
1.487361509077502012e+09 7.689000000000000279e-01 2.832500000000000000e+02
1.487361509191592932e+09 7.684999999999999609e-01 2.832500000000000000e+02
1.487361509291397095e+09 7.685999999999999499e-01 2.832500000000000000e+02
1.487361509390424013e+09 7.684999999999999609e-01 2.832500000000000000e+02
1.487361509490446091e+09 7.677000000000000490e-01 2.832500000000000000e+02
1.487361509590430021e+09 7.675999999999999490e-01 2.832500000000000000e+02
1.487361509687134027e+09 7.681999999999999940e-01 2.832400000000000091e+02
1.487361509789335966e+09 7.681999999999999940e-01 2.832400000000000091e+02
1.487361509888678074e+09 7.684999999999999609e-01 2.832400000000000091e+02
1.487361509983602047e+09 7.681999999999999940e-01 2.832400000000000091e+02
1.487361510098922014e+09 7.673999999999999710e-01 2.832400000000000091e+02
1.487361510198649883e+09 7.680000000000000160e-01 2.832400000000000091e+02
1.487361510298397064e+09 7.685999999999999499e-01 2.832400000000000091e+02
1.487361510398171902e+09 7.681000000000000050e-01 2.832400000000000091e+02
1.487361510497970104e+09 7.677000000000000490e-01 2.832400000000000091e+02
1.487361510597712040e+09 7.681999999999999940e-01 2.832300000000000182e+02
1.487361510694431067e+09 7.680000000000000160e-01 2.832300000000000182e+02
1.487361510797234058e+09 7.675999999999999490e-01 2.832300000000000182e+02
1.487361510893763065e+09 7.678000000000000380e-01 2.832300000000000182e+02
1.487361511012408018e+09 7.691000000000000059e-01 2.832300000000000182e+02
1.487361511112265110e+09 7.684999999999999609e-01 2.832300000000000182e+02
1.487361511212233067e+09 7.687000000000000499e-01 2.832300000000000182e+02
1.487361511311297894e+09 7.683999999999999719e-01 2.832300000000000182e+02
1.487361511411236048e+09 7.674999999999999600e-01 2.832300000000000182e+02
1.487361511510318995e+09 7.690000000000000169e-01 2.832300000000000182e+02
