1.487361740949372053e+09 7.684999999999999609e-01 2.814900000000000091e+02
1.487361741036637068e+09 7.692999999999999838e-01 2.814900000000000091e+02
1.487361741136965036e+09 7.691000000000000059e-01 2.814900000000000091e+02
1.487361741237306118e+09 7.691999999999999948e-01 2.814900000000000091e+02
1.487361741338397980e+09 7.691999999999999948e-01 2.814900000000000091e+02
1.487361741453402996e+09 7.692999999999999838e-01 2.814900000000000091e+02
1.487361741554420948e+09 7.698000000000000398e-01 2.814900000000000091e+02
1.487361741653285980e+09 7.689000000000000279e-01 2.814800000000000182e+02
1.487361741753292084e+09 7.688000000000000389e-01 2.814800000000000182e+02
1.487361741852267981e+09 7.689000000000000279e-01 2.814800000000000182e+02
1.487361741947329998e+09 7.683999999999999719e-01 2.814800000000000182e+02
1.487361742047033072e+09 7.691000000000000059e-01 2.814800000000000182e+02
1.487361742150600910e+09 7.690000000000000169e-01 2.814800000000000182e+02
1.487361742262145996e+09 7.689000000000000279e-01 2.814800000000000182e+02
1.487361742361509085e+09 7.692999999999999838e-01 2.814800000000000182e+02
1.487361742461390972e+09 7.681999999999999940e-01 2.814800000000000182e+02
1.487361742561146021e+09 7.691999999999999948e-01 2.814800000000000182e+02
1.487361742660805941e+09 7.691999999999999948e-01 2.814800000000000182e+02
1.487361742760673046e+09 7.683999999999999719e-01 2.814800000000000182e+02
1.487361742860327005e+09 7.691000000000000059e-01 2.814800000000000182e+02
1.487361742960216045e+09 7.691000000000000059e-01 2.814700000000000273e+02
1.487361743076092005e+09 7.697000000000000508e-01 2.814700000000000273e+02
1.487361743176317930e+09 7.700000000000000178e-01 2.814700000000000273e+02
1.487361743276020050e+09 7.687000000000000499e-01 2.814700000000000273e+02
1.487361743375279903e+09 7.690000000000000169e-01 2.814700000000000273e+02
1.487361743474993944e+09 7.694999999999999618e-01 2.814700000000000273e+02
1.487361743574162006e+09 7.683999999999999719e-01 2.814700000000000273e+02
1.487361743674211025e+09 7.689000000000000279e-01 2.814700000000000273e+02
1.487361743771460056e+09 7.688000000000000389e-01 2.814700000000000273e+02
1.487361743886975050e+09 7.693999999999999728e-01 2.814700000000000273e+02
1.487361743987091064e+09 7.691999999999999948e-01 2.814700000000000273e+02
1.487361744087194920e+09 7.688000000000000389e-01 2.814599999999999795e+02
1.487361744186125040e+09 7.691999999999999948e-01 2.814599999999999795e+02
1.487361744285988092e+09 7.687000000000000499e-01 2.814599999999999795e+02
1.487361744384987116e+09 7.695999999999999508e-01 2.814599999999999795e+02
1.487361744481111050e+09 7.689000000000000279e-01 2.814599999999999795e+02
1.487361744579560995e+09 7.688000000000000389e-01 2.814599999999999795e+02
1.487361744698113918e+09 7.691000000000000059e-01 2.814599999999999795e+02
1.487361744797858953e+09 7.692999999999999838e-01 2.814599999999999795e+02
1.487361744897835970e+09 7.688000000000000389e-01 2.814599999999999795e+02
1.487361744995811939e+09 7.692999999999999838e-01 2.814599999999999795e+02
1.487361745093848944e+09 7.699000000000000288e-01 2.814599999999999795e+02
1.487361745195943117e+09 7.695999999999999508e-01 2.814599999999999795e+02
1.487361745296001911e+09 7.691999999999999948e-01 2.814599999999999795e+02
1.487361745395011902e+09 7.687000000000000499e-01 2.814599999999999795e+02
1.487361745490478992e+09 7.688000000000000389e-01 2.814599999999999795e+02
1.487361745608927011e+09 7.699000000000000288e-01 2.814599999999999795e+02
1.487361745703666925e+09 7.692999999999999838e-01 2.814599999999999795e+02
1.487361745807970047e+09 7.690000000000000169e-01 2.814499999999999886e+02
1.487361745905689001e+09 7.684999999999999609e-01 2.814499999999999886e+02
1.487361746002916098e+09 7.691000000000000059e-01 2.814499999999999886e+02
1.487361746102668047e+09 7.691000000000000059e-01 2.814499999999999886e+02
1.487361746202333927e+09 7.691000000000000059e-01 2.814499999999999886e+02
1.487361746318876028e+09 7.697000000000000508e-01 2.814499999999999886e+02
1.487361746418600082e+09 7.699000000000000288e-01 2.814499999999999886e+02
1.487361746518367052e+09 7.681999999999999940e-01 2.814499999999999886e+02
1.487361746618136883e+09 7.691999999999999948e-01 2.814499999999999886e+02
1.487361746713884115e+09 7.690000000000000169e-01 2.814499999999999886e+02
1.487361746814318895e+09 7.683999999999999719e-01 2.814399999999999977e+02
1.487361746917438030e+09 7.688000000000000389e-01 2.814399999999999977e+02
1.487361747017683983e+09 7.691999999999999948e-01 2.814399999999999977e+02
1.487361747129369020e+09 7.690000000000000169e-01 2.814399999999999977e+02
1.487361747230967999e+09 7.695999999999999508e-01 2.814399999999999977e+02
1.487361747329790115e+09 7.694999999999999618e-01 2.814399999999999977e+02
1.487361747429699898e+09 7.692999999999999838e-01 2.814399999999999977e+02
1.487361747529905081e+09 7.688000000000000389e-01 2.814399999999999977e+02
1.487361747628820896e+09 7.691000000000000059e-01 2.814399999999999977e+02
1.487361747728840113e+09 7.688000000000000389e-01 2.814399999999999977e+02
1.487361747828742981e+09 7.687000000000000499e-01 2.814399999999999977e+02
1.487361747927759886e+09 7.695999999999999508e-01 2.814399999999999977e+02
1.487361748041759968e+09 7.681999999999999940e-01 2.814399999999999977e+02
1.487361748135781050e+09 7.694999999999999618e-01 2.814399999999999977e+02
1.487361748240740061e+09 7.683999999999999719e-01 2.814399999999999977e+02
1.487361748340676069e+09 7.682999999999999829e-01 2.814399999999999977e+02
1.487361748439634085e+09 7.682999999999999829e-01 2.814300000000000068e+02
1.487361748539587021e+09 7.693999999999999728e-01 2.814300000000000068e+02
1.487361748638906956e+09 7.692999999999999838e-01 2.814300000000000068e+02
1.487361748738524914e+09 7.690000000000000169e-01 2.814300000000000068e+02
1.487361748852716923e+09 7.688000000000000389e-01 2.814300000000000068e+02
1.487361748951591015e+09 7.680000000000000160e-01 2.814300000000000068e+02
1.487361749051685095e+09 7.691000000000000059e-01 2.814300000000000068e+02
1.487361749146594048e+09 7.688000000000000389e-01 2.814300000000000068e+02
1.487361749250566959e+09 7.683999999999999719e-01 2.814300000000000068e+02
1.487361749350456953e+09 7.691000000000000059e-01 2.814300000000000068e+02
1.487361749450536966e+09 7.695999999999999508e-01 2.814300000000000068e+02
1.487361749549580097e+09 7.697000000000000508e-01 2.814300000000000068e+02
1.487361749663091898e+09 7.691000000000000059e-01 2.814300000000000068e+02
1.487361749760670900e+09 7.684999999999999609e-01 2.814300000000000068e+02
1.487361749860430002e+09 7.685999999999999499e-01 2.814300000000000068e+02
1.487361749960180998e+09 7.692999999999999838e-01 2.814200000000000159e+02
1.487361750061557055e+09 7.698000000000000398e-01 2.814200000000000159e+02
1.487361750156610012e+09 7.691999999999999948e-01 2.814200000000000159e+02
1.487361750259443045e+09 7.685999999999999499e-01 2.814200000000000159e+02
1.487361750375473022e+09 7.692999999999999838e-01 2.814200000000000159e+02
1.487361750474498987e+09 7.688000000000000389e-01 2.814200000000000159e+02
1.487361750574624062e+09 7.695999999999999508e-01 2.814200000000000159e+02
1.487361750673616886e+09 7.684999999999999609e-01 2.814200000000000159e+02
1.487361750773540974e+09 7.687000000000000499e-01 2.814200000000000159e+02
1.487361750872724056e+09 7.690000000000000169e-01 2.814200000000000159e+02
1.487361750969897032e+09 7.701000000000000068e-01 2.814200000000000159e+02
1.487361751071814060e+09 7.691999999999999948e-01 2.814200000000000159e+02
1.487361751186491013e+09 7.685999999999999499e-01 2.814200000000000159e+02
1.487361751285423040e+09 7.691000000000000059e-01 2.814200000000000159e+02
1.487361751385384083e+09 7.690000000000000169e-01 2.814100000000000250e+02
1.487361751484560013e+09 7.691999999999999948e-01 2.814100000000000250e+02
1.487361751584546089e+09 7.689000000000000279e-01 2.814100000000000250e+02
1.487361751683389902e+09 7.691000000000000059e-01 2.814100000000000250e+02
1.487361751783485889e+09 7.688000000000000389e-01 2.814100000000000250e+02
1.487361751883264065e+09 7.691000000000000059e-01 2.814100000000000250e+02
1.487361751982367039e+09 7.685999999999999499e-01 2.814100000000000250e+02
1.487361752096282005e+09 7.684999999999999609e-01 2.814100000000000250e+02
1.487361752191534996e+09 7.689000000000000279e-01 2.814100000000000250e+02
1.487361752291135073e+09 7.690000000000000169e-01 2.814100000000000250e+02
1.487361752395359993e+09 7.691999999999999948e-01 2.814100000000000250e+02
1.487361752492242098e+09 7.684999999999999609e-01 2.814100000000000250e+02
1.487361752594333887e+09 7.690000000000000169e-01 2.814100000000000250e+02
1.487361752694295883e+09 7.683999999999999719e-01 2.813999999999999773e+02
1.487361752793294907e+09 7.690000000000000169e-01 2.813999999999999773e+02
1.487361752903150082e+09 7.685999999999999499e-01 2.813999999999999773e+02
1.487361753002957106e+09 7.690000000000000169e-01 2.813999999999999773e+02
1.487361753102690935e+09 7.693999999999999728e-01 2.813999999999999773e+02
1.487361753202449083e+09 7.688000000000000389e-01 2.813999999999999773e+02
1.487361753301796913e+09 7.691000000000000059e-01 2.813999999999999773e+02
1.487361753401983976e+09 7.683999999999999719e-01 2.813999999999999773e+02
1.487361753501744032e+09 7.692999999999999838e-01 2.813999999999999773e+02
1.487361753601492882e+09 7.693999999999999728e-01 2.813999999999999773e+02
1.487361753717902899e+09 7.685999999999999499e-01 2.813999999999999773e+02
1.487361753816306114e+09 7.691000000000000059e-01 2.813999999999999773e+02
1.487361753917346954e+09 7.683999999999999719e-01 2.813999999999999773e+02
1.487361754016941071e+09 7.680000000000000160e-01 2.813999999999999773e+02
1.487361754116957903e+09 7.688000000000000389e-01 2.813899999999999864e+02
1.487361754216236115e+09 7.683999999999999719e-01 2.813899999999999864e+02
1.487361754314738035e+09 7.697000000000000508e-01 2.813899999999999864e+02
1.487361754415137053e+09 7.685999999999999499e-01 2.813899999999999864e+02
1.487361754529165030e+09 7.682999999999999829e-01 2.813899999999999864e+02
1.487361754629308939e+09 7.691999999999999948e-01 2.813899999999999864e+02
1.487361754728182077e+09 7.682999999999999829e-01 2.813899999999999864e+02
1.487361754828288078e+09 7.692999999999999838e-01 2.813899999999999864e+02
1.487361754925174952e+09 7.690000000000000169e-01 2.813899999999999864e+02
1.487361755027096033e+09 7.687000000000000499e-01 2.813899999999999864e+02
1.487361755127146006e+09 7.694999999999999618e-01 2.813899999999999864e+02
1.487361755227184057e+09 7.689000000000000279e-01 2.813899999999999864e+02
1.487361755340200901e+09 7.691000000000000059e-01 2.813899999999999864e+02
1.487361755437414885e+09 7.684999999999999609e-01 2.813899999999999864e+02
1.487361755539006948e+09 7.681999999999999940e-01 2.813899999999999864e+02
1.487361755639125109e+09 7.695999999999999508e-01 2.813899999999999864e+02
1.487361755739078045e+09 7.690000000000000169e-01 2.813899999999999864e+02
1.487361755838013887e+09 7.687000000000000499e-01 2.813799999999999955e+02
1.487361755938141108e+09 7.691000000000000059e-01 2.813799999999999955e+02
1.487361756036137104e+09 7.688000000000000389e-01 2.813799999999999955e+02
1.487361756147051096e+09 7.693999999999999728e-01 2.813799999999999955e+02
1.487361756246783018e+09 7.689000000000000279e-01 2.813799999999999955e+02
1.487361756347126007e+09 7.688000000000000389e-01 2.813799999999999955e+02
1.487361756450026035e+09 7.681000000000000050e-01 2.813799999999999955e+02
1.487361756547000885e+09 7.694999999999999618e-01 2.813799999999999955e+02
1.487361756643795013e+09 7.691999999999999948e-01 2.813799999999999955e+02
1.487361756743985891e+09 7.690000000000000169e-01 2.813799999999999955e+02
1.487361756847218990e+09 7.688000000000000389e-01 2.813799999999999955e+02
1.487361756959012985e+09 7.691999999999999948e-01 2.813799999999999955e+02
1.487361757059904099e+09 7.689000000000000279e-01 2.813799999999999955e+02
1.487361757157605886e+09 7.689000000000000279e-01 2.813700000000000045e+02
1.487361757258846045e+09 7.693999999999999728e-01 2.813799999999999955e+02
1.487361757359250069e+09 7.683999999999999719e-01 2.813799999999999955e+02
1.487361757458964109e+09 7.685999999999999499e-01 2.813700000000000045e+02
1.487361757558737040e+09 7.695999999999999508e-01 2.813700000000000045e+02
1.487361757658526897e+09 7.693999999999999728e-01 2.813700000000000045e+02
1.487361757772138119e+09 7.687000000000000499e-01 2.813700000000000045e+02
1.487361757872777939e+09 7.687000000000000499e-01 2.813700000000000045e+02
1.487361757972860098e+09 7.691999999999999948e-01 2.813700000000000045e+02
1.487361758071755886e+09 7.687000000000000499e-01 2.813700000000000045e+02
1.487361758168782949e+09 7.689000000000000279e-01 2.813700000000000045e+02
1.487361758270792961e+09 7.690000000000000169e-01 2.813700000000000045e+02
1.487361758370810032e+09 7.687000000000000499e-01 2.813700000000000045e+02
1.487361758470818996e+09 7.689000000000000279e-01 2.813700000000000045e+02
1.487361758583765030e+09 7.688000000000000389e-01 2.813700000000000045e+02
1.487361758683820963e+09 7.687000000000000499e-01 2.813700000000000045e+02
1.487361758783907890e+09 7.687000000000000499e-01 2.813700000000000045e+02
1.487361758882759094e+09 7.690000000000000169e-01 2.813700000000000045e+02
1.487361758982682943e+09 7.681999999999999940e-01 2.813700000000000045e+02
1.487361759081713915e+09 7.701000000000000068e-01 2.813700000000000045e+02
1.487361759181828022e+09 7.689000000000000279e-01 2.813600000000000136e+02
1.487361759281759024e+09 7.683999999999999719e-01 2.813600000000000136e+02
1.487361759380594969e+09 7.697000000000000508e-01 2.813600000000000136e+02
1.487361759494740009e+09 7.687000000000000499e-01 2.813600000000000136e+02
1.487361759594615936e+09 7.682999999999999829e-01 2.813600000000000136e+02
1.487361759694005013e+09 7.689000000000000279e-01 2.813600000000000136e+02
1.487361759793461084e+09 7.689000000000000279e-01 2.813600000000000136e+02
1.487361759892641068e+09 7.695999999999999508e-01 2.813600000000000136e+02
1.487361759992769957e+09 7.687000000000000499e-01 2.813600000000000136e+02
1.487361760092734098e+09 7.692999999999999838e-01 2.813600000000000136e+02
1.487361760203771114e+09 7.687000000000000499e-01 2.813600000000000136e+02
1.487361760302174091e+09 7.691000000000000059e-01 2.813600000000000136e+02
1.487361760401920080e+09 7.685999999999999499e-01 2.813600000000000136e+02
1.487361760501692057e+09 7.684999999999999609e-01 2.813600000000000136e+02
1.487361760601485014e+09 7.685999999999999499e-01 2.813600000000000136e+02
1.487361760701123953e+09 7.685999999999999499e-01 2.813500000000000227e+02
1.487361760800985098e+09 7.689000000000000279e-01 2.813500000000000227e+02
1.487361760900753021e+09 7.689000000000000279e-01 2.813500000000000227e+02
1.487361761000534058e+09 7.688000000000000389e-01 2.813500000000000227e+02
1.487361761116611004e+09 7.683999999999999719e-01 2.813500000000000227e+02
1.487361761215802908e+09 7.691999999999999948e-01 2.813500000000000227e+02
1.487361761313004017e+09 7.689000000000000279e-01 2.813500000000000227e+02
1.487361761415463924e+09 7.690000000000000169e-01 2.813500000000000227e+02
1.487361761515599012e+09 7.682999999999999829e-01 2.813500000000000227e+02
1.487361761611774921e+09 7.688000000000000389e-01 2.813500000000000227e+02
1.487361761712263107e+09 7.691999999999999948e-01 2.813500000000000227e+02
1.487361761813349962e+09 7.689000000000000279e-01 2.813500000000000227e+02
1.487361761913464069e+09 7.685999999999999499e-01 2.813500000000000227e+02
1.487361762024523973e+09 7.691000000000000059e-01 2.813500000000000227e+02
1.487361762126568079e+09 7.685999999999999499e-01 2.813500000000000227e+02
1.487361762226248980e+09 7.684999999999999609e-01 2.813500000000000227e+02
1.487361762326574087e+09 7.691000000000000059e-01 2.813399999999999750e+02
1.487361762425420046e+09 7.692999999999999838e-01 2.813500000000000227e+02
1.487361762525408983e+09 7.691999999999999948e-01 2.813500000000000227e+02
1.487361762624394894e+09 7.691999999999999948e-01 2.813399999999999750e+02
1.487361762724343061e+09 7.687000000000000499e-01 2.813399999999999750e+02
1.487361762838407993e+09 7.692999999999999838e-01 2.813399999999999750e+02
1.487361762933286905e+09 7.687000000000000499e-01 2.813399999999999750e+02
1.487361763037451029e+09 7.684999999999999609e-01 2.813399999999999750e+02
1.487361763137366056e+09 7.685999999999999499e-01 2.813399999999999750e+02
1.487361763236525059e+09 7.687000000000000499e-01 2.813399999999999750e+02
1.487361763331458092e+09 7.688000000000000389e-01 2.813399999999999750e+02
1.487361763432154894e+09 7.691000000000000059e-01 2.813399999999999750e+02
1.487361763535408020e+09 7.687000000000000499e-01 2.813399999999999750e+02
1.487361763644315004e+09 7.683999999999999719e-01 2.813399999999999750e+02
1.487361763743916035e+09 7.688000000000000389e-01 2.813399999999999750e+02
1.487361763843694925e+09 7.681000000000000050e-01 2.813399999999999750e+02
1.487361763948497057e+09 7.692999999999999838e-01 2.813399999999999750e+02
1.487361764043229103e+09 7.691999999999999948e-01 2.813399999999999750e+02
1.487361764143011093e+09 7.687000000000000499e-01 2.813399999999999750e+02
1.487361764242762089e+09 7.681999999999999940e-01 2.813399999999999750e+02
1.487361764342515945e+09 7.690000000000000169e-01 2.813299999999999841e+02
1.487361764458914995e+09 7.683999999999999719e-01 2.813299999999999841e+02
1.487361764558681965e+09 7.685999999999999499e-01 2.813299999999999841e+02
1.487361764658373117e+09 7.688000000000000389e-01 2.813299999999999841e+02
1.487361764758223057e+09 7.690000000000000169e-01 2.813299999999999841e+02
1.487361764858109951e+09 7.689000000000000279e-01 2.813299999999999841e+02
1.487361764957741022e+09 7.681000000000000050e-01 2.813299999999999841e+02
1.487361765057229042e+09 7.689000000000000279e-01 2.813299999999999841e+02
1.487361765156228065e+09 7.688000000000000389e-01 2.813299999999999841e+02
1.487361765269660950e+09 7.692999999999999838e-01 2.813299999999999841e+02
1.487361765370394945e+09 7.685999999999999499e-01 2.813299999999999841e+02
1.487361765466964960e+09 7.681999999999999940e-01 2.813299999999999841e+02
1.487361765570310116e+09 7.681999999999999940e-01 2.813299999999999841e+02
1.487361765669244051e+09 7.687000000000000499e-01 2.813299999999999841e+02
1.487361765769223928e+09 7.685999999999999499e-01 2.813299999999999841e+02
1.487361765867194891e+09 7.690000000000000169e-01 2.813299999999999841e+02
1.487361765964308023e+09 7.680000000000000160e-01 2.813199999999999932e+02
1.487361766082230091e+09 7.687000000000000499e-01 2.813199999999999932e+02
1.487361766178966045e+09 7.682999999999999829e-01 2.813199999999999932e+02
1.487361766277240038e+09 7.691000000000000059e-01 2.813199999999999932e+02
1.487361766381350040e+09 7.687000000000000499e-01 2.813199999999999932e+02
1.487361766476296902e+09 7.691000000000000059e-01 2.813199999999999932e+02
1.487361766578788996e+09 7.687000000000000499e-01 2.813199999999999932e+02
1.487361766675370932e+09 7.691999999999999948e-01 2.813199999999999932e+02
1.487361766774610043e+09 7.688000000000000389e-01 2.813199999999999932e+02
1.487361766888535976e+09 7.687000000000000499e-01 2.813199999999999932e+02
1.487361766989275932e+09 7.687000000000000499e-01 2.813199999999999932e+02
1.487361767086548090e+09 7.690000000000000169e-01 2.813199999999999932e+02
1.487361767190871000e+09 7.691000000000000059e-01 2.813199999999999932e+02
1.487361767288743019e+09 7.683999999999999719e-01 2.813199999999999932e+02
1.487361767390933990e+09 7.680000000000000160e-01 2.813199999999999932e+02
1.487361767490521908e+09 7.687000000000000499e-01 2.813199999999999932e+02
1.487361767589981079e+09 7.688000000000000389e-01 2.813199999999999932e+02
1.487361767685643911e+09 7.691999999999999948e-01 2.813100000000000023e+02
1.487361767800919056e+09 7.685999999999999499e-01 2.813100000000000023e+02
1.487361767897639990e+09 7.692999999999999838e-01 2.813100000000000023e+02
1.487361768000338078e+09 7.683999999999999719e-01 2.813100000000000023e+02
1.487361768100229025e+09 7.697000000000000508e-01 2.813100000000000023e+02
1.487361768200196028e+09 7.681999999999999940e-01 2.813100000000000023e+02
1.487361768299755096e+09 7.691000000000000059e-01 2.813100000000000023e+02
1.487361768395993948e+09 7.693999999999999728e-01 2.813100000000000023e+02
1.487361768498366117e+09 7.682999999999999829e-01 2.813100000000000023e+02
1.487361768610430002e+09 7.680000000000000160e-01 2.813100000000000023e+02
1.487361768713781118e+09 7.681000000000000050e-01 2.813100000000000023e+02
1.487361768813864946e+09 7.685999999999999499e-01 2.813100000000000023e+02
1.487361768912967920e+09 7.681999999999999940e-01 2.813100000000000023e+02
1.487361769012954950e+09 7.691999999999999948e-01 2.813100000000000023e+02
1.487361769108587980e+09 7.692999999999999838e-01 2.813100000000000023e+02
1.487361769206938028e+09 7.693999999999999728e-01 2.813100000000000023e+02
1.487361769326000929e+09 7.685999999999999499e-01 2.813100000000000023e+02
1.487361769425899982e+09 7.681000000000000050e-01 2.813100000000000023e+02
1.487361769524485111e+09 7.683999999999999719e-01 2.813100000000000023e+02
1.487361769624799967e+09 7.682999999999999829e-01 2.813000000000000114e+02
1.487361769722779989e+09 7.692999999999999838e-01 2.813000000000000114e+02
1.487361769823693991e+09 7.682999999999999829e-01 2.813000000000000114e+02
1.487361769923962116e+09 7.681000000000000050e-01 2.813000000000000114e+02
1.487361770022880077e+09 7.688000000000000389e-01 2.813000000000000114e+02
1.487361770122903109e+09 7.687000000000000499e-01 2.813000000000000114e+02
1.487361770236859083e+09 7.689000000000000279e-01 2.813000000000000114e+02
1.487361770335736036e+09 7.688000000000000389e-01 2.813000000000000114e+02
1.487361770435708046e+09 7.690000000000000169e-01 2.813000000000000114e+02
1.487361770534740925e+09 7.681999999999999940e-01 2.813000000000000114e+02
1.487361770634860039e+09 7.681000000000000050e-01 2.813000000000000114e+02
1.487361770734503031e+09 7.682999999999999829e-01 2.812900000000000205e+02
1.487361770833841085e+09 7.681999999999999940e-01 2.812900000000000205e+02
1.487361770933708906e+09 7.691000000000000059e-01 2.812900000000000205e+02
1.487361771043231964e+09 7.685999999999999499e-01 2.812900000000000205e+02
1.487361771142993927e+09 7.691999999999999948e-01 2.812900000000000205e+02
1.487361771241780043e+09 7.690000000000000169e-01 2.812900000000000205e+02
1.487361771342585087e+09 7.690000000000000169e-01 2.812900000000000205e+02
1.487361771442300081e+09 7.684999999999999609e-01 2.812900000000000205e+02
1.487361771542059898e+09 7.692999999999999838e-01 2.812900000000000205e+02
1.487361771641815901e+09 7.694999999999999618e-01 2.812900000000000205e+02
1.487361771741605997e+09 7.688000000000000389e-01 2.812900000000000205e+02
1.487361771855757952e+09 7.688000000000000389e-01 2.812900000000000205e+02
1.487361771957493067e+09 7.683999999999999719e-01 2.812900000000000205e+02
1.487361772053632021e+09 7.690000000000000169e-01 2.812799999999999727e+02
1.487361772155996084e+09 7.684999999999999609e-01 2.812799999999999727e+02
1.487361772256552935e+09 7.687000000000000499e-01 2.812799999999999727e+02
1.487361772355051994e+09 7.691999999999999948e-01 2.812799999999999727e+02
1.487361772455799103e+09 7.694999999999999618e-01 2.812799999999999727e+02
1.487361772555316925e+09 7.695999999999999508e-01 2.812799999999999727e+02
1.487361772669691086e+09 7.689000000000000279e-01 2.812799999999999727e+02
1.487361772768583059e+09 7.691000000000000059e-01 2.812799999999999727e+02
1.487361772868715048e+09 7.687000000000000499e-01 2.812799999999999727e+02
1.487361772963124037e+09 7.685999999999999499e-01 2.812799999999999727e+02
1.487361773067509890e+09 7.690000000000000169e-01 2.812799999999999727e+02
1.487361773167537928e+09 7.688000000000000389e-01 2.812699999999999818e+02
1.487361773266155005e+09 7.689000000000000279e-01 2.812699999999999818e+02
1.487361773366569996e+09 7.681000000000000050e-01 2.812699999999999818e+02
1.487361773466470957e+09 7.681000000000000050e-01 2.812699999999999818e+02
1.487361773580137014e+09 7.688000000000000389e-01 2.812699999999999818e+02
1.487361773679451942e+09 7.690000000000000169e-01 2.812699999999999818e+02
1.487361773778731108e+09 7.684999999999999609e-01 2.812699999999999818e+02
1.487361773878386021e+09 7.691999999999999948e-01 2.812699999999999818e+02
1.487361773978370905e+09 7.690000000000000169e-01 2.812699999999999818e+02
1.487361774074765921e+09 7.692999999999999838e-01 2.812699999999999818e+02
1.487361774176654100e+09 7.687000000000000499e-01 2.812699999999999818e+02
1.487361774291295052e+09 7.687000000000000499e-01 2.812699999999999818e+02
1.487361774391530991e+09 7.688000000000000389e-01 2.812699999999999818e+02
1.487361774490114927e+09 7.687000000000000499e-01 2.812699999999999818e+02
1.487361774586805105e+09 7.698000000000000398e-01 2.812599999999999909e+02
1.487361774687191010e+09 7.688000000000000389e-01 2.812599999999999909e+02
1.487361774785609961e+09 7.688000000000000389e-01 2.812599999999999909e+02
1.487361774888267040e+09 7.688000000000000389e-01 2.812599999999999909e+02
1.487361774983797073e+09 7.687000000000000499e-01 2.812599999999999909e+02
1.487361775083825111e+09 7.685999999999999499e-01 2.812599999999999909e+02
1.487361775199970961e+09 7.691999999999999948e-01 2.812599999999999909e+02
1.487361775299712896e+09 7.685999999999999499e-01 2.812599999999999909e+02
1.487361775399523973e+09 7.685999999999999499e-01 2.812599999999999909e+02
1.487361775495613098e+09 7.688000000000000389e-01 2.812599999999999909e+02
1.487361775595731020e+09 7.693999999999999728e-01 2.812599999999999909e+02
1.487361775698865891e+09 7.689000000000000279e-01 2.812599999999999909e+02
1.487361775794662952e+09 7.690000000000000169e-01 2.812599999999999909e+02
1.487361775898256063e+09 7.689000000000000279e-01 2.812599999999999909e+02
1.487361775998034954e+09 7.689000000000000279e-01 2.812599999999999909e+02
1.487361776110858917e+09 7.688000000000000389e-01 2.812599999999999909e+02
1.487361776206985950e+09 7.695999999999999508e-01 2.812599999999999909e+02
1.487361776306766987e+09 7.685999999999999499e-01 2.812500000000000000e+02
1.487361776408910990e+09 7.693999999999999728e-01 2.812500000000000000e+02
1.487361776510083914e+09 7.689000000000000279e-01 2.812500000000000000e+02
1.487361776610418081e+09 7.682999999999999829e-01 2.812500000000000000e+02
1.487361776709814072e+09 7.695999999999999508e-01 2.812500000000000000e+02
1.487361776807588100e+09 7.698000000000000398e-01 2.812500000000000000e+02
1.487361776921178102e+09 7.682999999999999829e-01 2.812500000000000000e+02
1.487361777023385048e+09 7.690000000000000169e-01 2.812500000000000000e+02
1.487361777118927002e+09 7.683999999999999719e-01 2.812500000000000000e+02
1.487361777219892025e+09 7.690000000000000169e-01 2.812500000000000000e+02
1.487361777320688963e+09 7.691999999999999948e-01 2.812400000000000091e+02
1.487361777420681000e+09 7.691999999999999948e-01 2.812400000000000091e+02
1.487361777516880989e+09 7.688000000000000389e-01 2.812400000000000091e+02
1.487361777620420933e+09 7.693999999999999728e-01 2.812400000000000091e+02
1.487361777734342098e+09 7.698000000000000398e-01 2.812400000000000091e+02
1.487361777831708908e+09 7.687000000000000499e-01 2.812400000000000091e+02
1.487361777933074951e+09 7.691000000000000059e-01 2.812400000000000091e+02
1.487361778031878948e+09 7.697000000000000508e-01 2.812400000000000091e+02
1.487361778131994009e+09 7.691000000000000059e-01 2.812400000000000091e+02
1.487361778232146978e+09 7.684999999999999609e-01 2.812400000000000091e+02
1.487361778330380917e+09 7.691999999999999948e-01 2.812400000000000091e+02
1.487361778431037903e+09 7.691999999999999948e-01 2.812300000000000182e+02
1.487361778541954041e+09 7.688000000000000389e-01 2.812300000000000182e+02
1.487361778641762972e+09 7.684999999999999609e-01 2.812300000000000182e+02
1.487361778741503954e+09 7.682999999999999829e-01 2.812300000000000182e+02
1.487361778841279030e+09 7.691999999999999948e-01 2.812300000000000182e+02
1.487361778941040039e+09 7.694999999999999618e-01 2.812300000000000182e+02
1.487361779040803909e+09 7.691999999999999948e-01 2.812300000000000182e+02
1.487361779140561104e+09 7.690000000000000169e-01 2.812300000000000182e+02
1.487361779240335941e+09 7.690000000000000169e-01 2.812300000000000182e+02
1.487361779356190920e+09 7.692999999999999838e-01 2.812300000000000182e+02
1.487361779456166983e+09 7.691000000000000059e-01 2.812300000000000182e+02
1.487361779551609993e+09 7.690000000000000169e-01 2.812300000000000182e+02
1.487361779655087948e+09 7.688000000000000389e-01 2.812300000000000182e+02
1.487361779755036116e+09 7.693999999999999728e-01 2.812300000000000182e+02
1.487361779853904963e+09 7.692999999999999838e-01 2.812300000000000182e+02
1.487361779954133987e+09 7.688000000000000389e-01 2.812200000000000273e+02
1.487361780053883076e+09 7.694999999999999618e-01 2.812200000000000273e+02
1.487361780167030096e+09 7.687000000000000499e-01 2.812200000000000273e+02
1.487361780266948938e+09 7.695999999999999508e-01 2.812200000000000273e+02
1.487361780366947889e+09 7.693999999999999728e-01 2.812200000000000273e+02
1.487361780465847015e+09 7.683999999999999719e-01 2.812200000000000273e+02
1.487361780565927029e+09 7.685999999999999499e-01 2.812200000000000273e+02
1.487361780664856911e+09 7.687000000000000499e-01 2.812200000000000273e+02
1.487361780764451981e+09 7.692999999999999838e-01 2.812200000000000273e+02
1.487361780864826918e+09 7.691000000000000059e-01 2.812200000000000273e+02
1.487361780975970984e+09 7.685999999999999499e-01 2.812200000000000273e+02
1.487361781072891951e+09 7.688000000000000389e-01 2.812200000000000273e+02
1.487361781175863981e+09 7.698000000000000398e-01 2.812099999999999795e+02
1.487361781276813984e+09 7.688000000000000389e-01 2.812099999999999795e+02
1.487361781376717091e+09 7.690000000000000169e-01 2.812099999999999795e+02
1.487361781475800037e+09 7.690000000000000169e-01 2.812099999999999795e+02
1.487361781575656891e+09 7.692999999999999838e-01 2.812099999999999795e+02
1.487361781676001072e+09 7.688000000000000389e-01 2.812099999999999795e+02
1.487361781774957895e+09 7.679000000000000270e-01 2.812099999999999795e+02
1.487361781884001017e+09 7.691000000000000059e-01 2.812099999999999795e+02
1.487361781983741999e+09 7.695999999999999508e-01 2.812099999999999795e+02
1.487361782083513975e+09 7.685999999999999499e-01 2.812099999999999795e+02
1.487361782183265924e+09 7.701000000000000068e-01 2.812099999999999795e+02
1.487361782283036947e+09 7.689000000000000279e-01 2.812099999999999795e+02
1.487361782382780075e+09 7.691999999999999948e-01 2.812099999999999795e+02
1.487361782482698917e+09 7.691999999999999948e-01 2.811999999999999886e+02
1.487361782581532955e+09 7.691000000000000059e-01 2.811999999999999886e+02
1.487361782698713064e+09 7.682999999999999829e-01 2.811999999999999886e+02
1.487361782795057058e+09 7.690000000000000169e-01 2.811999999999999886e+02
1.487361782898287058e+09 7.687000000000000499e-01 2.811999999999999886e+02
1.487361782998049974e+09 7.689000000000000279e-01 2.811999999999999886e+02
1.487361783097613096e+09 7.683999999999999719e-01 2.811999999999999886e+02
1.487361783197537899e+09 7.683999999999999719e-01 2.811999999999999886e+02
1.487361783297305107e+09 7.683999999999999719e-01 2.811999999999999886e+02
1.487361783394330025e+09 7.688000000000000389e-01 2.811999999999999886e+02
1.487361783496685028e+09 7.684999999999999609e-01 2.811999999999999886e+02
1.487361783595359087e+09 7.688000000000000389e-01 2.811899999999999977e+02
1.487361783709589005e+09 7.689000000000000279e-01 2.811899999999999977e+02
1.487361783809078932e+09 7.685999999999999499e-01 2.811899999999999977e+02
1.487361783908567905e+09 7.692999999999999838e-01 2.811899999999999977e+02
1.487361784008611917e+09 7.688000000000000389e-01 2.811899999999999977e+02
1.487361784108524084e+09 7.697000000000000508e-01 2.811899999999999977e+02
1.487361784207469940e+09 7.682999999999999829e-01 2.811899999999999977e+02
1.487361784307563066e+09 7.684999999999999609e-01 2.811899999999999977e+02
1.487361784406636953e+09 7.685999999999999499e-01 2.811899999999999977e+02
1.487361784506625891e+09 7.689000000000000279e-01 2.811899999999999977e+02
1.487361784620660067e+09 7.688000000000000389e-01 2.811899999999999977e+02
1.487361784719219923e+09 7.687000000000000499e-01 2.811899999999999977e+02
1.487361784818522930e+09 7.690000000000000169e-01 2.811800000000000068e+02
1.487361784919622898e+09 7.694999999999999618e-01 2.811800000000000068e+02
1.487361785018556118e+09 7.690000000000000169e-01 2.811800000000000068e+02
1.487361785118611097e+09 7.692999999999999838e-01 2.811800000000000068e+02
1.487361785218103886e+09 7.681999999999999940e-01 2.811800000000000068e+02
1.487361785317661047e+09 7.694999999999999618e-01 2.811800000000000068e+02
1.487361785429517031e+09 7.697000000000000508e-01 2.811800000000000068e+02
1.487361785530231953e+09 7.681000000000000050e-01 2.811800000000000068e+02
1.487361785630479097e+09 7.682999999999999829e-01 2.811800000000000068e+02
1.487361785725642920e+09 7.689000000000000279e-01 2.811800000000000068e+02
1.487361785824636936e+09 7.693999999999999728e-01 2.811800000000000068e+02
1.487361785929425955e+09 7.687000000000000499e-01 2.811800000000000068e+02
1.487361786029238939e+09 7.684999999999999609e-01 2.811800000000000068e+02
1.487361786123859882e+09 7.694999999999999618e-01 2.811700000000000159e+02
1.487361786240231037e+09 7.685999999999999499e-01 2.811700000000000159e+02
1.487361786338958979e+09 7.692999999999999838e-01 2.811700000000000159e+02
1.487361786439771891e+09 7.691000000000000059e-01 2.811700000000000159e+02
1.487361786539534092e+09 7.691999999999999948e-01 2.811700000000000159e+02
1.487361786639298916e+09 7.684999999999999609e-01 2.811700000000000159e+02
1.487361786739104033e+09 7.692999999999999838e-01 2.811700000000000159e+02
1.487361786838829041e+09 7.691999999999999948e-01 2.811700000000000159e+02
1.487361786938591957e+09 7.689000000000000279e-01 2.811700000000000159e+02
1.487361787050858974e+09 7.685999999999999499e-01 2.811600000000000250e+02
1.487361787152584076e+09 7.682999999999999829e-01 2.811600000000000250e+02
1.487361787250287056e+09 7.683999999999999719e-01 2.811600000000000250e+02
1.487361787346956968e+09 7.687000000000000499e-01 2.811600000000000250e+02
1.487361787445986032e+09 7.681000000000000050e-01 2.811600000000000250e+02
1.487361787550950050e+09 7.691000000000000059e-01 2.811600000000000250e+02
1.487361787651341915e+09 7.682999999999999829e-01 2.811600000000000250e+02
1.487361787750170946e+09 7.688000000000000389e-01 2.811600000000000250e+02
1.487361787850274086e+09 7.681000000000000050e-01 2.811600000000000250e+02
1.487361787964540958e+09 7.697000000000000508e-01 2.811600000000000250e+02
1.487361788063195944e+09 7.691999999999999948e-01 2.811600000000000250e+02
1.487361788163166046e+09 7.685999999999999499e-01 2.811600000000000250e+02
1.487361788262093067e+09 7.691999999999999948e-01 2.811600000000000250e+02
1.487361788362132072e+09 7.692999999999999838e-01 2.811499999999999773e+02
1.487361788462007999e+09 7.690000000000000169e-01 2.811499999999999773e+02
1.487361788561104059e+09 7.692999999999999838e-01 2.811499999999999773e+02
1.487361788657630920e+09 7.695999999999999508e-01 2.811499999999999773e+02
1.487361788756896019e+09 7.693999999999999728e-01 2.811499999999999773e+02
1.487361788869486094e+09 7.691999999999999948e-01 2.811499999999999773e+02
1.487361788972187042e+09 7.691000000000000059e-01 2.811499999999999773e+02
1.487361789073043108e+09 7.691999999999999948e-01 2.811499999999999773e+02
1.487361789173250914e+09 7.690000000000000169e-01 2.811499999999999773e+02
1.487361789267591000e+09 7.682999999999999829e-01 2.811499999999999773e+02
1.487361789367151022e+09 7.691999999999999948e-01 2.811499999999999773e+02
1.487361789468655109e+09 7.680000000000000160e-01 2.811499999999999773e+02
1.487361789570954084e+09 7.687000000000000499e-01 2.811499999999999773e+02
1.487361789680322886e+09 7.691999999999999948e-01 2.811399999999999864e+02
1.487361789780106068e+09 7.689000000000000279e-01 2.811399999999999864e+02
1.487361789880737066e+09 7.687000000000000499e-01 2.811399999999999864e+02
1.487361789981308937e+09 7.689000000000000279e-01 2.811399999999999864e+02
1.487361790081058025e+09 7.688000000000000389e-01 2.811399999999999864e+02
1.487361790180717945e+09 7.690000000000000169e-01 2.811399999999999864e+02
1.487361790280617952e+09 7.683999999999999719e-01 2.811399999999999864e+02
1.487361790378237009e+09 7.693999999999999728e-01 2.811399999999999864e+02
1.487361790480119944e+09 7.688000000000000389e-01 2.811399999999999864e+02
1.487361790596055984e+09 7.689000000000000279e-01 2.811399999999999864e+02
1.487361790695231915e+09 7.687000000000000499e-01 2.811399999999999864e+02
1.487361790790580988e+09 7.695999999999999508e-01 2.811299999999999955e+02
1.487361790894906044e+09 7.687000000000000499e-01 2.811299999999999955e+02
1.487361790993957996e+09 7.685999999999999499e-01 2.811399999999999864e+02
1.487361791093853951e+09 7.681999999999999940e-01 2.811299999999999955e+02
1.487361791193954945e+09 7.690000000000000169e-01 2.811299999999999955e+02
1.487361791293061018e+09 7.691000000000000059e-01 2.811299999999999955e+02
1.487361791392815113e+09 7.690000000000000169e-01 2.811299999999999955e+02
1.487361791506124973e+09 7.690000000000000169e-01 2.811299999999999955e+02
1.487361791605766058e+09 7.688000000000000389e-01 2.811299999999999955e+02
1.487361791705991983e+09 7.689000000000000279e-01 2.811299999999999955e+02
1.487361791804821014e+09 7.689000000000000279e-01 2.811299999999999955e+02
1.487361791904860973e+09 7.693999999999999728e-01 2.811299999999999955e+02
1.487361792002829075e+09 7.683999999999999719e-01 2.811299999999999955e+02
1.487361792103853941e+09 7.684999999999999609e-01 2.811299999999999955e+02
1.487361792199619055e+09 7.691000000000000059e-01 2.811299999999999955e+02
1.487361792302813053e+09 7.691000000000000059e-01 2.811299999999999955e+02
1.487361792416846991e+09 7.692999999999999838e-01 2.811299999999999955e+02
1.487361792511519909e+09 7.681999999999999940e-01 2.811200000000000045e+02
1.487361792611634016e+09 7.687000000000000499e-01 2.811200000000000045e+02
1.487361792715768099e+09 7.681999999999999940e-01 2.811200000000000045e+02
1.487361792812828064e+09 7.691000000000000059e-01 2.811200000000000045e+02
1.487361792914747000e+09 7.692999999999999838e-01 2.811200000000000045e+02
1.487361793013514996e+09 7.682999999999999829e-01 2.811200000000000045e+02
1.487361793113759041e+09 7.684999999999999609e-01 2.811200000000000045e+02
1.487361793223561049e+09 7.685999999999999499e-01 2.811200000000000045e+02
1.487361793323334932e+09 7.691000000000000059e-01 2.811200000000000045e+02
1.487361793421966076e+09 7.694999999999999618e-01 2.811200000000000045e+02
1.487361793522778988e+09 7.688000000000000389e-01 2.811200000000000045e+02
1.487361793622529984e+09 7.680000000000000160e-01 2.811200000000000045e+02
1.487361793722423077e+09 7.697000000000000508e-01 2.811200000000000045e+02
1.487361793822174072e+09 7.688000000000000389e-01 2.811200000000000045e+02
1.487361793919802904e+09 7.691000000000000059e-01 2.811100000000000136e+02
1.487361794038280010e+09 7.682999999999999829e-01 2.811100000000000136e+02
1.487361794138112068e+09 7.681000000000000050e-01 2.811100000000000136e+02
1.487361794237709999e+09 7.684999999999999609e-01 2.811100000000000136e+02
1.487361794337600946e+09 7.683999999999999719e-01 2.811100000000000136e+02
1.487361794437333107e+09 7.691000000000000059e-01 2.811100000000000136e+02
1.487361794534092903e+09 7.688000000000000389e-01 2.811100000000000136e+02
1.487361794636507034e+09 7.688000000000000389e-01 2.811100000000000136e+02
1.487361794735701084e+09 7.694999999999999618e-01 2.811100000000000136e+02
1.487361794849741936e+09 7.689000000000000279e-01 2.811100000000000136e+02
1.487361794949676991e+09 7.683999999999999719e-01 2.811100000000000136e+02
1.487361795046145916e+09 7.685999999999999499e-01 2.811100000000000136e+02
1.487361795148509026e+09 7.689000000000000279e-01 2.811100000000000136e+02
1.487361795244613886e+09 7.691000000000000059e-01 2.811100000000000136e+02
1.487361795347662926e+09 7.685999999999999499e-01 2.811100000000000136e+02
1.487361795447479010e+09 7.693999999999999728e-01 2.811000000000000227e+02
1.487361795546152115e+09 7.684999999999999609e-01 2.811100000000000136e+02
1.487361795659599066e+09 7.680000000000000160e-01 2.811000000000000227e+02
1.487361795755757093e+09 7.694999999999999618e-01 2.811000000000000227e+02
1.487361795858490944e+09 7.691999999999999948e-01 2.811000000000000227e+02
1.487361795959422112e+09 7.697000000000000508e-01 2.811000000000000227e+02
1.487361796055852890e+09 7.693999999999999728e-01 2.811000000000000227e+02
1.487361796155211926e+09 7.684999999999999609e-01 2.811000000000000227e+02
1.487361796258400917e+09 7.698000000000000398e-01 2.811000000000000227e+02
1.487361796358334064e+09 7.687000000000000499e-01 2.811000000000000227e+02
1.487361796471297979e+09 7.687000000000000499e-01 2.811000000000000227e+02
1.487361796571337938e+09 7.683999999999999719e-01 2.811000000000000227e+02
1.487361796671422005e+09 7.683999999999999719e-01 2.811000000000000227e+02
1.487361796770359993e+09 7.691999999999999948e-01 2.811000000000000227e+02
1.487361796869530916e+09 7.690000000000000169e-01 2.810899999999999750e+02
1.487361796964659929e+09 7.681999999999999940e-01 2.811000000000000227e+02
1.487361797064438105e+09 7.683999999999999719e-01 2.811000000000000227e+02
1.487361797168811083e+09 7.693999999999999728e-01 2.810899999999999750e+02
1.487361797280565023e+09 7.684999999999999609e-01 2.810899999999999750e+02
1.487361797380336046e+09 7.682999999999999829e-01 2.810899999999999750e+02
1.487361797479918957e+09 7.697000000000000508e-01 2.810899999999999750e+02
1.487361797579858065e+09 7.691999999999999948e-01 2.810899999999999750e+02
1.487361797679641008e+09 7.688000000000000389e-01 2.810899999999999750e+02
1.487361797779390097e+09 7.692999999999999838e-01 2.810899999999999750e+02
1.487361797879163027e+09 7.684999999999999609e-01 2.810899999999999750e+02
1.487361797978849888e+09 7.689000000000000279e-01 2.810899999999999750e+02
1.487361798094443083e+09 7.682999999999999829e-01 2.810899999999999750e+02
1.487361798193346024e+09 7.687000000000000499e-01 2.810899999999999750e+02
1.487361798293308020e+09 7.691000000000000059e-01 2.810899999999999750e+02
1.487361798388648987e+09 7.691000000000000059e-01 2.810799999999999841e+02
1.487361798492208958e+09 7.684999999999999609e-01 2.810799999999999841e+02
1.487361798591255903e+09 7.687000000000000499e-01 2.810799999999999841e+02
1.487361798691318035e+09 7.681999999999999940e-01 2.810799999999999841e+02
1.487361798791241884e+09 7.685999999999999499e-01 2.810799999999999841e+02
1.487361798900163889e+09 7.687000000000000499e-01 2.810799999999999841e+02
1.487361799004293919e+09 7.684999999999999609e-01 2.810799999999999841e+02
1.487361799104156017e+09 7.679000000000000270e-01 2.810799999999999841e+02
1.487361799202691078e+09 7.691000000000000059e-01 2.810799999999999841e+02
1.487361799303114891e+09 7.682999999999999829e-01 2.810799999999999841e+02
1.487361799402159929e+09 7.689000000000000279e-01 2.810799999999999841e+02
1.487361799502320051e+09 7.678000000000000380e-01 2.810799999999999841e+02
1.487361799602286100e+09 7.689000000000000279e-01 2.810799999999999841e+02
1.487361799701859951e+09 7.689000000000000279e-01 2.810799999999999841e+02
1.487361799815161943e+09 7.693999999999999728e-01 2.810699999999999932e+02
1.487361799915134907e+09 7.691000000000000059e-01 2.810699999999999932e+02
1.487361800014067888e+09 7.689000000000000279e-01 2.810699999999999932e+02
1.487361800113975048e+09 7.685999999999999499e-01 2.810699999999999932e+02
1.487361800213017941e+09 7.691000000000000059e-01 2.810699999999999932e+02
1.487361800311779976e+09 7.685999999999999499e-01 2.810699999999999932e+02
1.487361800413043976e+09 7.685999999999999499e-01 2.810699999999999932e+02
1.487361800512110949e+09 7.691999999999999948e-01 2.810699999999999932e+02
1.487361800622594118e+09 7.677000000000000490e-01 2.810699999999999932e+02
1.487361800722304106e+09 7.690000000000000169e-01 2.810699999999999932e+02
1.487361800820143938e+09 7.689000000000000279e-01 2.810699999999999932e+02
1.487361800921955109e+09 7.682999999999999829e-01 2.810699999999999932e+02
