1.487363910500984907e+09 7.970000000000000417e-01 2.798899999999999864e+02
1.487363910591584921e+09 7.973000000000000087e-01 2.798899999999999864e+02
1.487363910690227985e+09 7.980000000000000426e-01 2.798899999999999864e+02
1.487363910799915075e+09 7.973999999999999977e-01 2.798899999999999864e+02
1.487363910899772882e+09 7.979000000000000536e-01 2.798899999999999864e+02
1.487363910998639107e+09 7.971000000000000307e-01 2.798899999999999864e+02
1.487363911098654032e+09 7.975999999999999757e-01 2.798899999999999864e+02
1.487363911199050903e+09 7.970000000000000417e-01 2.798899999999999864e+02
1.487363911297637939e+09 7.975999999999999757e-01 2.798899999999999864e+02
1.487363911398518085e+09 7.983000000000000096e-01 2.798899999999999864e+02
1.487363911498326063e+09 7.965999999999999748e-01 2.798899999999999864e+02
1.487363911598046064e+09 7.971000000000000307e-01 2.798899999999999864e+02
1.487363911714448929e+09 7.976999999999999647e-01 2.798899999999999864e+02
1.487363911814212084e+09 7.975999999999999757e-01 2.798899999999999864e+02
1.487363911913975954e+09 7.965999999999999748e-01 2.798899999999999864e+02
1.487363912009560108e+09 7.967999999999999527e-01 2.798899999999999864e+02
1.487363912110565901e+09 7.963000000000000078e-01 2.798899999999999864e+02
1.487363912213110924e+09 7.970000000000000417e-01 2.798899999999999864e+02
1.487363912312144995e+09 7.972000000000000197e-01 2.798899999999999864e+02
1.487363912412075996e+09 7.969000000000000528e-01 2.798899999999999864e+02
1.487363912512217999e+09 7.971000000000000307e-01 2.798899999999999864e+02
1.487363912625133038e+09 7.975999999999999757e-01 2.798899999999999864e+02
1.487363912725182056e+09 7.977999999999999536e-01 2.798899999999999864e+02
1.487363912825040102e+09 7.973000000000000087e-01 2.798899999999999864e+02
1.487363912922875881e+09 7.974999999999999867e-01 2.798899999999999864e+02
1.487363913024259090e+09 7.974999999999999867e-01 2.798899999999999864e+02
1.487363913123162031e+09 7.975999999999999757e-01 2.798899999999999864e+02
1.487363913222942114e+09 7.979000000000000536e-01 2.798899999999999864e+02
1.487363913319823980e+09 7.974999999999999867e-01 2.798899999999999864e+02
1.487363913431957960e+09 7.974999999999999867e-01 2.798899999999999864e+02
1.487363913535816908e+09 7.969000000000000528e-01 2.798799999999999955e+02
1.487363913636173964e+09 7.980000000000000426e-01 2.798799999999999955e+02
1.487363913730206966e+09 7.972000000000000197e-01 2.798899999999999864e+02
1.487363913835016966e+09 7.972000000000000197e-01 2.798899999999999864e+02
1.487363913931068897e+09 7.969000000000000528e-01 2.798899999999999864e+02
1.487363914028698921e+09 7.957999999999999519e-01 2.798799999999999955e+02
1.487363914130098104e+09 7.972000000000000197e-01 2.798799999999999955e+02
1.487363914245835066e+09 7.974999999999999867e-01 2.798799999999999955e+02
1.487363914347064018e+09 7.979000000000000536e-01 2.798799999999999955e+02
1.487363914446911097e+09 7.982000000000000206e-01 2.798899999999999864e+02
1.487363914540884018e+09 7.974999999999999867e-01 2.798799999999999955e+02
1.487363914643095970e+09 7.975999999999999757e-01 2.798799999999999955e+02
1.487363914745556116e+09 7.979000000000000536e-01 2.798799999999999955e+02
1.487363914840342999e+09 7.973000000000000087e-01 2.798799999999999955e+02
1.487363914939950943e+09 7.970000000000000417e-01 2.798899999999999864e+02
1.487363915056384087e+09 7.974999999999999867e-01 2.798899999999999864e+02
1.487363915155194044e+09 7.977999999999999536e-01 2.798799999999999955e+02
1.487363915256042957e+09 7.973999999999999977e-01 2.798799999999999955e+02
1.487363915355715036e+09 7.979000000000000536e-01 2.798799999999999955e+02
1.487363915455486059e+09 7.977999999999999536e-01 2.798799999999999955e+02
1.487363915555246115e+09 7.973000000000000087e-01 2.798799999999999955e+02
1.487363915655006886e+09 7.973000000000000087e-01 2.798799999999999955e+02
1.487363915754770041e+09 7.976999999999999647e-01 2.798799999999999955e+02
1.487363915866364956e+09 7.970000000000000417e-01 2.798799999999999955e+02
1.487363915968657017e+09 7.973000000000000087e-01 2.798799999999999955e+02
1.487363916068795919e+09 7.970000000000000417e-01 2.798799999999999955e+02
1.487363916167804956e+09 7.973999999999999977e-01 2.798799999999999955e+02
1.487363916267658949e+09 7.977999999999999536e-01 2.798799999999999955e+02
1.487363916362884045e+09 7.975999999999999757e-01 2.798799999999999955e+02
1.487363916465534925e+09 7.977999999999999536e-01 2.798799999999999955e+02
1.487363916566699982e+09 7.974999999999999867e-01 2.798799999999999955e+02
1.487363916679558039e+09 7.976999999999999647e-01 2.798799999999999955e+02
1.487363916779824018e+09 7.973000000000000087e-01 2.798799999999999955e+02
1.487363916877562046e+09 7.975999999999999757e-01 2.798799999999999955e+02
1.487363916974085093e+09 7.965999999999999748e-01 2.798799999999999955e+02
1.487363917078742981e+09 7.969000000000000528e-01 2.798799999999999955e+02
1.487363917177464962e+09 7.972000000000000197e-01 2.798799999999999955e+02
1.487363917273179054e+09 7.967999999999999527e-01 2.798799999999999955e+02
1.487363917377526045e+09 7.970000000000000417e-01 2.798799999999999955e+02
1.487363917486548901e+09 7.971000000000000307e-01 2.798799999999999955e+02
1.487363917590387106e+09 7.973999999999999977e-01 2.798799999999999955e+02
1.487363917687030077e+09 7.977999999999999536e-01 2.798799999999999955e+02
1.487363917787852049e+09 7.972000000000000197e-01 2.798799999999999955e+02
1.487363917889545918e+09 7.975999999999999757e-01 2.798799999999999955e+02
1.487363917985508919e+09 7.974999999999999867e-01 2.798799999999999955e+02
1.487363918086000919e+09 7.982000000000000206e-01 2.798799999999999955e+02
1.487363918188561916e+09 7.973000000000000087e-01 2.798799999999999955e+02
1.487363918298686028e+09 7.975999999999999757e-01 2.798799999999999955e+02
1.487363918398480892e+09 7.977999999999999536e-01 2.798799999999999955e+02
1.487363918498332977e+09 7.969000000000000528e-01 2.798799999999999955e+02
1.487363918600414991e+09 7.973999999999999977e-01 2.798799999999999955e+02
1.487363918697761059e+09 7.964999999999999858e-01 2.798799999999999955e+02
1.487363918797537088e+09 7.974999999999999867e-01 2.798799999999999955e+02
1.487363918897279978e+09 7.973000000000000087e-01 2.798799999999999955e+02
1.487363918994420052e+09 7.974999999999999867e-01 2.798799999999999955e+02
1.487363919095299006e+09 7.981000000000000316e-01 2.798799999999999955e+02
1.487363919207762957e+09 7.972000000000000197e-01 2.798799999999999955e+02
1.487363919312503099e+09 7.974999999999999867e-01 2.798799999999999955e+02
1.487363919412369967e+09 7.979000000000000536e-01 2.798799999999999955e+02
1.487363919509560108e+09 7.970000000000000417e-01 2.798799999999999955e+02
1.487363919608443022e+09 7.971000000000000307e-01 2.798799999999999955e+02
1.487363919707365990e+09 7.977999999999999536e-01 2.798799999999999955e+02
1.487363919804898024e+09 7.976999999999999647e-01 2.798799999999999955e+02
1.487363919920897007e+09 7.974999999999999867e-01 2.798799999999999955e+02
1.487363920021096945e+09 7.974999999999999867e-01 2.798799999999999955e+02
1.487363920123486996e+09 7.971000000000000307e-01 2.798799999999999955e+02
1.487363920223290920e+09 7.971000000000000307e-01 2.798799999999999955e+02
1.487363920322431087e+09 7.975999999999999757e-01 2.798700000000000045e+02
1.487363920421303034e+09 7.976999999999999647e-01 2.798799999999999955e+02
1.487363920521460056e+09 7.964999999999999858e-01 2.798799999999999955e+02
1.487363920621467113e+09 7.966999999999999638e-01 2.798799999999999955e+02
1.487363920721257925e+09 7.976999999999999647e-01 2.798700000000000045e+02
1.487363920834273100e+09 7.977999999999999536e-01 2.798700000000000045e+02
1.487363920931159019e+09 7.967999999999999527e-01 2.798700000000000045e+02
1.487363921034127951e+09 7.975999999999999757e-01 2.798700000000000045e+02
1.487363921129735947e+09 7.974999999999999867e-01 2.798700000000000045e+02
1.487363921230891943e+09 7.967999999999999527e-01 2.798700000000000045e+02
1.487363921332226038e+09 7.971000000000000307e-01 2.798700000000000045e+02
1.487363921432254076e+09 7.973999999999999977e-01 2.798700000000000045e+02
1.487363921530852079e+09 7.965999999999999748e-01 2.798700000000000045e+02
1.487363921629842997e+09 7.973999999999999977e-01 2.798700000000000045e+02
1.487363921740453959e+09 7.973999999999999977e-01 2.798700000000000045e+02
1.487363921840218067e+09 7.972000000000000197e-01 2.798700000000000045e+02
1.487363921939337969e+09 7.977999999999999536e-01 2.798700000000000045e+02
1.487363922039628029e+09 7.963000000000000078e-01 2.798700000000000045e+02
1.487363922139492035e+09 7.973000000000000087e-01 2.798700000000000045e+02
1.487363922239252090e+09 7.972000000000000197e-01 2.798700000000000045e+02
1.487363922339032888e+09 7.975999999999999757e-01 2.798700000000000045e+02
1.487363922438786030e+09 7.966999999999999638e-01 2.798700000000000045e+02
1.487363922555214882e+09 7.969000000000000528e-01 2.798700000000000045e+02
1.487363922654946089e+09 7.971000000000000307e-01 2.798700000000000045e+02
1.487363922754817963e+09 7.976999999999999647e-01 2.798700000000000045e+02
1.487363922854480028e+09 7.971000000000000307e-01 2.798700000000000045e+02
1.487363922954173088e+09 7.971000000000000307e-01 2.798700000000000045e+02
1.487363923054023027e+09 7.973999999999999977e-01 2.798700000000000045e+02
1.487363923153795004e+09 7.973000000000000087e-01 2.798700000000000045e+02
1.487363923248279095e+09 7.963999999999999968e-01 2.798700000000000045e+02
1.487363923363461018e+09 7.969000000000000528e-01 2.798700000000000045e+02
1.487363923467175961e+09 7.976999999999999647e-01 2.798700000000000045e+02
1.487363923566062927e+09 7.971000000000000307e-01 2.798700000000000045e+02
1.487363923665971994e+09 7.973000000000000087e-01 2.798700000000000045e+02
1.487363923765074968e+09 7.974999999999999867e-01 2.798700000000000045e+02
1.487363923865142107e+09 7.973000000000000087e-01 2.798700000000000045e+02
1.487363923961530924e+09 7.970000000000000417e-01 2.798700000000000045e+02
1.487363924063925028e+09 7.967999999999999527e-01 2.798700000000000045e+02
1.487363924178031921e+09 7.976999999999999647e-01 2.798700000000000045e+02
1.487363924278013945e+09 7.967999999999999527e-01 2.798700000000000045e+02
1.487363924376955986e+09 7.976999999999999647e-01 2.798700000000000045e+02
1.487363924472352982e+09 7.972000000000000197e-01 2.798700000000000045e+02
1.487363924575951099e+09 7.969000000000000528e-01 2.798700000000000045e+02
1.487363924675800085e+09 7.975999999999999757e-01 2.798700000000000045e+02
1.487363924776335001e+09 7.977999999999999536e-01 2.798700000000000045e+02
1.487363924871917009e+09 7.973000000000000087e-01 2.798700000000000045e+02
1.487363924985371113e+09 7.971000000000000307e-01 2.798700000000000045e+02
1.487363925087977886e+09 7.969000000000000528e-01 2.798700000000000045e+02
1.487363925189038038e+09 7.971000000000000307e-01 2.798700000000000045e+02
1.487363925287452936e+09 7.972000000000000197e-01 2.798700000000000045e+02
1.487363925384576082e+09 7.972000000000000197e-01 2.798700000000000045e+02
1.487363925486063004e+09 7.980000000000000426e-01 2.798700000000000045e+02
1.487363925582106113e+09 7.970000000000000417e-01 2.798700000000000045e+02
1.487363925681015015e+09 7.964999999999999858e-01 2.798700000000000045e+02
1.487363925797390938e+09 7.975999999999999757e-01 2.798700000000000045e+02
1.487363925897212029e+09 7.973000000000000087e-01 2.798700000000000045e+02
1.487363925996957064e+09 7.969000000000000528e-01 2.798600000000000136e+02
1.487363926096688986e+09 7.972000000000000197e-01 2.798600000000000136e+02
1.487363926196455002e+09 7.974999999999999867e-01 2.798700000000000045e+02
1.487363926296226025e+09 7.973000000000000087e-01 2.798600000000000136e+02
1.487363926395987988e+09 7.971000000000000307e-01 2.798600000000000136e+02
1.487363926495830059e+09 7.964999999999999858e-01 2.798600000000000136e+02
1.487363926610901117e+09 7.963999999999999968e-01 2.798600000000000136e+02
1.487363926710865974e+09 7.977999999999999536e-01 2.798600000000000136e+02
1.487363926811240911e+09 7.979000000000000536e-01 2.798600000000000136e+02
1.487363926909689903e+09 7.976999999999999647e-01 2.798600000000000136e+02
1.487363927009871960e+09 7.973000000000000087e-01 2.798600000000000136e+02
1.487363927108658075e+09 7.973000000000000087e-01 2.798600000000000136e+02
1.487363927208739042e+09 7.971000000000000307e-01 2.798600000000000136e+02
1.487363927322730064e+09 7.961000000000000298e-01 2.798600000000000136e+02
1.487363927421653032e+09 7.975999999999999757e-01 2.798600000000000136e+02
1.487363927521739960e+09 7.980000000000000426e-01 2.798600000000000136e+02
1.487363927620595932e+09 7.980000000000000426e-01 2.798600000000000136e+02
1.487363927720634937e+09 7.967999999999999527e-01 2.798600000000000136e+02
1.487363927820785046e+09 7.973000000000000087e-01 2.798600000000000136e+02
1.487363927918169022e+09 7.970000000000000417e-01 2.798600000000000136e+02
1.487363928019695997e+09 7.966999999999999638e-01 2.798600000000000136e+02
1.487363928133541107e+09 7.970000000000000417e-01 2.798600000000000136e+02
1.487363928232572079e+09 7.973999999999999977e-01 2.798600000000000136e+02
1.487363928332581997e+09 7.970000000000000417e-01 2.798600000000000136e+02
1.487363928431636095e+09 7.973999999999999977e-01 2.798600000000000136e+02
1.487363928531296015e+09 7.975999999999999757e-01 2.798600000000000136e+02
1.487363928631536961e+09 7.973000000000000087e-01 2.798600000000000136e+02
1.487363928730583906e+09 7.979000000000000536e-01 2.798600000000000136e+02
1.487363928830616951e+09 7.973000000000000087e-01 2.798600000000000136e+02
1.487363928939804077e+09 7.969000000000000528e-01 2.798600000000000136e+02
1.487363929039696932e+09 7.975999999999999757e-01 2.798600000000000136e+02
1.487363929139440060e+09 7.975999999999999757e-01 2.798600000000000136e+02
1.487363929239203930e+09 7.980000000000000426e-01 2.798600000000000136e+02
1.487363929338998079e+09 7.971000000000000307e-01 2.798600000000000136e+02
1.487363929438659906e+09 7.974999999999999867e-01 2.798600000000000136e+02
1.487363929537065029e+09 7.973999999999999977e-01 2.798600000000000136e+02
1.487363929638195038e+09 7.973999999999999977e-01 2.798600000000000136e+02
1.487363929737962961e+09 7.976999999999999647e-01 2.798600000000000136e+02
1.487363929850544930e+09 7.974999999999999867e-01 2.798600000000000136e+02
1.487363929954116106e+09 7.974999999999999867e-01 2.798600000000000136e+02
1.487363930053905010e+09 7.967999999999999527e-01 2.798600000000000136e+02
1.487363930150930882e+09 7.975999999999999757e-01 2.798600000000000136e+02
1.487363930251941919e+09 7.975999999999999757e-01 2.798600000000000136e+02
1.487363930352471113e+09 7.973000000000000087e-01 2.798600000000000136e+02
1.487363930452266932e+09 7.966999999999999638e-01 2.798600000000000136e+02
1.487363930552299976e+09 7.966999999999999638e-01 2.798600000000000136e+02
1.487363930665411949e+09 7.979000000000000536e-01 2.798600000000000136e+02
1.487363930765223026e+09 7.979000000000000536e-01 2.798500000000000227e+02
1.487363930865519047e+09 7.982000000000000206e-01 2.798500000000000227e+02
1.487363930964302063e+09 7.970000000000000417e-01 2.798500000000000227e+02
1.487363931064234972e+09 7.973000000000000087e-01 2.798500000000000227e+02
1.487363931164434910e+09 7.970000000000000417e-01 2.798500000000000227e+02
1.487363931263360977e+09 7.967999999999999527e-01 2.798500000000000227e+02
1.487363931363406897e+09 7.976999999999999647e-01 2.798500000000000227e+02
1.487363931472835064e+09 7.964999999999999858e-01 2.798500000000000227e+02
1.487363931576277971e+09 7.973999999999999977e-01 2.798500000000000227e+02
1.487363931676107883e+09 7.969000000000000528e-01 2.798500000000000227e+02
1.487363931775321960e+09 7.977999999999999536e-01 2.798500000000000227e+02
1.487363931875114918e+09 7.973000000000000087e-01 2.798500000000000227e+02
1.487363931972783089e+09 7.977999999999999536e-01 2.798500000000000227e+02
1.487363932074420929e+09 7.973000000000000087e-01 2.798500000000000227e+02
1.487363932174040079e+09 7.971000000000000307e-01 2.798500000000000227e+02
1.487363932286603928e+09 7.973000000000000087e-01 2.798500000000000227e+02
1.487363932387152910e+09 7.969000000000000528e-01 2.798500000000000227e+02
1.487363932483104944e+09 7.974999999999999867e-01 2.798500000000000227e+02
1.487363932581178904e+09 7.977999999999999536e-01 2.798500000000000227e+02
1.487363932686182976e+09 7.972000000000000197e-01 2.798500000000000227e+02
1.487363932786129951e+09 7.975999999999999757e-01 2.798500000000000227e+02
1.487363932880472898e+09 7.964999999999999858e-01 2.798500000000000227e+02
1.487363932981952906e+09 7.974999999999999867e-01 2.798500000000000227e+02
1.487363933096635103e+09 7.973999999999999977e-01 2.798500000000000227e+02
1.487363933196443081e+09 7.977999999999999536e-01 2.798500000000000227e+02
1.487363933296170950e+09 7.977999999999999536e-01 2.798500000000000227e+02
1.487363933395929098e+09 7.971000000000000307e-01 2.798500000000000227e+02
1.487363933495656013e+09 7.974999999999999867e-01 2.798500000000000227e+02
1.487363933595383883e+09 7.973000000000000087e-01 2.798500000000000227e+02
1.487363933695142031e+09 7.973999999999999977e-01 2.798500000000000227e+02
1.487363933794912100e+09 7.974999999999999867e-01 2.798500000000000227e+02
1.487363933910039902e+09 7.972000000000000197e-01 2.798500000000000227e+02
1.487363934009006023e+09 7.967999999999999527e-01 2.798500000000000227e+02
1.487363934109075069e+09 7.971000000000000307e-01 2.798500000000000227e+02
1.487363934208134890e+09 7.973999999999999977e-01 2.798500000000000227e+02
1.487363934307910919e+09 7.979000000000000536e-01 2.798500000000000227e+02
1.487363934407969952e+09 7.974999999999999867e-01 2.798500000000000227e+02
1.487363934507198095e+09 7.972000000000000197e-01 2.798500000000000227e+02
1.487363934607045889e+09 7.976999999999999647e-01 2.798500000000000227e+02
1.487363934720988035e+09 7.973999999999999977e-01 2.798500000000000227e+02
1.487363934816034079e+09 7.971000000000000307e-01 2.798500000000000227e+02
1.487363934914745092e+09 7.976999999999999647e-01 2.798500000000000227e+02
1.487363935019139051e+09 7.980000000000000426e-01 2.798500000000000227e+02
1.487363935118863106e+09 7.983000000000000096e-01 2.798500000000000227e+02
1.487363935218975067e+09 7.971000000000000307e-01 2.798500000000000227e+02
1.487363935317924976e+09 7.976999999999999647e-01 2.798500000000000227e+02
1.487363935417884111e+09 7.967999999999999527e-01 2.798500000000000227e+02
1.487363935516844988e+09 7.971000000000000307e-01 2.798500000000000227e+02
1.487363935630852938e+09 7.973999999999999977e-01 2.798500000000000227e+02
1.487363935730748892e+09 7.971000000000000307e-01 2.798500000000000227e+02
1.487363935829843044e+09 7.981000000000000316e-01 2.798500000000000227e+02
1.487363935929848909e+09 7.970000000000000417e-01 2.798500000000000227e+02
1.487363936029630899e+09 7.972000000000000197e-01 2.798500000000000227e+02
1.487363936128083944e+09 7.972000000000000197e-01 2.798500000000000227e+02
1.487363936228871107e+09 7.972000000000000197e-01 2.798500000000000227e+02
1.487363936329020977e+09 7.971000000000000307e-01 2.798500000000000227e+02
1.487363936438472033e+09 7.973000000000000087e-01 2.798500000000000227e+02
1.487363936538409948e+09 7.972000000000000197e-01 2.798500000000000227e+02
1.487363936638139963e+09 7.977999999999999536e-01 2.798500000000000227e+02
1.487363936737880945e+09 7.975999999999999757e-01 2.798500000000000227e+02
1.487363936837676048e+09 7.964999999999999858e-01 2.798500000000000227e+02
1.487363936938667059e+09 7.967999999999999527e-01 2.798399999999999750e+02
1.487363937037203074e+09 7.966999999999999638e-01 2.798500000000000227e+02
1.487363937136960983e+09 7.966999999999999638e-01 2.798500000000000227e+02
1.487363937236741066e+09 7.973000000000000087e-01 2.798399999999999750e+02
1.487363937336491108e+09 7.973999999999999977e-01 2.798399999999999750e+02
1.487363937450757980e+09 7.981000000000000316e-01 2.798399999999999750e+02
1.487363937551892042e+09 7.966999999999999638e-01 2.798399999999999750e+02
1.487363937651796103e+09 7.973000000000000087e-01 2.798399999999999750e+02
1.487363937750749111e+09 7.966999999999999638e-01 2.798399999999999750e+02
1.487363937850756884e+09 7.963999999999999968e-01 2.798399999999999750e+02
1.487363937946855068e+09 7.971000000000000307e-01 2.798399999999999750e+02
1.487363938049623013e+09 7.970000000000000417e-01 2.798399999999999750e+02
1.487363938149641991e+09 7.970000000000000417e-01 2.798399999999999750e+02
1.487363938248635054e+09 7.962000000000000188e-01 2.798399999999999750e+02
1.487363938362728119e+09 7.966999999999999638e-01 2.798399999999999750e+02
1.487363938462781906e+09 7.967999999999999527e-01 2.798399999999999750e+02
1.487363938558947086e+09 7.971000000000000307e-01 2.798399999999999750e+02
1.487363938661609888e+09 7.965999999999999748e-01 2.798399999999999750e+02
1.487363938761528969e+09 7.970000000000000417e-01 2.798399999999999750e+02
1.487363938860714912e+09 7.967999999999999527e-01 2.798399999999999750e+02
1.487363938960582018e+09 7.969000000000000528e-01 2.798399999999999750e+02
1.487363939059649944e+09 7.965999999999999748e-01 2.798399999999999750e+02
1.487363939173644066e+09 7.970000000000000417e-01 2.798399999999999750e+02
1.487363939273027897e+09 7.977999999999999536e-01 2.798399999999999750e+02
1.487363939372653008e+09 7.973999999999999977e-01 2.798399999999999750e+02
1.487363939472114086e+09 7.971000000000000307e-01 2.798399999999999750e+02
1.487363939572511911e+09 7.966999999999999638e-01 2.798399999999999750e+02
1.487363939670742035e+09 7.964999999999999858e-01 2.798399999999999750e+02
1.487363939771420956e+09 7.972000000000000197e-01 2.798399999999999750e+02
1.487363939870419025e+09 7.965999999999999748e-01 2.798399999999999750e+02
1.487363939980099916e+09 7.973000000000000087e-01 2.798399999999999750e+02
1.487363940079869986e+09 7.974999999999999867e-01 2.798399999999999750e+02
1.487363940179645061e+09 7.975999999999999757e-01 2.798399999999999750e+02
1.487363940279382944e+09 7.974999999999999867e-01 2.798399999999999750e+02
1.487363940379168987e+09 7.973999999999999977e-01 2.798399999999999750e+02
1.487363940478813887e+09 7.979000000000000536e-01 2.798399999999999750e+02
1.487363940578701973e+09 7.965999999999999748e-01 2.798399999999999750e+02
1.487363940678468943e+09 7.975999999999999757e-01 2.798399999999999750e+02
1.487363940795131922e+09 7.975999999999999757e-01 2.798299999999999841e+02
1.487363940894624949e+09 7.974999999999999867e-01 2.798299999999999841e+02
1.487363940994338036e+09 7.970000000000000417e-01 2.798299999999999841e+02
1.487363941089982033e+09 7.974999999999999867e-01 2.798299999999999841e+02
1.487363941190748930e+09 7.972000000000000197e-01 2.798299999999999841e+02
1.487363941293427944e+09 7.971000000000000307e-01 2.798299999999999841e+02
1.487363941393316984e+09 7.976999999999999647e-01 2.798299999999999841e+02
1.487363941492191076e+09 7.971000000000000307e-01 2.798299999999999841e+02
1.487363941606244087e+09 7.975999999999999757e-01 2.798299999999999841e+02
1.487363941706295013e+09 7.970000000000000417e-01 2.798299999999999841e+02
1.487363941805394888e+09 7.970000000000000417e-01 2.798299999999999841e+02
1.487363941905139923e+09 7.969000000000000528e-01 2.798299999999999841e+02
1.487363942005373001e+09 7.969000000000000528e-01 2.798299999999999841e+02
1.487363942104218006e+09 7.970000000000000417e-01 2.798299999999999841e+02
1.487363942204365969e+09 7.973000000000000087e-01 2.798299999999999841e+02
1.487363942303195953e+09 7.970000000000000417e-01 2.798299999999999841e+02
1.487363942417213917e+09 7.973000000000000087e-01 2.798299999999999841e+02
1.487363942517327070e+09 7.964999999999999858e-01 2.798299999999999841e+02
1.487363942617296934e+09 7.984999999999999876e-01 2.798299999999999841e+02
1.487363942716164112e+09 7.965999999999999748e-01 2.798299999999999841e+02
1.487363942816272020e+09 7.970000000000000417e-01 2.798299999999999841e+02
1.487363942915110111e+09 7.969000000000000528e-01 2.798299999999999841e+02
1.487363943015396118e+09 7.974999999999999867e-01 2.798299999999999841e+02
1.487363943115190983e+09 7.969000000000000528e-01 2.798299999999999841e+02
1.487363943227968931e+09 7.969000000000000528e-01 2.798299999999999841e+02
1.487363943328151941e+09 7.969000000000000528e-01 2.798299999999999841e+02
1.487363943428184032e+09 7.966999999999999638e-01 2.798299999999999841e+02
1.487363943527226925e+09 7.974999999999999867e-01 2.798299999999999841e+02
1.487363943622446060e+09 7.966999999999999638e-01 2.798299999999999841e+02
1.487363943721144915e+09 7.973999999999999977e-01 2.798299999999999841e+02
1.487363943826014042e+09 7.966999999999999638e-01 2.798299999999999841e+02
1.487363943926098108e+09 7.973000000000000087e-01 2.798299999999999841e+02
1.487363944037055016e+09 7.966999999999999638e-01 2.798199999999999932e+02
1.487363944134318113e+09 7.973999999999999977e-01 2.798199999999999932e+02
1.487363944234850883e+09 7.966999999999999638e-01 2.798299999999999841e+02
1.487363944336253881e+09 7.979000000000000536e-01 2.798199999999999932e+02
1.487363944436136961e+09 7.963999999999999968e-01 2.798199999999999932e+02
1.487363944535886049e+09 7.971000000000000307e-01 2.798199999999999932e+02
1.487363944635658026e+09 7.973000000000000087e-01 2.798199999999999932e+02
1.487363944735419035e+09 7.973999999999999977e-01 2.798199999999999932e+02
1.487363944851200104e+09 7.970000000000000417e-01 2.798199999999999932e+02
1.487363944947909117e+09 7.971000000000000307e-01 2.798199999999999932e+02
1.487363945050044060e+09 7.971000000000000307e-01 2.798199999999999932e+02
1.487363945149049044e+09 7.963999999999999968e-01 2.798199999999999932e+02
1.487363945249216080e+09 7.967999999999999527e-01 2.798199999999999932e+02
1.487363945348135948e+09 7.959000000000000519e-01 2.798199999999999932e+02
1.487363945448035955e+09 7.967999999999999527e-01 2.798199999999999932e+02
1.487363945547849894e+09 7.964999999999999858e-01 2.798199999999999932e+02
1.487363945661853075e+09 7.979000000000000536e-01 2.798199999999999932e+02
1.487363945760899067e+09 7.969000000000000528e-01 2.798199999999999932e+02
1.487363945860711098e+09 7.964999999999999858e-01 2.798199999999999932e+02
1.487363945959816933e+09 7.972000000000000197e-01 2.798199999999999932e+02
1.487363946059815884e+09 7.972000000000000197e-01 2.798199999999999932e+02
1.487363946158979893e+09 7.973999999999999977e-01 2.798199999999999932e+02
1.487363946258802891e+09 7.971000000000000307e-01 2.798199999999999932e+02
1.487363946372987032e+09 7.972000000000000197e-01 2.798199999999999932e+02
1.487363946472088099e+09 7.971000000000000307e-01 2.798199999999999932e+02
1.487363946571841955e+09 7.964999999999999858e-01 2.798199999999999932e+02
1.487363946671783924e+09 7.973000000000000087e-01 2.798199999999999932e+02
1.487363946771007061e+09 7.970000000000000417e-01 2.798199999999999932e+02
1.487363946870887041e+09 7.977999999999999536e-01 2.798199999999999932e+02
1.487363946969702005e+09 7.976999999999999647e-01 2.798199999999999932e+02
1.487363947069809914e+09 7.972000000000000197e-01 2.798199999999999932e+02
1.487363947179483891e+09 7.973000000000000087e-01 2.798199999999999932e+02
1.487363947279359102e+09 7.973000000000000087e-01 2.798199999999999932e+02
1.487363947379120111e+09 7.974999999999999867e-01 2.798199999999999932e+02
1.487363947478140116e+09 7.969000000000000528e-01 2.798199999999999932e+02
1.487363947578593969e+09 7.982000000000000206e-01 2.798199999999999932e+02
1.487363947678337097e+09 7.972000000000000197e-01 2.798199999999999932e+02
1.487363947778112888e+09 7.971000000000000307e-01 2.798199999999999932e+02
1.487363947877861023e+09 7.974999999999999867e-01 2.798100000000000023e+02
1.487363947994304895e+09 7.973999999999999977e-01 2.798100000000000023e+02
1.487363948088584900e+09 7.972000000000000197e-01 2.798100000000000023e+02
1.487363948193675041e+09 7.975999999999999757e-01 2.798100000000000023e+02
1.487363948293550968e+09 7.973000000000000087e-01 2.798100000000000023e+02
1.487363948393321991e+09 7.973000000000000087e-01 2.798100000000000023e+02
1.487363948490601063e+09 7.973000000000000087e-01 2.798100000000000023e+02
1.487363948590883017e+09 7.975999999999999757e-01 2.798100000000000023e+02
1.487363948689194918e+09 7.976999999999999647e-01 2.798199999999999932e+02
1.487363948791755915e+09 7.974999999999999867e-01 2.798100000000000023e+02
1.487363948904601097e+09 7.967999999999999527e-01 2.798100000000000023e+02
1.487363949004643917e+09 7.967999999999999527e-01 2.798100000000000023e+02
1.487363949104446888e+09 7.973999999999999977e-01 2.798100000000000023e+02
1.487363949204775095e+09 7.975999999999999757e-01 2.798100000000000023e+02
1.487363949298974037e+09 7.970000000000000417e-01 2.798100000000000023e+02
1.487363949399745941e+09 7.970000000000000417e-01 2.798100000000000023e+02
1.487363949502574921e+09 7.979000000000000536e-01 2.798100000000000023e+02
1.487363949602660894e+09 7.982000000000000206e-01 2.798100000000000023e+02
1.487363949716656923e+09 7.975999999999999757e-01 2.798100000000000023e+02
1.487363949815671921e+09 7.963999999999999968e-01 2.798100000000000023e+02
1.487363949913918018e+09 7.975999999999999757e-01 2.798100000000000023e+02
1.487363950012244940e+09 7.969000000000000528e-01 2.798100000000000023e+02
1.487363950109411001e+09 7.965999999999999748e-01 2.798100000000000023e+02
1.487363950212414980e+09 7.963000000000000078e-01 2.798100000000000023e+02
1.487363950313296080e+09 7.970000000000000417e-01 2.798100000000000023e+02
1.487363950409074068e+09 7.977999999999999536e-01 2.798100000000000023e+02
1.487363950527574062e+09 7.970000000000000417e-01 2.798100000000000023e+02
1.487363950624892950e+09 7.970000000000000417e-01 2.798100000000000023e+02
1.487363950726450920e+09 7.974999999999999867e-01 2.798100000000000023e+02
1.487363950820749998e+09 7.972000000000000197e-01 2.798100000000000023e+02
1.487363950920622110e+09 7.969000000000000528e-01 2.798100000000000023e+02
1.487363951024231911e+09 7.973000000000000087e-01 2.798100000000000023e+02
1.487363951120172024e+09 7.971000000000000307e-01 2.798100000000000023e+02
1.487363951219919920e+09 7.972000000000000197e-01 2.798100000000000023e+02
1.487363951336302996e+09 7.966999999999999638e-01 2.798100000000000023e+02
1.487363951436068058e+09 7.965999999999999748e-01 2.798100000000000023e+02
1.487363951535794973e+09 7.971000000000000307e-01 2.798100000000000023e+02
1.487363951635524988e+09 7.969000000000000528e-01 2.798100000000000023e+02
1.487363951733568907e+09 7.974999999999999867e-01 2.798100000000000023e+02
1.487363951835052013e+09 7.975999999999999757e-01 2.798100000000000023e+02
1.487363951934823990e+09 7.970000000000000417e-01 2.798100000000000023e+02
1.487363952030667067e+09 7.972000000000000197e-01 2.798100000000000023e+02
1.487363952149327040e+09 7.971000000000000307e-01 2.798100000000000023e+02
1.487363952248277903e+09 7.973999999999999977e-01 2.798100000000000023e+02
1.487363952348176003e+09 7.971000000000000307e-01 2.798100000000000023e+02
1.487363952447362900e+09 7.975999999999999757e-01 2.798100000000000023e+02
1.487363952547306061e+09 7.972000000000000197e-01 2.798100000000000023e+02
1.487363952647037029e+09 7.970000000000000417e-01 2.798100000000000023e+02
1.487363952746419907e+09 7.962000000000000188e-01 2.798100000000000023e+02
1.487363952846363068e+09 7.971000000000000307e-01 2.798000000000000114e+02
1.487363952960374117e+09 7.973999999999999977e-01 2.798000000000000114e+02
1.487363953059350967e+09 7.971000000000000307e-01 2.798000000000000114e+02
1.487363953159348965e+09 7.973999999999999977e-01 2.798000000000000114e+02
1.487363953258362055e+09 7.970000000000000417e-01 2.798000000000000114e+02
1.487363953353446960e+09 7.969000000000000528e-01 2.798100000000000023e+02
1.487363953458327055e+09 7.970000000000000417e-01 2.798100000000000023e+02
1.487363953557317972e+09 7.969000000000000528e-01 2.798000000000000114e+02
1.487363953652266026e+09 7.969000000000000528e-01 2.798000000000000114e+02
1.487363953771106958e+09 7.973999999999999977e-01 2.798000000000000114e+02
1.487363953870270014e+09 7.967999999999999527e-01 2.798000000000000114e+02
1.487363953965111971e+09 7.970000000000000417e-01 2.798000000000000114e+02
1.487363954067375898e+09 7.973999999999999977e-01 2.798000000000000114e+02
1.487363954168768883e+09 7.971000000000000307e-01 2.798000000000000114e+02
1.487363954266423941e+09 7.971000000000000307e-01 2.798000000000000114e+02
1.487363954368030071e+09 7.967999999999999527e-01 2.798000000000000114e+02
1.487363954478656054e+09 7.979000000000000536e-01 2.798000000000000114e+02
1.487363954578528881e+09 7.975999999999999757e-01 2.798000000000000114e+02
1.487363954678261042e+09 7.970000000000000417e-01 2.798000000000000114e+02
1.487363954778033972e+09 7.971000000000000307e-01 2.798000000000000114e+02
1.487363954877844095e+09 7.973000000000000087e-01 2.798000000000000114e+02
1.487363954977511883e+09 7.969000000000000528e-01 2.798000000000000114e+02
1.487363955077353001e+09 7.971000000000000307e-01 2.798000000000000114e+02
1.487363955177114010e+09 7.971000000000000307e-01 2.798000000000000114e+02
1.487363955293031931e+09 7.964999999999999858e-01 2.798000000000000114e+02
1.487363955393167973e+09 7.971000000000000307e-01 2.798000000000000114e+02
1.487363955492995977e+09 7.964999999999999858e-01 2.798000000000000114e+02
1.487363955592154026e+09 7.975999999999999757e-01 2.798000000000000114e+02
1.487363955691930056e+09 7.973000000000000087e-01 2.798000000000000114e+02
1.487363955787556887e+09 7.969000000000000528e-01 2.798000000000000114e+02
1.487363955890997887e+09 7.969000000000000528e-01 2.798000000000000114e+02
1.487363955989902020e+09 7.962000000000000188e-01 2.798000000000000114e+02
1.487363956103910923e+09 7.966999999999999638e-01 2.798000000000000114e+02
1.487363956203912973e+09 7.972000000000000197e-01 2.798000000000000114e+02
1.487363956303864956e+09 7.970000000000000417e-01 2.798000000000000114e+02
1.487363956402822018e+09 7.976999999999999647e-01 2.798000000000000114e+02
1.487363956497909069e+09 7.973000000000000087e-01 2.798000000000000114e+02
1.487363956597527027e+09 7.972000000000000197e-01 2.798000000000000114e+02
1.487363956701880932e+09 7.970000000000000417e-01 2.798000000000000114e+02
1.487363956800893068e+09 7.979000000000000536e-01 2.798000000000000114e+02
1.487363956900989056e+09 7.976999999999999647e-01 2.798000000000000114e+02
1.487363957014976978e+09 7.976999999999999647e-01 2.798000000000000114e+02
1.487363957114718914e+09 7.972000000000000197e-01 2.798000000000000114e+02
1.487363957213767052e+09 7.975999999999999757e-01 2.798000000000000114e+02
1.487363957310488939e+09 7.975999999999999757e-01 2.798000000000000114e+02
1.487363957412801027e+09 7.974999999999999867e-01 2.798000000000000114e+02
1.487363957512906075e+09 7.965999999999999748e-01 2.798000000000000114e+02
1.487363957612823009e+09 7.966999999999999638e-01 2.798000000000000114e+02
1.487363957711848021e+09 7.969000000000000528e-01 2.798000000000000114e+02
1.487363957825738907e+09 7.971000000000000307e-01 2.797900000000000205e+02
1.487363957925663948e+09 7.969000000000000528e-01 2.798000000000000114e+02
1.487363958020257950e+09 7.969000000000000528e-01 2.798000000000000114e+02
1.487363958120018959e+09 7.977999999999999536e-01 2.797900000000000205e+02
1.487363958219783068e+09 7.971000000000000307e-01 2.797900000000000205e+02
1.487363958319434881e+09 7.973999999999999977e-01 2.797900000000000205e+02
1.487363958419287920e+09 7.973999999999999977e-01 2.798000000000000114e+02
1.487363958519108057e+09 7.970000000000000417e-01 2.797900000000000205e+02
1.487363958635473013e+09 7.977999999999999536e-01 2.797900000000000205e+02
1.487363958735243082e+09 7.974999999999999867e-01 2.797900000000000205e+02
1.487363958835021019e+09 7.972000000000000197e-01 2.797900000000000205e+02
1.487363958934843063e+09 7.976999999999999647e-01 2.797900000000000205e+02
1.487363959034543991e+09 7.973999999999999977e-01 2.797900000000000205e+02
1.487363959134309053e+09 7.975999999999999757e-01 2.798000000000000114e+02
1.487363959234035015e+09 7.974999999999999867e-01 2.797900000000000205e+02
1.487363959333657980e+09 7.973000000000000087e-01 2.797900000000000205e+02
1.487363959447607040e+09 7.965999999999999748e-01 2.797900000000000205e+02
1.487363959544178009e+09 7.969000000000000528e-01 2.797900000000000205e+02
1.487363959646497011e+09 7.977999999999999536e-01 2.797900000000000205e+02
1.487363959741760015e+09 7.973999999999999977e-01 2.797900000000000205e+02
1.487363959845369101e+09 7.971000000000000307e-01 2.797900000000000205e+02
1.487363959945692062e+09 7.974999999999999867e-01 2.797900000000000205e+02
1.487363960045520067e+09 7.981000000000000316e-01 2.797900000000000205e+02
1.487363960144256115e+09 7.973999999999999977e-01 2.797900000000000205e+02
1.487363960258444071e+09 7.967999999999999527e-01 2.797900000000000205e+02
1.487363960358479023e+09 7.975999999999999757e-01 2.797900000000000205e+02
1.487363960457511902e+09 7.975999999999999757e-01 2.797900000000000205e+02
1.487363960557385921e+09 7.977999999999999536e-01 2.797900000000000205e+02
1.487363960656430960e+09 7.974999999999999867e-01 2.797900000000000205e+02
1.487363960752599955e+09 7.977999999999999536e-01 2.797900000000000205e+02
1.487363960856493950e+09 7.973000000000000087e-01 2.797900000000000205e+02
1.487363960955468893e+09 7.975999999999999757e-01 2.797900000000000205e+02
1.487363961069633961e+09 7.973000000000000087e-01 2.797900000000000205e+02
1.487363961169544935e+09 7.973000000000000087e-01 2.797900000000000205e+02
1.487363961268487930e+09 7.971000000000000307e-01 2.797900000000000205e+02
1.487363961368575096e+09 7.971000000000000307e-01 2.797900000000000205e+02
1.487363961468528986e+09 7.969000000000000528e-01 2.797900000000000205e+02
1.487363961567384005e+09 7.973000000000000087e-01 2.797900000000000205e+02
1.487363961667474985e+09 7.974999999999999867e-01 2.797900000000000205e+02
1.487363961761370897e+09 7.981000000000000316e-01 2.797900000000000205e+02
1.487363961876444101e+09 7.976999999999999647e-01 2.797900000000000205e+02
1.487363961977380991e+09 7.970000000000000417e-01 2.797900000000000205e+02
1.487363962077219963e+09 7.970000000000000417e-01 2.797900000000000205e+02
1.487363962176985025e+09 7.975999999999999757e-01 2.797900000000000205e+02
1.487363962276746988e+09 7.973999999999999977e-01 2.797900000000000205e+02
1.487363962376511097e+09 7.972000000000000197e-01 2.797900000000000205e+02
1.487363962473897934e+09 7.969000000000000528e-01 2.797900000000000205e+02
1.487363962591933966e+09 7.973000000000000087e-01 2.797900000000000205e+02
1.487363962691428900e+09 7.969000000000000528e-01 2.797900000000000205e+02
1.487363962791238070e+09 7.972000000000000197e-01 2.797900000000000205e+02
1.487363962888566971e+09 7.971000000000000307e-01 2.797900000000000205e+02
1.487363962990190029e+09 7.975999999999999757e-01 2.797900000000000205e+02
1.487363963088002920e+09 7.975999999999999757e-01 2.797900000000000205e+02
1.487363963188972950e+09 7.969000000000000528e-01 2.797900000000000205e+02
1.487363963289345026e+09 7.964999999999999858e-01 2.797900000000000205e+02
1.487363963385921001e+09 7.973999999999999977e-01 2.797900000000000205e+02
1.487363963501238108e+09 7.977999999999999536e-01 2.797900000000000205e+02
1.487363963597681999e+09 7.965999999999999748e-01 2.797900000000000205e+02
1.487363963701145887e+09 7.971000000000000307e-01 2.797900000000000205e+02
1.487363963801281929e+09 7.965999999999999748e-01 2.797900000000000205e+02
1.487363963897881985e+09 7.972000000000000197e-01 2.797900000000000205e+02
1.487363964000135899e+09 7.977999999999999536e-01 2.797900000000000205e+02
1.487363964100040913e+09 7.969000000000000528e-01 2.797900000000000205e+02
1.487363964199035883e+09 7.977999999999999536e-01 2.797900000000000205e+02
1.487363964299097061e+09 7.970000000000000417e-01 2.797900000000000205e+02
1.487363964409945965e+09 7.977999999999999536e-01 2.797900000000000205e+02
1.487363964512099028e+09 7.972000000000000197e-01 2.797900000000000205e+02
1.487363964612191916e+09 7.976999999999999647e-01 2.797900000000000205e+02
1.487363964712166071e+09 7.973999999999999977e-01 2.797799999999999727e+02
1.487363964810915947e+09 7.971000000000000307e-01 2.797900000000000205e+02
1.487363964910955906e+09 7.971000000000000307e-01 2.797900000000000205e+02
1.487363965010039091e+09 7.967999999999999527e-01 2.797900000000000205e+02
1.487363965107340097e+09 7.972000000000000197e-01 2.797900000000000205e+02
1.487363965219590902e+09 7.969000000000000528e-01 2.797799999999999727e+02
1.487363965319067001e+09 7.973999999999999977e-01 2.797799999999999727e+02
1.487363965418148994e+09 7.963999999999999968e-01 2.797799999999999727e+02
1.487363965517759085e+09 7.973999999999999977e-01 2.797799999999999727e+02
1.487363965617165089e+09 7.975999999999999757e-01 2.797799999999999727e+02
1.487363965718465090e+09 7.972000000000000197e-01 2.797799999999999727e+02
1.487363965818276882e+09 7.976999999999999647e-01 2.797799999999999727e+02
1.487363965918010950e+09 7.977999999999999536e-01 2.797799999999999727e+02
1.487363966017779112e+09 7.976999999999999647e-01 2.797799999999999727e+02
1.487363966133899927e+09 7.969000000000000528e-01 2.797799999999999727e+02
1.487363966233958006e+09 7.973999999999999977e-01 2.797799999999999727e+02
1.487363966333709955e+09 7.971000000000000307e-01 2.797799999999999727e+02
1.487363966432876110e+09 7.973999999999999977e-01 2.797799999999999727e+02
1.487363966532996893e+09 7.974999999999999867e-01 2.797799999999999727e+02
1.487363966632957935e+09 7.971000000000000307e-01 2.797799999999999727e+02
1.487363966732028008e+09 7.974999999999999867e-01 2.797799999999999727e+02
1.487363966828999043e+09 7.976999999999999647e-01 2.797799999999999727e+02
1.487363966946062088e+09 7.975999999999999757e-01 2.797799999999999727e+02
1.487363967044600964e+09 7.973999999999999977e-01 2.797799999999999727e+02
1.487363967144800901e+09 7.965999999999999748e-01 2.797799999999999727e+02
1.487363967245124102e+09 7.975999999999999757e-01 2.797799999999999727e+02
1.487363967343822002e+09 7.971000000000000307e-01 2.797799999999999727e+02
1.487363967443895102e+09 7.974999999999999867e-01 2.797799999999999727e+02
1.487363967542783976e+09 7.971000000000000307e-01 2.797799999999999727e+02
1.487363967642870903e+09 7.963999999999999968e-01 2.797799999999999727e+02
1.487363967756714106e+09 7.975999999999999757e-01 2.797799999999999727e+02
1.487363967855789900e+09 7.977999999999999536e-01 2.797799999999999727e+02
1.487363967955806017e+09 7.971000000000000307e-01 2.797799999999999727e+02
1.487363968054791927e+09 7.967999999999999527e-01 2.797799999999999727e+02
1.487363968154638052e+09 7.960000000000000409e-01 2.797799999999999727e+02
1.487363968254730940e+09 7.970000000000000417e-01 2.797799999999999727e+02
1.487363968350070000e+09 7.973000000000000087e-01 2.797799999999999727e+02
1.487363968453802109e+09 7.974999999999999867e-01 2.797799999999999727e+02
1.487363968567584991e+09 7.976999999999999647e-01 2.797799999999999727e+02
1.487363968666704893e+09 7.967999999999999527e-01 2.797799999999999727e+02
1.487363968766558886e+09 7.977999999999999536e-01 2.797799999999999727e+02
1.487363968860997915e+09 7.971000000000000307e-01 2.797799999999999727e+02
1.487363968965758085e+09 7.967999999999999527e-01 2.797799999999999727e+02
1.487363969065634012e+09 7.972000000000000197e-01 2.797799999999999727e+02
1.487363969160435915e+09 7.974999999999999867e-01 2.797799999999999727e+02
1.487363969276686907e+09 7.970000000000000417e-01 2.797799999999999727e+02
1.487363969376454115e+09 7.971000000000000307e-01 2.797799999999999727e+02
1.487363969473690033e+09 7.967999999999999527e-01 2.797799999999999727e+02
1.487363969575916052e+09 7.966999999999999638e-01 2.797799999999999727e+02
1.487363969675671101e+09 7.964999999999999858e-01 2.797799999999999727e+02
1.487363969773921013e+09 7.967999999999999527e-01 2.797799999999999727e+02
1.487363969871320963e+09 7.969000000000000528e-01 2.797799999999999727e+02
1.487363969973818064e+09 7.973999999999999977e-01 2.797799999999999727e+02
1.487363970075161934e+09 7.972000000000000197e-01 2.797799999999999727e+02
1.487363970186542988e+09 7.966999999999999638e-01 2.797799999999999727e+02
1.487363970285399914e+09 7.974999999999999867e-01 2.797799999999999727e+02
1.487363970385874033e+09 7.971000000000000307e-01 2.797799999999999727e+02
1.487363970483360052e+09 7.967999999999999527e-01 2.797799999999999727e+02
