1.487362955966970921e+09 7.890000000000000346e-01 2.795099999999999909e+02
1.487362956062112093e+09 7.897999999999999465e-01 2.795099999999999909e+02
1.487362956162363052e+09 7.900000000000000355e-01 2.795099999999999909e+02
1.487362956258033037e+09 7.899000000000000465e-01 2.795099999999999909e+02
1.487362956361450911e+09 7.897999999999999465e-01 2.795000000000000000e+02
1.487362956460385084e+09 7.885999999999999677e-01 2.795000000000000000e+02
1.487362956560386896e+09 7.894999999999999796e-01 2.795000000000000000e+02
1.487362956660284996e+09 7.890000000000000346e-01 2.795000000000000000e+02
1.487362956759195089e+09 7.899000000000000465e-01 2.795000000000000000e+02
1.487362956859283924e+09 7.896999999999999575e-01 2.795000000000000000e+02
1.487362956972105026e+09 7.895999999999999686e-01 2.795000000000000000e+02
1.487362957072201967e+09 7.895999999999999686e-01 2.795000000000000000e+02
1.487362957172205925e+09 7.900000000000000355e-01 2.795000000000000000e+02
1.487362957271163940e+09 7.895999999999999686e-01 2.795000000000000000e+02
1.487362957371117115e+09 7.904999999999999805e-01 2.795000000000000000e+02
1.487362957471326113e+09 7.901000000000000245e-01 2.795000000000000000e+02
1.487362957570244074e+09 7.897999999999999465e-01 2.795000000000000000e+02
1.487362957670103073e+09 7.895999999999999686e-01 2.795000000000000000e+02
1.487362957766710043e+09 7.899000000000000465e-01 2.795000000000000000e+02
1.487362957882889032e+09 7.899000000000000465e-01 2.795000000000000000e+02
1.487362957983084917e+09 7.900000000000000355e-01 2.795000000000000000e+02
1.487362958082078934e+09 7.897999999999999465e-01 2.795000000000000000e+02
1.487362958181951046e+09 7.893000000000000016e-01 2.795000000000000000e+02
1.487362958282022953e+09 7.893999999999999906e-01 2.795000000000000000e+02
1.487362958375868082e+09 7.900000000000000355e-01 2.795000000000000000e+02
1.487362958481004000e+09 7.890000000000000346e-01 2.795000000000000000e+02
1.487362958575033903e+09 7.897999999999999465e-01 2.795000000000000000e+02
1.487362958680018902e+09 7.896999999999999575e-01 2.795000000000000000e+02
1.487362958791197062e+09 7.892000000000000126e-01 2.795000000000000000e+02
1.487362958890957117e+09 7.899000000000000465e-01 2.795000000000000000e+02
1.487362958990717888e+09 7.897999999999999465e-01 2.795000000000000000e+02
1.487362959090396881e+09 7.897999999999999465e-01 2.795000000000000000e+02
1.487362959190262079e+09 7.893999999999999906e-01 2.795000000000000000e+02
1.487362959287153959e+09 7.900000000000000355e-01 2.795000000000000000e+02
1.487362959388617992e+09 7.890000000000000346e-01 2.795000000000000000e+02
1.487362959489583969e+09 7.897999999999999465e-01 2.795000000000000000e+02
1.487362959599957943e+09 7.900000000000000355e-01 2.795000000000000000e+02
1.487362959703813076e+09 7.889000000000000457e-01 2.795000000000000000e+02
1.487362959804030895e+09 7.891000000000000236e-01 2.795000000000000000e+02
1.487362959904007912e+09 7.892000000000000126e-01 2.795000000000000000e+02
1.487362960001554012e+09 7.893999999999999906e-01 2.795000000000000000e+02
1.487362960102938890e+09 7.901000000000000245e-01 2.795000000000000000e+02
1.487362960201980114e+09 7.897999999999999465e-01 2.794900000000000091e+02
1.487362960301832914e+09 7.893999999999999906e-01 2.794900000000000091e+02
1.487362960415862083e+09 7.895999999999999686e-01 2.794900000000000091e+02
1.487362960514889002e+09 7.899000000000000465e-01 2.794900000000000091e+02
1.487362960615046978e+09 7.886999999999999567e-01 2.794900000000000091e+02
1.487362960711796045e+09 7.893999999999999906e-01 2.794900000000000091e+02
1.487362960813826084e+09 7.896999999999999575e-01 2.794900000000000091e+02
1.487362960913777113e+09 7.901000000000000245e-01 2.794900000000000091e+02
1.487362961012533903e+09 7.895999999999999686e-01 2.794900000000000091e+02
1.487362961112905979e+09 7.897999999999999465e-01 2.794900000000000091e+02
1.487362961226963997e+09 7.904999999999999805e-01 2.794900000000000091e+02
1.487362961325761080e+09 7.893999999999999906e-01 2.794900000000000091e+02
1.487362961425837994e+09 7.897999999999999465e-01 2.794900000000000091e+02
1.487362961525764942e+09 7.901000000000000245e-01 2.794900000000000091e+02
1.487362961625000954e+09 7.890000000000000346e-01 2.794900000000000091e+02
1.487362961724911928e+09 7.900000000000000355e-01 2.794900000000000091e+02
1.487362961823781013e+09 7.901000000000000245e-01 2.794900000000000091e+02
1.487362961923958063e+09 7.895999999999999686e-01 2.794900000000000091e+02
1.487362962033529997e+09 7.897999999999999465e-01 2.794900000000000091e+02
1.487362962133178949e+09 7.894999999999999796e-01 2.794900000000000091e+02
1.487362962232961893e+09 7.891000000000000236e-01 2.794900000000000091e+02
1.487362962332725048e+09 7.894999999999999796e-01 2.794900000000000091e+02
1.487362962432486057e+09 7.899000000000000465e-01 2.794900000000000091e+02
1.487362962532300949e+09 7.895999999999999686e-01 2.794900000000000091e+02
1.487362962632020950e+09 7.897999999999999465e-01 2.794900000000000091e+02
1.487362962731796980e+09 7.887999999999999456e-01 2.794900000000000091e+02
1.487362962848206043e+09 7.890000000000000346e-01 2.794900000000000091e+02
1.487362962947632074e+09 7.893999999999999906e-01 2.794900000000000091e+02
1.487362963047444105e+09 7.891000000000000236e-01 2.794900000000000091e+02
1.487362963147479057e+09 7.895999999999999686e-01 2.794900000000000091e+02
1.487362963246809006e+09 7.889000000000000457e-01 2.794900000000000091e+02
1.487362963346369028e+09 7.902000000000000135e-01 2.794900000000000091e+02
1.487362963445892096e+09 7.901000000000000245e-01 2.794900000000000091e+02
1.487362963544116974e+09 7.900000000000000355e-01 2.794900000000000091e+02
1.487362963640450001e+09 7.895999999999999686e-01 2.794900000000000091e+02
1.487362963759757996e+09 7.893000000000000016e-01 2.794900000000000091e+02
1.487362963858699083e+09 7.903000000000000025e-01 2.794900000000000091e+02
1.487362963953723907e+09 7.896999999999999575e-01 2.794900000000000091e+02
1.487362964052942991e+09 7.896999999999999575e-01 2.794900000000000091e+02
1.487362964157566071e+09 7.895999999999999686e-01 2.794900000000000091e+02
1.487362964254756927e+09 7.897999999999999465e-01 2.794900000000000091e+02
1.487362964356666088e+09 7.893000000000000016e-01 2.794900000000000091e+02
1.487362964454350948e+09 7.896999999999999575e-01 2.794900000000000091e+02
1.487362964568243980e+09 7.894999999999999796e-01 2.794900000000000091e+02
1.487362964669699907e+09 7.892000000000000126e-01 2.794900000000000091e+02
1.487362964769407034e+09 7.896999999999999575e-01 2.794900000000000091e+02
1.487362964868644953e+09 7.893999999999999906e-01 2.794900000000000091e+02
1.487362964968477011e+09 7.893999999999999906e-01 2.794900000000000091e+02
1.487362965067497015e+09 7.889000000000000457e-01 2.794900000000000091e+02
1.487362965165460110e+09 7.902000000000000135e-01 2.794900000000000091e+02
1.487362965263263941e+09 7.894999999999999796e-01 2.794900000000000091e+02
1.487362965365794897e+09 7.899000000000000465e-01 2.794900000000000091e+02
1.487362965462486982e+09 7.895999999999999686e-01 2.794900000000000091e+02
1.487362965580651045e+09 7.904999999999999805e-01 2.794900000000000091e+02
1.487362965674796104e+09 7.893999999999999906e-01 2.794900000000000091e+02
1.487362965774550915e+09 7.892000000000000126e-01 2.794900000000000091e+02
1.487362965879724979e+09 7.893000000000000016e-01 2.794900000000000091e+02
1.487362965973972082e+09 7.900000000000000355e-01 2.794900000000000091e+02
1.487362966073755026e+09 7.906999999999999584e-01 2.794900000000000091e+02
1.487362966173232079e+09 7.894999999999999796e-01 2.794900000000000091e+02
1.487362966273319960e+09 7.901000000000000245e-01 2.794900000000000091e+02
1.487362966373086929e+09 7.897999999999999465e-01 2.794900000000000091e+02
1.487362966489474058e+09 7.895999999999999686e-01 2.794900000000000091e+02
1.487362966589452982e+09 7.893999999999999906e-01 2.794900000000000091e+02
1.487362966689003944e+09 7.903000000000000025e-01 2.794900000000000091e+02
1.487362966788774014e+09 7.890000000000000346e-01 2.794900000000000091e+02
1.487362966888520002e+09 7.893000000000000016e-01 2.794900000000000091e+02
1.487362966988298893e+09 7.893999999999999906e-01 2.794900000000000091e+02
1.487362967088099957e+09 7.891000000000000236e-01 2.794900000000000091e+02
1.487362967187832117e+09 7.892000000000000126e-01 2.794900000000000091e+02
1.487362967302294970e+09 7.899000000000000465e-01 2.794900000000000091e+02
1.487362967397792101e+09 7.893000000000000016e-01 2.794900000000000091e+02
1.487362967499748945e+09 7.894999999999999796e-01 2.794900000000000091e+02
1.487362967597157955e+09 7.894999999999999796e-01 2.794900000000000091e+02
1.487362967700376987e+09 7.897999999999999465e-01 2.794900000000000091e+02
1.487362967799313068e+09 7.893000000000000016e-01 2.794900000000000091e+02
1.487362967899403095e+09 7.895999999999999686e-01 2.794900000000000091e+02
1.487362967999356985e+09 7.897999999999999465e-01 2.794900000000000091e+02
1.487362968113188028e+09 7.896999999999999575e-01 2.794900000000000091e+02
1.487362968212352037e+09 7.895999999999999686e-01 2.794900000000000091e+02
1.487362968312125921e+09 7.897999999999999465e-01 2.794900000000000091e+02
1.487362968411382914e+09 7.893999999999999906e-01 2.794900000000000091e+02
1.487362968511418104e+09 7.900000000000000355e-01 2.794900000000000091e+02
1.487362968611202955e+09 7.895999999999999686e-01 2.794900000000000091e+02
1.487362968710098028e+09 7.897999999999999465e-01 2.794900000000000091e+02
1.487362968809005976e+09 7.891000000000000236e-01 2.794900000000000091e+02
1.487362968919842005e+09 7.900000000000000355e-01 2.794900000000000091e+02
1.487362969023134947e+09 7.906999999999999584e-01 2.794900000000000091e+02
1.487362969120086908e+09 7.889000000000000457e-01 2.794900000000000091e+02
1.487362969222148895e+09 7.887999999999999456e-01 2.794900000000000091e+02
1.487362969320911884e+09 7.899000000000000465e-01 2.794900000000000091e+02
1.487362969421906948e+09 7.893999999999999906e-01 2.794900000000000091e+02
1.487362969520953894e+09 7.893000000000000016e-01 2.794900000000000091e+02
1.487362969621036053e+09 7.890000000000000346e-01 2.794900000000000091e+02
1.487362969731779099e+09 7.901000000000000245e-01 2.794900000000000091e+02
1.487362969828927994e+09 7.895999999999999686e-01 2.794900000000000091e+02
1.487362969934180975e+09 7.893000000000000016e-01 2.794900000000000091e+02
1.487362970031111956e+09 7.893999999999999906e-01 2.794900000000000091e+02
1.487362970130215883e+09 7.894999999999999796e-01 2.794900000000000091e+02
1.487362970230546951e+09 7.895999999999999686e-01 2.794900000000000091e+02
1.487362970330360889e+09 7.891000000000000236e-01 2.794900000000000091e+02
1.487362970430069923e+09 7.891000000000000236e-01 2.794900000000000091e+02
1.487362970545881033e+09 7.893999999999999906e-01 2.794900000000000091e+02
1.487362970644759893e+09 7.886999999999999567e-01 2.794900000000000091e+02
1.487362970741252899e+09 7.900000000000000355e-01 2.794900000000000091e+02
1.487362970841073036e+09 7.893000000000000016e-01 2.794900000000000091e+02
1.487362970941728115e+09 7.897999999999999465e-01 2.794900000000000091e+02
1.487362971043977022e+09 7.900000000000000355e-01 2.794900000000000091e+02
1.487362971140579939e+09 7.899000000000000465e-01 2.794800000000000182e+02
1.487362971243037939e+09 7.894999999999999796e-01 2.794900000000000091e+02
1.487362971356940031e+09 7.901000000000000245e-01 2.794900000000000091e+02
1.487362971455460072e+09 7.896999999999999575e-01 2.794800000000000182e+02
1.487362971556003094e+09 7.901000000000000245e-01 2.794800000000000182e+02
1.487362971656034946e+09 7.900000000000000355e-01 2.794800000000000182e+02
1.487362971754988909e+09 7.896999999999999575e-01 2.794800000000000182e+02
1.487362971855009079e+09 7.893999999999999906e-01 2.794800000000000182e+02
1.487362971953906059e+09 7.893000000000000016e-01 2.794800000000000182e+02
1.487362972053879023e+09 7.886999999999999567e-01 2.794800000000000182e+02
1.487362972164228916e+09 7.903000000000000025e-01 2.794800000000000182e+02
1.487362972266833067e+09 7.895999999999999686e-01 2.794800000000000182e+02
1.487362972366784096e+09 7.897999999999999465e-01 2.794800000000000182e+02
1.487362972466976881e+09 7.892000000000000126e-01 2.794800000000000182e+02
1.487362972565278053e+09 7.897999999999999465e-01 2.794800000000000182e+02
1.487362972661067963e+09 7.897999999999999465e-01 2.794800000000000182e+02
1.487362972760261059e+09 7.895999999999999686e-01 2.794800000000000182e+02
1.487362972862627029e+09 7.897999999999999465e-01 2.794800000000000182e+02
1.487362972974042892e+09 7.899000000000000465e-01 2.794800000000000182e+02
1.487362973073782921e+09 7.889000000000000457e-01 2.794800000000000182e+02
1.487362973173541069e+09 7.891000000000000236e-01 2.794800000000000182e+02
1.487362973272691011e+09 7.903999999999999915e-01 2.794800000000000182e+02
1.487362973373085022e+09 7.902000000000000135e-01 2.794800000000000182e+02
1.487362973472855091e+09 7.903999999999999915e-01 2.794800000000000182e+02
1.487362973572653055e+09 7.894999999999999796e-01 2.794800000000000182e+02
1.487362973672379017e+09 7.893000000000000016e-01 2.794800000000000182e+02
1.487362973788772106e+09 7.895999999999999686e-01 2.794800000000000182e+02
1.487362973886679888e+09 7.895999999999999686e-01 2.794800000000000182e+02
1.487362973988667011e+09 7.904999999999999805e-01 2.794800000000000182e+02
1.487362974088066101e+09 7.896999999999999575e-01 2.794800000000000182e+02
1.487362974187788963e+09 7.894999999999999796e-01 2.794800000000000182e+02
1.487362974287221909e+09 7.895999999999999686e-01 2.794800000000000182e+02
1.487362974382452011e+09 7.901000000000000245e-01 2.794800000000000182e+02
1.487362974486763000e+09 7.894999999999999796e-01 2.794800000000000182e+02
1.487362974600621939e+09 7.897999999999999465e-01 2.794800000000000182e+02
1.487362974700645924e+09 7.895999999999999686e-01 2.794800000000000182e+02
1.487362974799592018e+09 7.904999999999999805e-01 2.794800000000000182e+02
1.487362974894964933e+09 7.895999999999999686e-01 2.794800000000000182e+02
1.487362974998661041e+09 7.893999999999999906e-01 2.794800000000000182e+02
1.487362975098635912e+09 7.892000000000000126e-01 2.794800000000000182e+02
1.487362975198543072e+09 7.901000000000000245e-01 2.794800000000000182e+02
1.487362975297621965e+09 7.897999999999999465e-01 2.794800000000000182e+02
1.487362975397758007e+09 7.894999999999999796e-01 2.794800000000000182e+02
1.487362975511415005e+09 7.895999999999999686e-01 2.794800000000000182e+02
1.487362975610723019e+09 7.887999999999999456e-01 2.794800000000000182e+02
1.487362975708321095e+09 7.893000000000000016e-01 2.794800000000000182e+02
1.487362975809515953e+09 7.892000000000000126e-01 2.794800000000000182e+02
1.487362975909594059e+09 7.890000000000000346e-01 2.794800000000000182e+02
1.487362976009394884e+09 7.895999999999999686e-01 2.794800000000000182e+02
1.487362976108489037e+09 7.893000000000000016e-01 2.794800000000000182e+02
1.487362976222495079e+09 7.889000000000000457e-01 2.794800000000000182e+02
1.487362976320137978e+09 7.897999999999999465e-01 2.794800000000000182e+02
1.487362976421260118e+09 7.893999999999999906e-01 2.794800000000000182e+02
1.487362976520965099e+09 7.890000000000000346e-01 2.794800000000000182e+02
1.487362976619945049e+09 7.894999999999999796e-01 2.794800000000000182e+02
1.487362976720455885e+09 7.895999999999999686e-01 2.794800000000000182e+02
1.487362976820430994e+09 7.893000000000000016e-01 2.794800000000000182e+02
1.487362976914618969e+09 7.895999999999999686e-01 2.794800000000000182e+02
1.487362977019463062e+09 7.901000000000000245e-01 2.794800000000000182e+02
1.487362977129705906e+09 7.890000000000000346e-01 2.794800000000000182e+02
1.487362977230547905e+09 7.897999999999999465e-01 2.794800000000000182e+02
1.487362977330308914e+09 7.894999999999999796e-01 2.794800000000000182e+02
1.487362977430085897e+09 7.895999999999999686e-01 2.794800000000000182e+02
1.487362977529905081e+09 7.892000000000000126e-01 2.794800000000000182e+02
1.487362977629580975e+09 7.895999999999999686e-01 2.794800000000000182e+02
1.487362977729352951e+09 7.901000000000000245e-01 2.794800000000000182e+02
1.487362977829144001e+09 7.896999999999999575e-01 2.794800000000000182e+02
1.487362977928896904e+09 7.895999999999999686e-01 2.794800000000000182e+02
1.487362978043287039e+09 7.901000000000000245e-01 2.794800000000000182e+02
1.487362978138133049e+09 7.903000000000000025e-01 2.794800000000000182e+02
1.487362978242496967e+09 7.893000000000000016e-01 2.794800000000000182e+02
1.487362978342423916e+09 7.894999999999999796e-01 2.794800000000000182e+02
1.487362978442339897e+09 7.893000000000000016e-01 2.794700000000000273e+02
1.487362978541275978e+09 7.894999999999999796e-01 2.794700000000000273e+02
1.487362978640166044e+09 7.902000000000000135e-01 2.794800000000000182e+02
1.487362978740240097e+09 7.892000000000000126e-01 2.794700000000000273e+02
1.487362978854393005e+09 7.893000000000000016e-01 2.794700000000000273e+02
1.487362978954363108e+09 7.900000000000000355e-01 2.794700000000000273e+02
1.487362979053216934e+09 7.893000000000000016e-01 2.794800000000000182e+02
1.487362979153283119e+09 7.892000000000000126e-01 2.794700000000000273e+02
1.487362979253293991e+09 7.900000000000000355e-01 2.794700000000000273e+02
1.487362979352267027e+09 7.893999999999999906e-01 2.794800000000000182e+02
1.487362979452222109e+09 7.886999999999999567e-01 2.794700000000000273e+02
1.487362979551419973e+09 7.894999999999999796e-01 2.794700000000000273e+02
1.487362979665226936e+09 7.896999999999999575e-01 2.794700000000000273e+02
1.487362979765280962e+09 7.885999999999999677e-01 2.794700000000000273e+02
1.487362979865209103e+09 7.894999999999999796e-01 2.794700000000000273e+02
1.487362979964371920e+09 7.895999999999999686e-01 2.794700000000000273e+02
1.487362980064449072e+09 7.897999999999999465e-01 2.794700000000000273e+02
1.487362980159132957e+09 7.901000000000000245e-01 2.794700000000000273e+02
1.487362980263031006e+09 7.895999999999999686e-01 2.794700000000000273e+02
1.487362980363140106e+09 7.896999999999999575e-01 2.794700000000000273e+02
1.487362980472767115e+09 7.896999999999999575e-01 2.794700000000000273e+02
1.487362980572546959e+09 7.897999999999999465e-01 2.794700000000000273e+02
1.487362980672354937e+09 7.897999999999999465e-01 2.794700000000000273e+02
1.487362980772074938e+09 7.886999999999999567e-01 2.794700000000000273e+02
1.487362980871851921e+09 7.889000000000000457e-01 2.794800000000000182e+02
1.487362980971612930e+09 7.893999999999999906e-01 2.794800000000000182e+02
1.487362981071388006e+09 7.893999999999999906e-01 2.794700000000000273e+02
1.487362981171313047e+09 7.900000000000000355e-01 2.794700000000000273e+02
1.487362981287132025e+09 7.901000000000000245e-01 2.794700000000000273e+02
1.487362981387079954e+09 7.892000000000000126e-01 2.794700000000000273e+02
1.487362981487065077e+09 7.896999999999999575e-01 2.794700000000000273e+02
1.487362981586335897e+09 7.900000000000000355e-01 2.794700000000000273e+02
1.487362981686172962e+09 7.892000000000000126e-01 2.794700000000000273e+02
1.487362981781049967e+09 7.891000000000000236e-01 2.794700000000000273e+02
1.487362981885077953e+09 7.893000000000000016e-01 2.794700000000000273e+02
1.487362981985479116e+09 7.896999999999999575e-01 2.794700000000000273e+02
1.487362982099256992e+09 7.899000000000000465e-01 2.794700000000000273e+02
1.487362982197962999e+09 7.903000000000000025e-01 2.794700000000000273e+02
1.487362982297929049e+09 7.896999999999999575e-01 2.794700000000000273e+02
1.487362982397007942e+09 7.893999999999999906e-01 2.794700000000000273e+02
1.487362982497041941e+09 7.901000000000000245e-01 2.794700000000000273e+02
1.487362982596107006e+09 7.900000000000000355e-01 2.794700000000000273e+02
1.487362982693136930e+09 7.894999999999999796e-01 2.794700000000000273e+02
1.487362982795548916e+09 7.890000000000000346e-01 2.794700000000000273e+02
1.487362982909851074e+09 7.893999999999999906e-01 2.794700000000000273e+02
1.487362983008905888e+09 7.900000000000000355e-01 2.794700000000000273e+02
1.487362983108886003e+09 7.896999999999999575e-01 2.794700000000000273e+02
1.487362983205080986e+09 7.894999999999999796e-01 2.794700000000000273e+02
1.487362983302865028e+09 7.895999999999999686e-01 2.794700000000000273e+02
1.487362983402434111e+09 7.892000000000000126e-01 2.794700000000000273e+02
1.487362983506863117e+09 7.896999999999999575e-01 2.794700000000000273e+02
1.487362983603589058e+09 7.893999999999999906e-01 2.794700000000000273e+02
1.487362983705785990e+09 7.900000000000000355e-01 2.794700000000000273e+02
1.487362983818670034e+09 7.897999999999999465e-01 2.794700000000000273e+02
1.487362983920221090e+09 7.901000000000000245e-01 2.794700000000000273e+02
1.487362984013739109e+09 7.900000000000000355e-01 2.794700000000000273e+02
1.487362984118865967e+09 7.894999999999999796e-01 2.794700000000000273e+02
1.487362984213854074e+09 7.899000000000000465e-01 2.794700000000000273e+02
1.487362984313617945e+09 7.900000000000000355e-01 2.794700000000000273e+02
1.487362984413402081e+09 7.902000000000000135e-01 2.794700000000000273e+02
1.487362984513151884e+09 7.896999999999999575e-01 2.794700000000000273e+02
1.487362984629539013e+09 7.902000000000000135e-01 2.794700000000000273e+02
1.487362984727329016e+09 7.889000000000000457e-01 2.794700000000000273e+02
1.487362984829068899e+09 7.893000000000000016e-01 2.794700000000000273e+02
1.487362984928700924e+09 7.899000000000000465e-01 2.794700000000000273e+02
1.487362985028594017e+09 7.892000000000000126e-01 2.794700000000000273e+02
1.487362985128364086e+09 7.889000000000000457e-01 2.794700000000000273e+02
1.487362985228136063e+09 7.895999999999999686e-01 2.794700000000000273e+02
1.487362985327831984e+09 7.892000000000000126e-01 2.794700000000000273e+02
1.487362985427648067e+09 7.899000000000000465e-01 2.794700000000000273e+02
1.487362985527424097e+09 7.903000000000000025e-01 2.794700000000000273e+02
1.487362985641892910e+09 7.901000000000000245e-01 2.794700000000000273e+02
1.487362985740722895e+09 7.899000000000000465e-01 2.794700000000000273e+02
1.487362985840576887e+09 7.893000000000000016e-01 2.794700000000000273e+02
1.487362985939671040e+09 7.902000000000000135e-01 2.794700000000000273e+02
1.487362986039880991e+09 7.894999999999999796e-01 2.794700000000000273e+02
1.487362986138773918e+09 7.893999999999999906e-01 2.794700000000000273e+02
1.487362986238830090e+09 7.897999999999999465e-01 2.794700000000000273e+02
1.487362986338592052e+09 7.896999999999999575e-01 2.794700000000000273e+02
1.487362986436842918e+09 7.891000000000000236e-01 2.794700000000000273e+02
1.487362986551626921e+09 7.890000000000000346e-01 2.794700000000000273e+02
1.487362986651715994e+09 7.897999999999999465e-01 2.794700000000000273e+02
1.487362986750420094e+09 7.894999999999999796e-01 2.794700000000000273e+02
1.487362986850492954e+09 7.899000000000000465e-01 2.794700000000000273e+02
1.487362986949568987e+09 7.894999999999999796e-01 2.794700000000000273e+02
1.487362987049571037e+09 7.899000000000000465e-01 2.794700000000000273e+02
1.487362987149600029e+09 7.892000000000000126e-01 2.794700000000000273e+02
1.487362987248496056e+09 7.895999999999999686e-01 2.794700000000000273e+02
1.487362987362607956e+09 7.893000000000000016e-01 2.794700000000000273e+02
1.487362987462440014e+09 7.892000000000000126e-01 2.794700000000000273e+02
1.487362987561789036e+09 7.896999999999999575e-01 2.794700000000000273e+02
1.487362987660135984e+09 7.892000000000000126e-01 2.794700000000000273e+02
1.487362987760592937e+09 7.893000000000000016e-01 2.794700000000000273e+02
1.487362987855148077e+09 7.895999999999999686e-01 2.794700000000000273e+02
1.487362987955909014e+09 7.896999999999999575e-01 2.794700000000000273e+02
1.487362988055099964e+09 7.893999999999999906e-01 2.794700000000000273e+02
1.487362988171140909e+09 7.893000000000000016e-01 2.794700000000000273e+02
1.487362988270840883e+09 7.893999999999999906e-01 2.794700000000000273e+02
1.487362988370599985e+09 7.903000000000000025e-01 2.794700000000000273e+02
1.487362988470360041e+09 7.899000000000000465e-01 2.794700000000000273e+02
1.487362988570135117e+09 7.894999999999999796e-01 2.794700000000000273e+02
1.487362988669878960e+09 7.896999999999999575e-01 2.794700000000000273e+02
1.487362988769661903e+09 7.901000000000000245e-01 2.794700000000000273e+02
1.487362988869432926e+09 7.894999999999999796e-01 2.794700000000000273e+02
1.487362988984416008e+09 7.905999999999999694e-01 2.794700000000000273e+02
1.487362989080503941e+09 7.883999999999999897e-01 2.794700000000000273e+02
1.487362989183415890e+09 7.889000000000000457e-01 2.794700000000000273e+02
1.487362989282949924e+09 7.895999999999999686e-01 2.794700000000000273e+02
1.487362989379286051e+09 7.892000000000000126e-01 2.794700000000000273e+02
1.487362989481513023e+09 7.885999999999999677e-01 2.794700000000000273e+02
1.487362989577339888e+09 7.890000000000000346e-01 2.794700000000000273e+02
1.487362989681370020e+09 7.896999999999999575e-01 2.794700000000000273e+02
1.487362989795361996e+09 7.894999999999999796e-01 2.794700000000000273e+02
1.487362989895441055e+09 7.893000000000000016e-01 2.794700000000000273e+02
1.487362989994446039e+09 7.893000000000000016e-01 2.794700000000000273e+02
1.487362990094397068e+09 7.896999999999999575e-01 2.794700000000000273e+02
1.487362990191087961e+09 7.894999999999999796e-01 2.794700000000000273e+02
1.487362990293359995e+09 7.891000000000000236e-01 2.794700000000000273e+02
1.487362990392990112e+09 7.895999999999999686e-01 2.794700000000000273e+02
1.487362990492203951e+09 7.896999999999999575e-01 2.794700000000000273e+02
1.487362990606304884e+09 7.896999999999999575e-01 2.794700000000000273e+02
1.487362990706389904e+09 7.889000000000000457e-01 2.794700000000000273e+02
1.487362990805293083e+09 7.893000000000000016e-01 2.794700000000000273e+02
1.487362990905319929e+09 7.900000000000000355e-01 2.794700000000000273e+02
1.487362991004180908e+09 7.901000000000000245e-01 2.794700000000000273e+02
1.487362991104186058e+09 7.906999999999999584e-01 2.794700000000000273e+02
1.487362991203963995e+09 7.895999999999999686e-01 2.794700000000000273e+02
1.487362991303291082e+09 7.894999999999999796e-01 2.794700000000000273e+02
1.487362991413372993e+09 7.893999999999999906e-01 2.794700000000000273e+02
1.487362991513149023e+09 7.892000000000000126e-01 2.794700000000000273e+02
1.487362991612905025e+09 7.894999999999999796e-01 2.794700000000000273e+02
1.487362991712699890e+09 7.903000000000000025e-01 2.794700000000000273e+02
1.487362991812416077e+09 7.890000000000000346e-01 2.794700000000000273e+02
1.487362991912094116e+09 7.902000000000000135e-01 2.794700000000000273e+02
1.487362992011661053e+09 7.897999999999999465e-01 2.794700000000000273e+02
1.487362992111717939e+09 7.894999999999999796e-01 2.794700000000000273e+02
1.487362992223221064e+09 7.897999999999999465e-01 2.794700000000000273e+02
1.487362992327843904e+09 7.893000000000000016e-01 2.794800000000000182e+02
1.487362992427603960e+09 7.893000000000000016e-01 2.794800000000000182e+02
1.487362992523632050e+09 7.896999999999999575e-01 2.794800000000000182e+02
1.487362992626025915e+09 7.890000000000000346e-01 2.794800000000000182e+02
1.487362992722348928e+09 7.896999999999999575e-01 2.794800000000000182e+02
1.487362992826184034e+09 7.887999999999999456e-01 2.794800000000000182e+02
1.487362992924993038e+09 7.894999999999999796e-01 2.794700000000000273e+02
1.487362993035639048e+09 7.894999999999999796e-01 2.794800000000000182e+02
1.487362993138561010e+09 7.894999999999999796e-01 2.794800000000000182e+02
1.487362993239016056e+09 7.904999999999999805e-01 2.794800000000000182e+02
1.487362993337913036e+09 7.891000000000000236e-01 2.794700000000000273e+02
1.487362993437961102e+09 7.894999999999999796e-01 2.794700000000000273e+02
1.487362993536946058e+09 7.894999999999999796e-01 2.794800000000000182e+02
1.487362993636938095e+09 7.890000000000000346e-01 2.794700000000000273e+02
1.487362993733676910e+09 7.899000000000000465e-01 2.794800000000000182e+02
1.487362993849888086e+09 7.897999999999999465e-01 2.794800000000000182e+02
1.487362993949961901e+09 7.899000000000000465e-01 2.794800000000000182e+02
1.487362994049912930e+09 7.893999999999999906e-01 2.794700000000000273e+02
1.487362994144659042e+09 7.892000000000000126e-01 2.794700000000000273e+02
1.487362994244419098e+09 7.896999999999999575e-01 2.794800000000000182e+02
1.487362994348006010e+09 7.900000000000000355e-01 2.794800000000000182e+02
1.487362994447794914e+09 7.895999999999999686e-01 2.794800000000000182e+02
1.487362994546907902e+09 7.901000000000000245e-01 2.794800000000000182e+02
1.487362994660860062e+09 7.897999999999999465e-01 2.794800000000000182e+02
1.487362994760945082e+09 7.894999999999999796e-01 2.794800000000000182e+02
1.487362994860902071e+09 7.905999999999999694e-01 2.794800000000000182e+02
1.487362994960031986e+09 7.889000000000000457e-01 2.794800000000000182e+02
1.487362995055212021e+09 7.890000000000000346e-01 2.794800000000000182e+02
1.487362995154925108e+09 7.895999999999999686e-01 2.794800000000000182e+02
1.487362995253994942e+09 7.901000000000000245e-01 2.794800000000000182e+02
1.487362995353965044e+09 7.890000000000000346e-01 2.794800000000000182e+02
1.487362995453629971e+09 7.894999999999999796e-01 2.794800000000000182e+02
1.487362995570101976e+09 7.897999999999999465e-01 2.794800000000000182e+02
1.487362995669889927e+09 7.893999999999999906e-01 2.794700000000000273e+02
1.487362995769669056e+09 7.889000000000000457e-01 2.794800000000000182e+02
1.487362995869421005e+09 7.896999999999999575e-01 2.794800000000000182e+02
1.487362995969187021e+09 7.893000000000000016e-01 2.794800000000000182e+02
1.487362996068954945e+09 7.903000000000000025e-01 2.794800000000000182e+02
1.487362996168714046e+09 7.890000000000000346e-01 2.794800000000000182e+02
1.487362996282711983e+09 7.897999999999999465e-01 2.794800000000000182e+02
1.487362996381582975e+09 7.893999999999999906e-01 2.794800000000000182e+02
1.487362996482696056e+09 7.896999999999999575e-01 2.794800000000000182e+02
1.487362996578516960e+09 7.892000000000000126e-01 2.794800000000000182e+02
1.487362996680303097e+09 7.897999999999999465e-01 2.794800000000000182e+02
1.487362996781712055e+09 7.895999999999999686e-01 2.794800000000000182e+02
1.487362996880687952e+09 7.893999999999999906e-01 2.794800000000000182e+02
1.487362996980588913e+09 7.895999999999999686e-01 2.794800000000000182e+02
1.487362997079790115e+09 7.903999999999999915e-01 2.794800000000000182e+02
1.487362997193622112e+09 7.891000000000000236e-01 2.794800000000000182e+02
1.487362997293840885e+09 7.903000000000000025e-01 2.794800000000000182e+02
1.487362997392736912e+09 7.896999999999999575e-01 2.794800000000000182e+02
1.487362997492587090e+09 7.899000000000000465e-01 2.794800000000000182e+02
1.487362997587181091e+09 7.896999999999999575e-01 2.794800000000000182e+02
1.487362997691750050e+09 7.903000000000000025e-01 2.794800000000000182e+02
1.487362997789505959e+09 7.891000000000000236e-01 2.794800000000000182e+02
1.487362997890628099e+09 7.903999999999999915e-01 2.794800000000000182e+02
1.487362997990689039e+09 7.892000000000000126e-01 2.794800000000000182e+02
1.487362998104597092e+09 7.897999999999999465e-01 2.794800000000000182e+02
1.487362998203723907e+09 7.899000000000000465e-01 2.794800000000000182e+02
1.487362998303580046e+09 7.895999999999999686e-01 2.794800000000000182e+02
1.487362998403512001e+09 7.889000000000000457e-01 2.794800000000000182e+02
1.487362998502551079e+09 7.893999999999999906e-01 2.794800000000000182e+02
1.487362998602639914e+09 7.893999999999999906e-01 2.794800000000000182e+02
1.487362998701527119e+09 7.897999999999999465e-01 2.794800000000000182e+02
1.487362998801279068e+09 7.896999999999999575e-01 2.794800000000000182e+02
1.487362998912127972e+09 7.895999999999999686e-01 2.794800000000000182e+02
1.487362999009844065e+09 7.893000000000000016e-01 2.794800000000000182e+02
1.487362999111660004e+09 7.891000000000000236e-01 2.794800000000000182e+02
1.487362999212260962e+09 7.906999999999999584e-01 2.794800000000000182e+02
1.487362999311167955e+09 7.896999999999999575e-01 2.794800000000000182e+02
1.487362999410939932e+09 7.903000000000000025e-01 2.794800000000000182e+02
1.487362999510732889e+09 7.897999999999999465e-01 2.794800000000000182e+02
1.487362999610481977e+09 7.893999999999999906e-01 2.794800000000000182e+02
1.487362999726418018e+09 7.899000000000000465e-01 2.794800000000000182e+02
1.487362999825470924e+09 7.899000000000000465e-01 2.794800000000000182e+02
1.487362999925487041e+09 7.896999999999999575e-01 2.794800000000000182e+02
1.487363000025594950e+09 7.892000000000000126e-01 2.794800000000000182e+02
1.487363000119314909e+09 7.893000000000000016e-01 2.794800000000000182e+02
1.487363000224556923e+09 7.895999999999999686e-01 2.794800000000000182e+02
1.487363000323375940e+09 7.897999999999999465e-01 2.794800000000000182e+02
1.487363000423324108e+09 7.890000000000000346e-01 2.794800000000000182e+02
1.487363000537358046e+09 7.896999999999999575e-01 2.794800000000000182e+02
1.487363000636378050e+09 7.895999999999999686e-01 2.794800000000000182e+02
1.487363000736462116e+09 7.891000000000000236e-01 2.794800000000000182e+02
1.487363000836066961e+09 7.902000000000000135e-01 2.794800000000000182e+02
1.487363000935293913e+09 7.901000000000000245e-01 2.794800000000000182e+02
1.487363001035415888e+09 7.892000000000000126e-01 2.794800000000000182e+02
1.487363001134407043e+09 7.890000000000000346e-01 2.794800000000000182e+02
1.487363001234405041e+09 7.900000000000000355e-01 2.794800000000000182e+02
1.487363001348436117e+09 7.895999999999999686e-01 2.794800000000000182e+02
1.487363001447225094e+09 7.894999999999999796e-01 2.794800000000000182e+02
1.487363001547302008e+09 7.906999999999999584e-01 2.794800000000000182e+02
1.487363001647439003e+09 7.895999999999999686e-01 2.794800000000000182e+02
1.487363001741499901e+09 7.894999999999999796e-01 2.794800000000000182e+02
1.487363001846155882e+09 7.894999999999999796e-01 2.794800000000000182e+02
1.487363001944566965e+09 7.893999999999999906e-01 2.794800000000000182e+02
1.487363002045420885e+09 7.899000000000000465e-01 2.794800000000000182e+02
1.487363002154438019e+09 7.892000000000000126e-01 2.794800000000000182e+02
1.487363002254092932e+09 7.901000000000000245e-01 2.794800000000000182e+02
1.487363002353979111e+09 7.893000000000000016e-01 2.794800000000000182e+02
1.487363002453675985e+09 7.902000000000000135e-01 2.794800000000000182e+02
1.487363002553431034e+09 7.893999999999999906e-01 2.794800000000000182e+02
1.487363002653198004e+09 7.895999999999999686e-01 2.794800000000000182e+02
1.487363002753103971e+09 7.890000000000000346e-01 2.794800000000000182e+02
1.487363002852736950e+09 7.893999999999999906e-01 2.794800000000000182e+02
1.487363002969118118e+09 7.892000000000000126e-01 2.794800000000000182e+02
1.487363003068881035e+09 7.897999999999999465e-01 2.794800000000000182e+02
1.487363003168627977e+09 7.897999999999999465e-01 2.794800000000000182e+02
1.487363003268405914e+09 7.897999999999999465e-01 2.794800000000000182e+02
1.487363003368110895e+09 7.901000000000000245e-01 2.794900000000000091e+02
1.487363003467936039e+09 7.902000000000000135e-01 2.794900000000000091e+02
1.487363003567708969e+09 7.899000000000000465e-01 2.794900000000000091e+02
1.487363003667120934e+09 7.895999999999999686e-01 2.794900000000000091e+02
1.487363003765127897e+09 7.897999999999999465e-01 2.794900000000000091e+02
1.487363003881100893e+09 7.895999999999999686e-01 2.794900000000000091e+02
1.487363003980236053e+09 7.901000000000000245e-01 2.794900000000000091e+02
1.487363004080017090e+09 7.894999999999999796e-01 2.794900000000000091e+02
1.487363004179063082e+09 7.895999999999999686e-01 2.794900000000000091e+02
1.487363004279006004e+09 7.896999999999999575e-01 2.794900000000000091e+02
1.487363004379096985e+09 7.900000000000000355e-01 2.794900000000000091e+02
1.487363004478188038e+09 7.895999999999999686e-01 2.794900000000000091e+02
1.487363004573587894e+09 7.894999999999999796e-01 2.794900000000000091e+02
1.487363004692121029e+09 7.894999999999999796e-01 2.794900000000000091e+02
1.487363004789973021e+09 7.900000000000000355e-01 2.794900000000000091e+02
1.487363004886511087e+09 7.896999999999999575e-01 2.794900000000000091e+02
1.487363004990001917e+09 7.897999999999999465e-01 2.794900000000000091e+02
1.487363005089926004e+09 7.905999999999999694e-01 2.794900000000000091e+02
1.487363005189799070e+09 7.894999999999999796e-01 2.794900000000000091e+02
1.487363005288960934e+09 7.901000000000000245e-01 2.794900000000000091e+02
1.487363005403084993e+09 7.894999999999999796e-01 2.794900000000000091e+02
1.487363005502945900e+09 7.895999999999999686e-01 2.794900000000000091e+02
1.487363005596560001e+09 7.900000000000000355e-01 2.794900000000000091e+02
1.487363005697457075e+09 7.889000000000000457e-01 2.794900000000000091e+02
1.487363005795752048e+09 7.899000000000000465e-01 2.794900000000000091e+02
1.487363005901118994e+09 7.902000000000000135e-01 2.794900000000000091e+02
1.487363005999640942e+09 7.902000000000000135e-01 2.794900000000000091e+02
1.487363006095041990e+09 7.903999999999999915e-01 2.794900000000000091e+02
1.487363006200184107e+09 7.894999999999999796e-01 2.794900000000000091e+02
1.487363006311114073e+09 7.900000000000000355e-01 2.794900000000000091e+02
1.487363006410892010e+09 7.887999999999999456e-01 2.794900000000000091e+02
1.487363006510653019e+09 7.903000000000000025e-01 2.794900000000000091e+02
1.487363006610433102e+09 7.889000000000000457e-01 2.794900000000000091e+02
1.487363006710186958e+09 7.897999999999999465e-01 2.794900000000000091e+02
1.487363006809947014e+09 7.894999999999999796e-01 2.794900000000000091e+02
1.487363006909743071e+09 7.902000000000000135e-01 2.794900000000000091e+02
1.487363007009469986e+09 7.901000000000000245e-01 2.794900000000000091e+02
1.487363007120157003e+09 7.903000000000000025e-01 2.794900000000000091e+02
1.487363007223723888e+09 7.900000000000000355e-01 2.794900000000000091e+02
1.487363007320022106e+09 7.903999999999999915e-01 2.794900000000000091e+02
1.487363007422698021e+09 7.895999999999999686e-01 2.794900000000000091e+02
1.487363007522903919e+09 7.894999999999999796e-01 2.794900000000000091e+02
1.487363007622833967e+09 7.894999999999999796e-01 2.794900000000000091e+02
1.487363007721776009e+09 7.893999999999999906e-01 2.794900000000000091e+02
1.487363007818800926e+09 7.892000000000000126e-01 2.794900000000000091e+02
1.487363007933708906e+09 7.897999999999999465e-01 2.794900000000000091e+02
1.487363008034935951e+09 7.902000000000000135e-01 2.794900000000000091e+02
1.487363008134880066e+09 7.890000000000000346e-01 2.794900000000000091e+02
1.487363008231796026e+09 7.901000000000000245e-01 2.794900000000000091e+02
1.487363008330760002e+09 7.890000000000000346e-01 2.794900000000000091e+02
1.487363008433619976e+09 7.900000000000000355e-01 2.794900000000000091e+02
1.487363008528729916e+09 7.899000000000000465e-01 2.794900000000000091e+02
1.487363008646774054e+09 7.903999999999999915e-01 2.794900000000000091e+02
1.487363008744559050e+09 7.903999999999999915e-01 2.794900000000000091e+02
1.487363008845642090e+09 7.903999999999999915e-01 2.794900000000000091e+02
1.487363008943478107e+09 7.893000000000000016e-01 2.794900000000000091e+02
1.487363009044569969e+09 7.897999999999999465e-01 2.794900000000000091e+02
1.487363009141125917e+09 7.894999999999999796e-01 2.794900000000000091e+02
1.487363009244623899e+09 7.899000000000000465e-01 2.794900000000000091e+02
1.487363009343547106e+09 7.900000000000000355e-01 2.794900000000000091e+02
1.487363009453660965e+09 7.890000000000000346e-01 2.794900000000000091e+02
1.487363009553422928e+09 7.899000000000000465e-01 2.794900000000000091e+02
1.487363009653178930e+09 7.887999999999999456e-01 2.794900000000000091e+02
1.487363009752953053e+09 7.897999999999999465e-01 2.794900000000000091e+02
1.487363009852741957e+09 7.897999999999999465e-01 2.794900000000000091e+02
1.487363009952486038e+09 7.893999999999999906e-01 2.794900000000000091e+02
1.487363010052248955e+09 7.904999999999999805e-01 2.794900000000000091e+02
1.487363010152010918e+09 7.894999999999999796e-01 2.794900000000000091e+02
1.487363010268416882e+09 7.893000000000000016e-01 2.794900000000000091e+02
1.487363010368115902e+09 7.904999999999999805e-01 2.794900000000000091e+02
1.487363010467521906e+09 7.893000000000000016e-01 2.794900000000000091e+02
1.487363010567435026e+09 7.893000000000000016e-01 2.794900000000000091e+02
1.487363010664333105e+09 7.901000000000000245e-01 2.794900000000000091e+02
1.487363010766488075e+09 7.903999999999999915e-01 2.794900000000000091e+02
1.487363010866425037e+09 7.893999999999999906e-01 2.794900000000000091e+02
1.487363010965481043e+09 7.893000000000000016e-01 2.794900000000000091e+02
1.487363011065579891e+09 7.894999999999999796e-01 2.794900000000000091e+02
1.487363011179517031e+09 7.899000000000000465e-01 2.794900000000000091e+02
1.487363011279467106e+09 7.901000000000000245e-01 2.794900000000000091e+02
1.487363011378369093e+09 7.896999999999999575e-01 2.794900000000000091e+02
1.487363011476176977e+09 7.897999999999999465e-01 2.794900000000000091e+02
1.487363011575860023e+09 7.902000000000000135e-01 2.794900000000000091e+02
1.487363011672677994e+09 7.893000000000000016e-01 2.794900000000000091e+02
1.487363011775079966e+09 7.895999999999999686e-01 2.794900000000000091e+02
1.487363011876408100e+09 7.892000000000000126e-01 2.794900000000000091e+02
1.487363011990395069e+09 7.902000000000000135e-01 2.794900000000000091e+02
1.487363012089376926e+09 7.902000000000000135e-01 2.794900000000000091e+02
1.487363012184695959e+09 7.899000000000000465e-01 2.794900000000000091e+02
1.487363012287091017e+09 7.904999999999999805e-01 2.794900000000000091e+02
1.487363012388508081e+09 7.900000000000000355e-01 2.794900000000000091e+02
1.487363012488184929e+09 7.900000000000000355e-01 2.794900000000000091e+02
1.487363012584832907e+09 7.901000000000000245e-01 2.794900000000000091e+02
1.487363012687196970e+09 7.893999999999999906e-01 2.794900000000000091e+02
1.487363012799371004e+09 7.904999999999999805e-01 2.794900000000000091e+02
1.487363012895432949e+09 7.903000000000000025e-01 2.794900000000000091e+02
1.487363013000370979e+09 7.893999999999999906e-01 2.794900000000000091e+02
1.487363013100307941e+09 7.891000000000000236e-01 2.794900000000000091e+02
1.487363013194729090e+09 7.899000000000000465e-01 2.794900000000000091e+02
1.487363013294488907e+09 7.897999999999999465e-01 2.794900000000000091e+02
1.487363013394141912e+09 7.903999999999999915e-01 2.794900000000000091e+02
1.487363013494024992e+09 7.894999999999999796e-01 2.794900000000000091e+02
1.487363013609357119e+09 7.902000000000000135e-01 2.794900000000000091e+02
1.487363013710169077e+09 7.896999999999999575e-01 2.794900000000000091e+02
1.487363013809943914e+09 7.893999999999999906e-01 2.794900000000000091e+02
1.487363013907974005e+09 7.894999999999999796e-01 2.794900000000000091e+02
1.487363014009474993e+09 7.895999999999999686e-01 2.794900000000000091e+02
1.487363014109242916e+09 7.897999999999999465e-01 2.794900000000000091e+02
1.487363014205862045e+09 7.900000000000000355e-01 2.794900000000000091e+02
1.487363014308782101e+09 7.903000000000000025e-01 2.794900000000000091e+02
1.487363014423337936e+09 7.896999999999999575e-01 2.794900000000000091e+02
1.487363014518249989e+09 7.890000000000000346e-01 2.794900000000000091e+02
1.487363014622360945e+09 7.911000000000000254e-01 2.794900000000000091e+02
1.487363014722188950e+09 7.894999999999999796e-01 2.794900000000000091e+02
1.487363014821372032e+09 7.893999999999999906e-01 2.794900000000000091e+02
1.487363014921284914e+09 7.899000000000000465e-01 2.794900000000000091e+02
1.487363015020163059e+09 7.896999999999999575e-01 2.794900000000000091e+02
1.487363015118756056e+09 7.905999999999999694e-01 2.794900000000000091e+02
1.487363015234225035e+09 7.892000000000000126e-01 2.794900000000000091e+02
1.487363015333014011e+09 7.885999999999999677e-01 2.794900000000000091e+02
1.487363015433228016e+09 7.901000000000000245e-01 2.794900000000000091e+02
1.487363015533066034e+09 7.893000000000000016e-01 2.794900000000000091e+02
1.487363015632147074e+09 7.891000000000000236e-01 2.794900000000000091e+02
1.487363015732201099e+09 7.896999999999999575e-01 2.794900000000000091e+02
1.487363015832106113e+09 7.889000000000000457e-01 2.794900000000000091e+02
1.487363015931121111e+09 7.893999999999999906e-01 2.794900000000000091e+02
