1.487363686057328939e+09 8.000000000000000444e-01 2.799200000000000159e+02
1.487363686154670000e+09 7.996999999999999664e-01 2.799200000000000159e+02
1.487363686254448891e+09 8.000000000000000444e-01 2.799200000000000159e+02
1.487363686350569010e+09 8.003000000000000114e-01 2.799200000000000159e+02
1.487363686453551054e+09 7.995999999999999774e-01 2.799200000000000159e+02
1.487363686552550077e+09 8.002000000000000224e-01 2.799200000000000159e+02
1.487363686653870106e+09 8.003000000000000114e-01 2.799100000000000250e+02
1.487363686753022909e+09 8.001000000000000334e-01 2.799200000000000159e+02
1.487363686853010893e+09 7.999000000000000554e-01 2.799200000000000159e+02
1.487363686952079058e+09 7.999000000000000554e-01 2.799100000000000250e+02
1.487363687046773911e+09 7.994999999999999885e-01 2.799100000000000250e+02
1.487363687162170887e+09 8.005999999999999783e-01 2.799100000000000250e+02
1.487363687265165091e+09 7.993000000000000105e-01 2.799100000000000250e+02
1.487363687364850998e+09 8.006999999999999673e-01 2.799100000000000250e+02
1.487363687464867115e+09 8.001000000000000334e-01 2.799100000000000250e+02
1.487363687563982010e+09 7.994999999999999885e-01 2.799100000000000250e+02
1.487363687663933992e+09 8.004000000000000004e-01 2.799100000000000250e+02
1.487363687761708975e+09 8.001000000000000334e-01 2.799100000000000250e+02
1.487363687862852097e+09 8.006999999999999673e-01 2.799100000000000250e+02
1.487363687963002920e+09 8.005999999999999783e-01 2.799100000000000250e+02
1.487363688071110964e+09 8.005999999999999783e-01 2.799100000000000250e+02
1.487363688175949097e+09 7.997999999999999554e-01 2.799100000000000250e+02
1.487363688273816109e+09 8.001000000000000334e-01 2.799100000000000250e+02
1.487363688374922991e+09 8.005999999999999783e-01 2.798999999999999773e+02
1.487363688474733114e+09 8.003000000000000114e-01 2.798999999999999773e+02
1.487363688573863983e+09 7.992000000000000215e-01 2.798999999999999773e+02
1.487363688673841000e+09 8.002000000000000224e-01 2.798999999999999773e+02
1.487363688773822069e+09 8.004000000000000004e-01 2.798999999999999773e+02
1.487363688887833118e+09 8.003000000000000114e-01 2.798999999999999773e+02
1.487363688986815929e+09 7.996999999999999664e-01 2.798999999999999773e+02
1.487363689086020947e+09 7.994999999999999885e-01 2.798999999999999773e+02
1.487363689180896997e+09 8.000000000000000444e-01 2.798899999999999864e+02
1.487363689285789967e+09 8.004000000000000004e-01 2.798899999999999864e+02
1.487363689380218029e+09 8.004000000000000004e-01 2.798899999999999864e+02
1.487363689480890989e+09 8.003000000000000114e-01 2.798899999999999864e+02
1.487363689579776049e+09 7.996999999999999664e-01 2.798899999999999864e+02
1.487363689679548979e+09 7.996999999999999664e-01 2.798899999999999864e+02
1.487363689795629978e+09 8.000000000000000444e-01 2.798899999999999864e+02
1.487363689895859957e+09 7.997999999999999554e-01 2.798899999999999864e+02
1.487363689992654085e+09 7.999000000000000554e-01 2.798899999999999864e+02
1.487363690095227003e+09 8.003000000000000114e-01 2.798899999999999864e+02
1.487363690195034027e+09 8.006999999999999673e-01 2.798899999999999864e+02
1.487363690294661045e+09 8.004999999999999893e-01 2.798899999999999864e+02
1.487363690394515038e+09 8.001000000000000334e-01 2.798799999999999955e+02
1.487363690492428064e+09 7.999000000000000554e-01 2.798799999999999955e+02
1.487363690594114065e+09 8.011000000000000343e-01 2.798799999999999955e+02
1.487363690708606958e+09 7.996999999999999664e-01 2.798799999999999955e+02
1.487363690807796001e+09 8.010000000000000453e-01 2.798799999999999955e+02
1.487363690902755022e+09 7.999000000000000554e-01 2.798799999999999955e+02
1.487363691006513119e+09 8.001000000000000334e-01 2.798799999999999955e+02
1.487363691104680061e+09 8.002000000000000224e-01 2.798799999999999955e+02
1.487363691204317093e+09 8.000000000000000444e-01 2.798799999999999955e+02
1.487363691305727959e+09 7.995999999999999774e-01 2.798799999999999955e+02
1.487363691405813932e+09 7.993000000000000105e-01 2.798799999999999955e+02
1.487363691519526005e+09 8.001000000000000334e-01 2.798799999999999955e+02
1.487363691618123055e+09 8.002000000000000224e-01 2.798799999999999955e+02
1.487363691718507051e+09 7.997999999999999554e-01 2.798799999999999955e+02
1.487363691817450047e+09 8.005999999999999783e-01 2.798799999999999955e+02
1.487363691917382002e+09 8.006999999999999673e-01 2.798799999999999955e+02
1.487363692017621994e+09 7.997999999999999554e-01 2.798799999999999955e+02
1.487363692116432905e+09 7.999000000000000554e-01 2.798700000000000045e+02
1.487363692211276054e+09 7.993999999999999995e-01 2.798700000000000045e+02
1.487363692330364943e+09 7.994999999999999885e-01 2.798700000000000045e+02
1.487363692425544977e+09 7.995999999999999774e-01 2.798700000000000045e+02
1.487363692529345989e+09 8.006999999999999673e-01 2.798700000000000045e+02
1.487363692628427029e+09 8.005999999999999783e-01 2.798700000000000045e+02
1.487363692728472948e+09 8.002000000000000224e-01 2.798700000000000045e+02
1.487363692828346014e+09 8.005999999999999783e-01 2.798700000000000045e+02
1.487363692927495003e+09 8.002000000000000224e-01 2.798700000000000045e+02
1.487363693027409077e+09 8.004000000000000004e-01 2.798700000000000045e+02
1.487363693126427889e+09 8.004000000000000004e-01 2.798700000000000045e+02
1.487363693237755060e+09 8.000000000000000444e-01 2.798700000000000045e+02
1.487363693337543011e+09 8.001000000000000334e-01 2.798700000000000045e+02
1.487363693437299967e+09 8.003000000000000114e-01 2.798700000000000045e+02
1.487363693536892891e+09 7.999000000000000554e-01 2.798600000000000136e+02
1.487363693636742115e+09 8.002000000000000224e-01 2.798600000000000136e+02
1.487363693736500978e+09 8.003000000000000114e-01 2.798600000000000136e+02
1.487363693836266994e+09 8.002000000000000224e-01 2.798600000000000136e+02
1.487363693932801962e+09 8.004000000000000004e-01 2.798600000000000136e+02
1.487363694051604033e+09 8.003000000000000114e-01 2.798600000000000136e+02
1.487363694147130966e+09 7.991000000000000325e-01 2.798600000000000136e+02
1.487363694246939898e+09 8.007999999999999563e-01 2.798600000000000136e+02
1.487363694350363016e+09 7.999000000000000554e-01 2.798600000000000136e+02
1.487363694450413942e+09 7.994999999999999885e-01 2.798600000000000136e+02
1.487363694549310923e+09 7.999000000000000554e-01 2.798500000000000227e+02
1.487363694649336100e+09 8.004000000000000004e-01 2.798500000000000227e+02
1.487363694749322891e+09 7.999000000000000554e-01 2.798500000000000227e+02
1.487363694863145113e+09 8.005999999999999783e-01 2.798500000000000227e+02
1.487363694962224007e+09 7.997999999999999554e-01 2.798500000000000227e+02
1.487363695062383890e+09 8.004000000000000004e-01 2.798500000000000227e+02
1.487363695161190033e+09 8.006999999999999673e-01 2.798500000000000227e+02
1.487363695261375904e+09 7.996999999999999664e-01 2.798500000000000227e+02
1.487363695360261917e+09 7.996999999999999664e-01 2.798500000000000227e+02
1.487363695460088968e+09 8.010000000000000453e-01 2.798500000000000227e+02
1.487363695559123039e+09 8.004000000000000004e-01 2.798500000000000227e+02
1.487363695674149036e+09 8.000000000000000444e-01 2.798399999999999750e+02
1.487363695773142099e+09 8.003000000000000114e-01 2.798399999999999750e+02
1.487363695873061895e+09 7.997999999999999554e-01 2.798399999999999750e+02
1.487363695968679905e+09 8.005999999999999783e-01 2.798399999999999750e+02
1.487363696072103977e+09 7.997999999999999554e-01 2.798399999999999750e+02
1.487363696166146994e+09 7.995999999999999774e-01 2.798399999999999750e+02
1.487363696271209955e+09 8.002000000000000224e-01 2.798399999999999750e+02
1.487363696367810965e+09 8.002000000000000224e-01 2.798399999999999750e+02
1.487363696480159044e+09 8.008999999999999453e-01 2.798399999999999750e+02
1.487363696579710007e+09 8.007999999999999563e-01 2.798399999999999750e+02
1.487363696679454088e+09 8.005999999999999783e-01 2.798399999999999750e+02
1.487363696779279947e+09 8.003000000000000114e-01 2.798399999999999750e+02
1.487363696879024982e+09 7.999000000000000554e-01 2.798399999999999750e+02
1.487363696981920958e+09 8.007999999999999563e-01 2.798399999999999750e+02
1.487363697078537941e+09 8.004000000000000004e-01 2.798399999999999750e+02
1.487363697178307056e+09 8.003000000000000114e-01 2.798399999999999750e+02
1.487363697294677019e+09 8.002000000000000224e-01 2.798399999999999750e+02
1.487363697394424915e+09 8.003000000000000114e-01 2.798399999999999750e+02
1.487363697491667986e+09 8.007999999999999563e-01 2.798399999999999750e+02
1.487363697591044903e+09 8.002000000000000224e-01 2.798399999999999750e+02
1.487363697693736076e+09 8.004000000000000004e-01 2.798399999999999750e+02
1.487363697792917967e+09 8.000000000000000444e-01 2.798399999999999750e+02
1.487363697892990112e+09 8.004999999999999893e-01 2.798399999999999750e+02
1.487363697992837906e+09 8.004999999999999893e-01 2.798399999999999750e+02
1.487363698106971979e+09 8.004999999999999893e-01 2.798299999999999841e+02
1.487363698205992937e+09 8.006999999999999673e-01 2.798299999999999841e+02
1.487363698302249908e+09 8.004000000000000004e-01 2.798299999999999841e+02
1.487363698404910088e+09 7.995999999999999774e-01 2.798299999999999841e+02
1.487363698505003929e+09 7.995999999999999774e-01 2.798299999999999841e+02
1.487363698603871107e+09 8.003000000000000114e-01 2.798299999999999841e+02
1.487363698703835011e+09 8.001000000000000334e-01 2.798299999999999841e+02
1.487363698817882061e+09 7.996999999999999664e-01 2.798299999999999841e+02
1.487363698913117886e+09 7.997999999999999554e-01 2.798299999999999841e+02
1.487363699012128115e+09 8.008999999999999453e-01 2.798299999999999841e+02
1.487363699112072945e+09 8.001000000000000334e-01 2.798299999999999841e+02
1.487363699215569019e+09 8.005999999999999783e-01 2.798299999999999841e+02
1.487363699311054945e+09 7.999000000000000554e-01 2.798299999999999841e+02
1.487363699410902023e+09 7.997999999999999554e-01 2.798299999999999841e+02
1.487363699514843941e+09 7.994999999999999885e-01 2.798299999999999841e+02
1.487363699627337933e+09 7.993999999999999995e-01 2.798299999999999841e+02
1.487363699724087000e+09 7.999000000000000554e-01 2.798299999999999841e+02
1.487363699827565908e+09 8.001000000000000334e-01 2.798299999999999841e+02
1.487363699927678108e+09 8.004000000000000004e-01 2.798199999999999932e+02
1.487363700026659966e+09 7.996999999999999664e-01 2.798199999999999932e+02
1.487363700126844883e+09 7.999000000000000554e-01 2.798199999999999932e+02
1.487363700221724033e+09 8.004000000000000004e-01 2.798199999999999932e+02
1.487363700320708990e+09 7.992000000000000215e-01 2.798199999999999932e+02
1.487363700439728022e+09 8.002000000000000224e-01 2.798199999999999932e+02
1.487363700536660910e+09 7.997999999999999554e-01 2.798199999999999932e+02
1.487363700635387897e+09 8.002000000000000224e-01 2.798199999999999932e+02
1.487363700736422062e+09 7.993999999999999995e-01 2.798199999999999932e+02
1.487363700836191893e+09 8.003000000000000114e-01 2.798199999999999932e+02
1.487363700935997963e+09 8.003000000000000114e-01 2.798199999999999932e+02
1.487363701035770893e+09 8.004000000000000004e-01 2.798199999999999932e+02
1.487363701135647058e+09 7.994999999999999885e-01 2.798199999999999932e+02
1.487363701235287905e+09 8.002000000000000224e-01 2.798199999999999932e+02
1.487363701350718021e+09 8.002000000000000224e-01 2.798199999999999932e+02
1.487363701449258089e+09 7.996999999999999664e-01 2.798199999999999932e+02
1.487363701545815945e+09 8.001000000000000334e-01 2.798199999999999932e+02
1.487363701646857977e+09 8.004999999999999893e-01 2.798199999999999932e+02
1.487363701743503094e+09 7.996999999999999664e-01 2.798199999999999932e+02
1.487363701847546101e+09 7.994999999999999885e-01 2.798199999999999932e+02
1.487363701947468042e+09 7.997999999999999554e-01 2.798199999999999932e+02
1.487363702047677994e+09 8.007999999999999563e-01 2.798199999999999932e+02
1.487363702161433935e+09 8.001000000000000334e-01 2.798199999999999932e+02
1.487363702260516882e+09 8.007999999999999563e-01 2.798199999999999932e+02
1.487363702357677937e+09 8.001000000000000334e-01 2.798199999999999932e+02
1.487363702460481882e+09 7.999000000000000554e-01 2.798199999999999932e+02
1.487363702559562922e+09 7.994999999999999885e-01 2.798199999999999932e+02
1.487363702655081987e+09 8.004999999999999893e-01 2.798199999999999932e+02
1.487363702758431911e+09 8.004000000000000004e-01 2.798199999999999932e+02
1.487363702858417988e+09 7.997999999999999554e-01 2.798100000000000023e+02
1.487363702972440958e+09 7.995999999999999774e-01 2.798100000000000023e+02
1.487363703067538977e+09 8.001000000000000334e-01 2.798100000000000023e+02
1.487363703171366930e+09 7.999000000000000554e-01 2.798100000000000023e+02
1.487363703271465063e+09 8.000000000000000444e-01 2.798100000000000023e+02
1.487363703370599031e+09 8.006999999999999673e-01 2.798100000000000023e+02
1.487363703470479012e+09 7.994999999999999885e-01 2.798100000000000023e+02
1.487363703569437027e+09 7.995999999999999774e-01 2.798100000000000023e+02
1.487363703669388056e+09 7.999000000000000554e-01 2.798100000000000023e+02
1.487363703779045105e+09 7.999000000000000554e-01 2.798100000000000023e+02
1.487363703878916979e+09 7.992000000000000215e-01 2.798100000000000023e+02
1.487363703978641987e+09 7.999000000000000554e-01 2.798100000000000023e+02
1.487363704078408957e+09 7.999000000000000554e-01 2.798100000000000023e+02
1.487363704178169966e+09 8.002000000000000224e-01 2.798100000000000023e+02
1.487363704277932882e+09 8.001000000000000334e-01 2.798100000000000023e+02
1.487363704377728939e+09 7.992000000000000215e-01 2.798100000000000023e+02
1.487363704477502108e+09 8.003000000000000114e-01 2.798100000000000023e+02
1.487363704593871117e+09 8.005999999999999783e-01 2.798100000000000023e+02
1.487363704693871021e+09 8.007999999999999563e-01 2.798100000000000023e+02
1.487363704793304920e+09 8.012000000000000233e-01 2.798100000000000023e+02
1.487363704893162012e+09 8.002000000000000224e-01 2.798100000000000023e+02
1.487363704992222071e+09 8.004000000000000004e-01 2.798100000000000023e+02
1.487363705088810921e+09 8.004000000000000004e-01 2.798100000000000023e+02
1.487363705191271067e+09 8.006999999999999673e-01 2.798100000000000023e+02
1.487363705288552046e+09 8.005999999999999783e-01 2.798000000000000114e+02
1.487363705405236959e+09 8.002000000000000224e-01 2.798000000000000114e+02
1.487363705504151106e+09 8.003000000000000114e-01 2.798000000000000114e+02
1.487363705604068041e+09 8.004999999999999893e-01 2.798000000000000114e+02
1.487363705704189062e+09 8.004999999999999893e-01 2.798000000000000114e+02
1.487363705803170919e+09 8.004000000000000004e-01 2.798000000000000114e+02
1.487363705903121948e+09 7.996999999999999664e-01 2.798000000000000114e+02
1.487363706002121925e+09 7.997999999999999554e-01 2.798000000000000114e+02
1.487363706097629070e+09 7.992000000000000215e-01 2.798000000000000114e+02
1.487363706216070890e+09 8.003000000000000114e-01 2.798000000000000114e+02
1.487363706312052965e+09 8.005999999999999783e-01 2.798000000000000114e+02
1.487363706414773941e+09 8.001000000000000334e-01 2.798000000000000114e+02
1.487363706514465094e+09 8.004000000000000004e-01 2.798000000000000114e+02
1.487363706610084057e+09 8.007999999999999563e-01 2.798000000000000114e+02
1.487363706714200974e+09 7.996999999999999664e-01 2.798000000000000114e+02
1.487363706814129114e+09 8.005999999999999783e-01 2.798000000000000114e+02
1.487363706912976980e+09 8.010000000000000453e-01 2.798000000000000114e+02
1.487363707027162075e+09 8.003000000000000114e-01 2.798000000000000114e+02
1.487363707127024889e+09 8.004000000000000004e-01 2.798000000000000114e+02
1.487363707226018906e+09 8.002000000000000224e-01 2.798000000000000114e+02
1.487363707326000929e+09 7.999000000000000554e-01 2.798000000000000114e+02
1.487363707420365095e+09 8.007999999999999563e-01 2.798000000000000114e+02
1.487363707520143032e+09 8.001000000000000334e-01 2.798000000000000114e+02
1.487363707625027895e+09 8.001000000000000334e-01 2.798000000000000114e+02
1.487363707719664097e+09 8.003000000000000114e-01 2.798000000000000114e+02
1.487363707819426060e+09 8.006999999999999673e-01 2.798000000000000114e+02
1.487363707935870886e+09 8.006999999999999673e-01 2.798000000000000114e+02
1.487363708035597086e+09 7.993000000000000105e-01 2.798000000000000114e+02
1.487363708135391951e+09 8.008999999999999453e-01 2.798000000000000114e+02
1.487363708235126019e+09 7.996999999999999664e-01 2.798000000000000114e+02
1.487363708334894896e+09 8.008999999999999453e-01 2.798000000000000114e+02
1.487363708434657097e+09 8.007999999999999563e-01 2.798000000000000114e+02
1.487363708534416914e+09 7.997999999999999554e-01 2.798000000000000114e+02
1.487363708647099972e+09 8.002000000000000224e-01 2.798000000000000114e+02
1.487363708749020100e+09 8.003000000000000114e-01 2.798000000000000114e+02
1.487363708848031044e+09 8.008999999999999453e-01 2.798000000000000114e+02
1.487363708947900057e+09 8.005999999999999783e-01 2.798000000000000114e+02
1.487363709046838999e+09 7.999000000000000554e-01 2.798000000000000114e+02
1.487363709146219015e+09 8.003000000000000114e-01 2.798000000000000114e+02
1.487363709246831894e+09 7.993999999999999995e-01 2.798000000000000114e+02
1.487363709344837904e+09 8.000000000000000444e-01 2.798000000000000114e+02
1.487363709445616961e+09 8.001000000000000334e-01 2.797900000000000205e+02
1.487363709558434963e+09 8.007999999999999563e-01 2.798000000000000114e+02
1.487363709653866053e+09 8.000000000000000444e-01 2.797900000000000205e+02
1.487363709753958941e+09 8.006999999999999673e-01 2.797900000000000205e+02
1.487363709854274988e+09 8.008999999999999453e-01 2.797900000000000205e+02
1.487363709957835913e+09 8.000000000000000444e-01 2.797900000000000205e+02
1.487363710053831100e+09 8.005999999999999783e-01 2.797900000000000205e+02
1.487363710155920029e+09 8.004999999999999893e-01 2.797900000000000205e+02
1.487363710252999067e+09 8.002000000000000224e-01 2.797900000000000205e+02
1.487363710354804039e+09 8.014000000000000012e-01 2.797900000000000205e+02
1.487363710466130018e+09 7.996999999999999664e-01 2.797900000000000205e+02
1.487363710569685936e+09 8.004000000000000004e-01 2.797900000000000205e+02
1.487363710667248011e+09 7.993000000000000105e-01 2.797900000000000205e+02
1.487363710768855095e+09 8.001000000000000334e-01 2.797900000000000205e+02
1.487363710868769884e+09 8.000000000000000444e-01 2.797900000000000205e+02
1.487363710967684031e+09 8.006999999999999673e-01 2.797900000000000205e+02
1.487363711067624092e+09 7.997999999999999554e-01 2.797900000000000205e+02
1.487363711166583061e+09 8.011000000000000343e-01 2.797900000000000205e+02
1.487363711277908087e+09 8.003000000000000114e-01 2.797900000000000205e+02
1.487363711375250101e+09 8.003000000000000114e-01 2.797900000000000205e+02
1.487363711477345943e+09 8.004999999999999893e-01 2.797900000000000205e+02
1.487363711576086044e+09 8.003000000000000114e-01 2.797900000000000205e+02
1.487363711676850080e+09 7.997999999999999554e-01 2.797900000000000205e+02
1.487363711778506994e+09 7.995999999999999774e-01 2.797900000000000205e+02
1.487363711876379013e+09 8.002000000000000224e-01 2.797900000000000205e+02
1.487363711973866940e+09 7.995999999999999774e-01 2.797900000000000205e+02
1.487363712091698885e+09 8.002000000000000224e-01 2.797900000000000205e+02
1.487363712191688061e+09 8.002000000000000224e-01 2.797900000000000205e+02
1.487363712290493011e+09 8.002000000000000224e-01 2.797900000000000205e+02
1.487363712390434980e+09 8.008999999999999453e-01 2.797900000000000205e+02
1.487363712485585928e+09 8.001000000000000334e-01 2.797900000000000205e+02
1.487363712587263107e+09 8.003000000000000114e-01 2.797900000000000205e+02
1.487363712689522028e+09 8.000000000000000444e-01 2.797900000000000205e+02
1.487363712789475918e+09 8.004999999999999893e-01 2.797900000000000205e+02
1.487363712902590036e+09 7.999000000000000554e-01 2.797900000000000205e+02
1.487363713002531052e+09 8.008999999999999453e-01 2.797900000000000205e+02
1.487363713097472906e+09 8.001000000000000334e-01 2.797900000000000205e+02
1.487363713201471090e+09 8.005999999999999783e-01 2.797900000000000205e+02
1.487363713301515102e+09 8.005999999999999783e-01 2.797799999999999727e+02
1.487363713400345087e+09 7.995999999999999774e-01 2.797900000000000205e+02
1.487363713500333071e+09 8.005999999999999783e-01 2.797900000000000205e+02
1.487363713600415945e+09 8.002000000000000224e-01 2.797900000000000205e+02
1.487363713708234072e+09 8.005999999999999783e-01 2.797799999999999727e+02
1.487363713813335896e+09 8.003000000000000114e-01 2.797900000000000205e+02
1.487363713913294077e+09 8.004000000000000004e-01 2.797900000000000205e+02
1.487363714012273073e+09 8.004999999999999893e-01 2.797900000000000205e+02
1.487363714112400055e+09 8.008999999999999453e-01 2.797799999999999727e+02
1.487363714211585045e+09 8.005999999999999783e-01 2.797799999999999727e+02
1.487363714311148882e+09 8.003000000000000114e-01 2.797799999999999727e+02
1.487363714411377907e+09 7.996999999999999664e-01 2.797799999999999727e+02
1.487363714525233984e+09 7.999000000000000554e-01 2.797799999999999727e+02
1.487363714619834900e+09 8.004999999999999893e-01 2.797799999999999727e+02
1.487363714719595909e+09 8.002000000000000224e-01 2.797799999999999727e+02
1.487363714819380999e+09 7.994999999999999885e-01 2.797799999999999727e+02
1.487363714919137001e+09 7.995999999999999774e-01 2.797799999999999727e+02
1.487363715018904924e+09 8.006999999999999673e-01 2.797799999999999727e+02
1.487363715118051052e+09 8.014999999999999902e-01 2.797799999999999727e+02
1.487363715218436003e+09 8.014999999999999902e-01 2.797799999999999727e+02
1.487363715332433939e+09 8.003000000000000114e-01 2.797799999999999727e+02
1.487363715434508085e+09 8.002000000000000224e-01 2.797799999999999727e+02
1.487363715534285069e+09 7.996999999999999664e-01 2.797799999999999727e+02
1.487363715634033918e+09 8.004999999999999893e-01 2.797799999999999727e+02
1.487363715733800888e+09 8.002000000000000224e-01 2.797799999999999727e+02
1.487363715833136082e+09 8.002000000000000224e-01 2.797799999999999727e+02
1.487363715933135986e+09 8.010000000000000453e-01 2.797799999999999727e+02
1.487363716033101082e+09 8.000000000000000444e-01 2.797799999999999727e+02
1.487363716132180929e+09 7.995999999999999774e-01 2.797799999999999727e+02
1.487363716246141911e+09 8.007999999999999563e-01 2.797799999999999727e+02
1.487363716346121073e+09 8.001000000000000334e-01 2.797799999999999727e+02
1.487363716445095062e+09 8.001000000000000334e-01 2.797799999999999727e+02
1.487363716545116901e+09 8.003000000000000114e-01 2.797799999999999727e+02
1.487363716644095898e+09 8.000000000000000444e-01 2.797799999999999727e+02
1.487363716744194031e+09 8.003000000000000114e-01 2.797699999999999818e+02
1.487363716844099045e+09 8.004000000000000004e-01 2.797699999999999818e+02
1.487363716943120956e+09 8.007999999999999563e-01 2.797699999999999818e+02
1.487363717057013988e+09 8.004999999999999893e-01 2.797699999999999818e+02
1.487363717157064915e+09 8.007999999999999563e-01 2.797699999999999818e+02
1.487363717255870104e+09 8.002000000000000224e-01 2.797699999999999818e+02
1.487363717356056929e+09 8.002000000000000224e-01 2.797699999999999818e+02
1.487363717455025911e+09 8.007999999999999563e-01 2.797699999999999818e+02
1.487363717554800034e+09 8.001000000000000334e-01 2.797699999999999818e+02
1.487363717655004978e+09 7.999000000000000554e-01 2.797699999999999818e+02
1.487363717767944098e+09 7.995999999999999774e-01 2.797699999999999818e+02
1.487363717865732908e+09 8.006999999999999673e-01 2.797699999999999818e+02
1.487363717967870951e+09 8.004000000000000004e-01 2.797699999999999818e+02
1.487363718066890955e+09 8.007999999999999563e-01 2.797699999999999818e+02
1.487363718167013884e+09 8.006999999999999673e-01 2.797699999999999818e+02
1.487363718266850948e+09 8.004999999999999893e-01 2.797699999999999818e+02
1.487363718365901947e+09 8.002000000000000224e-01 2.797699999999999818e+02
1.487363718466034889e+09 8.003000000000000114e-01 2.797699999999999818e+02
1.487363718560405970e+09 8.003000000000000114e-01 2.797699999999999818e+02
1.487363718676790953e+09 7.997999999999999554e-01 2.797699999999999818e+02
1.487363718776592016e+09 7.997999999999999554e-01 2.797699999999999818e+02
1.487363718876209974e+09 7.997999999999999554e-01 2.797699999999999818e+02
1.487363718976080894e+09 7.997999999999999554e-01 2.797699999999999818e+02
1.487363719075848103e+09 8.004999999999999893e-01 2.797699999999999818e+02
1.487363719175611019e+09 8.004999999999999893e-01 2.797699999999999818e+02
1.487363719275369883e+09 8.006999999999999673e-01 2.797699999999999818e+02
1.487363719374852896e+09 8.008999999999999453e-01 2.797699999999999818e+02
1.487363719484962940e+09 8.004999999999999893e-01 2.797699999999999818e+02
1.487363719589812994e+09 7.999000000000000554e-01 2.797699999999999818e+02
1.487363719689958096e+09 8.005999999999999783e-01 2.797699999999999818e+02
1.487363719788744926e+09 8.004999999999999893e-01 2.797699999999999818e+02
1.487363719888808012e+09 8.002000000000000224e-01 2.797699999999999818e+02
1.487363719987734079e+09 8.004000000000000004e-01 2.797699999999999818e+02
1.487363720082765102e+09 8.004000000000000004e-01 2.797699999999999818e+02
1.487363720185014963e+09 8.004000000000000004e-01 2.797699999999999818e+02
1.487363720300779104e+09 8.004000000000000004e-01 2.797699999999999818e+02
1.487363720398770094e+09 8.007999999999999563e-01 2.797699999999999818e+02
1.487363720497834921e+09 8.011000000000000343e-01 2.797699999999999818e+02
1.487363720599215984e+09 8.004000000000000004e-01 2.797699999999999818e+02
1.487363720699745893e+09 8.005999999999999783e-01 2.797699999999999818e+02
1.487363720798682928e+09 7.999000000000000554e-01 2.797699999999999818e+02
1.487363720898592949e+09 7.997999999999999554e-01 2.797599999999999909e+02
1.487363721007582903e+09 8.000000000000000444e-01 2.797699999999999818e+02
1.487363721108057022e+09 8.002000000000000224e-01 2.797599999999999909e+02
1.487363721209044933e+09 8.001000000000000334e-01 2.797599999999999909e+02
1.487363721309168100e+09 8.002000000000000224e-01 2.797599999999999909e+02
1.487363721407109976e+09 8.000000000000000444e-01 2.797599999999999909e+02
1.487363721510575056e+09 8.004999999999999893e-01 2.797599999999999909e+02
1.487363721609400034e+09 7.996999999999999664e-01 2.797599999999999909e+02
1.487363721709583998e+09 8.005999999999999783e-01 2.797599999999999909e+02
1.487363721819381952e+09 8.006999999999999673e-01 2.797599999999999909e+02
1.487363721918996096e+09 8.007999999999999563e-01 2.797599999999999909e+02
1.487363722018758059e+09 7.993000000000000105e-01 2.797599999999999909e+02
1.487363722118047953e+09 8.004000000000000004e-01 2.797599999999999909e+02
1.487363722218831062e+09 8.002000000000000224e-01 2.797599999999999909e+02
1.487363722317552090e+09 7.997999999999999554e-01 2.797599999999999909e+02
1.487363722417819023e+09 8.005999999999999783e-01 2.797599999999999909e+02
1.487363722517473936e+09 8.004999999999999893e-01 2.797599999999999909e+02
1.487363722633965969e+09 7.997999999999999554e-01 2.797599999999999909e+02
1.487363722733505964e+09 8.010000000000000453e-01 2.797599999999999909e+02
1.487363722832504034e+09 8.004999999999999893e-01 2.797599999999999909e+02
1.487363722933289051e+09 8.003000000000000114e-01 2.797599999999999909e+02
1.487363723032573938e+09 8.006999999999999673e-01 2.797599999999999909e+02
1.487363723132675886e+09 8.004999999999999893e-01 2.797599999999999909e+02
1.487363723227202892e+09 8.003000000000000114e-01 2.797599999999999909e+02
1.487363723331515074e+09 8.000000000000000444e-01 2.797599999999999909e+02
1.487363723430221081e+09 8.011000000000000343e-01 2.797599999999999909e+02
1.487363723544450045e+09 7.995999999999999774e-01 2.797599999999999909e+02
1.487363723644402027e+09 8.007999999999999563e-01 2.797599999999999909e+02
1.487363723744462967e+09 8.006999999999999673e-01 2.797599999999999909e+02
1.487363723843274117e+09 8.003000000000000114e-01 2.797599999999999909e+02
1.487363723943033934e+09 8.004000000000000004e-01 2.797599999999999909e+02
1.487363724041382074e+09 7.997999999999999554e-01 2.797599999999999909e+02
1.487363724141155958e+09 8.002000000000000224e-01 2.797599999999999909e+02
1.487363724241283894e+09 7.997999999999999554e-01 2.797599999999999909e+02
1.487363724355393887e+09 8.002000000000000224e-01 2.797599999999999909e+02
1.487363724451689005e+09 8.006999999999999673e-01 2.797599999999999909e+02
1.487363724555397987e+09 8.004000000000000004e-01 2.797599999999999909e+02
1.487363724649071932e+09 8.002000000000000224e-01 2.797599999999999909e+02
1.487363724754395962e+09 7.994999999999999885e-01 2.797599999999999909e+02
1.487363724853063107e+09 8.008999999999999453e-01 2.797500000000000000e+02
1.487363724949918032e+09 8.002000000000000224e-01 2.797500000000000000e+02
1.487363725053317070e+09 8.003000000000000114e-01 2.797500000000000000e+02
1.487363725167404890e+09 8.012000000000000233e-01 2.797500000000000000e+02
1.487363725266309977e+09 8.003000000000000114e-01 2.797500000000000000e+02
1.487363725365283012e+09 7.996999999999999664e-01 2.797500000000000000e+02
1.487363725460504055e+09 8.000000000000000444e-01 2.797500000000000000e+02
1.487363725560256958e+09 8.000000000000000444e-01 2.797500000000000000e+02
1.487363725661459923e+09 8.004000000000000004e-01 2.797500000000000000e+02
1.487363725762485027e+09 8.007999999999999563e-01 2.797599999999999909e+02
1.487363725859565020e+09 8.014000000000000012e-01 2.797500000000000000e+02
1.487363725973258972e+09 7.999000000000000554e-01 2.797500000000000000e+02
1.487363726075717926e+09 8.005999999999999783e-01 2.797500000000000000e+02
1.487363726175476074e+09 8.004000000000000004e-01 2.797500000000000000e+02
1.487363726275355101e+09 7.993999999999999995e-01 2.797500000000000000e+02
1.487363726375015974e+09 8.001000000000000334e-01 2.797500000000000000e+02
1.487363726474766970e+09 7.997999999999999554e-01 2.797500000000000000e+02
1.487363726574539900e+09 8.006999999999999673e-01 2.797500000000000000e+02
1.487363726674292088e+09 8.005999999999999783e-01 2.797500000000000000e+02
1.487363726789180040e+09 8.002000000000000224e-01 2.797500000000000000e+02
1.487363726888078928e+09 8.007999999999999563e-01 2.797500000000000000e+02
1.487363726988130093e+09 8.013000000000000123e-01 2.797500000000000000e+02
1.487363727087069035e+09 8.003000000000000114e-01 2.797500000000000000e+02
1.487363727187078953e+09 8.000000000000000444e-01 2.797500000000000000e+02
1.487363727287081003e+09 8.011000000000000343e-01 2.797500000000000000e+02
1.487363727386003971e+09 8.004999999999999893e-01 2.797500000000000000e+02
1.487363727486058950e+09 8.001000000000000334e-01 2.797500000000000000e+02
1.487363727599960089e+09 8.001000000000000334e-01 2.797500000000000000e+02
1.487363727698960066e+09 8.007999999999999563e-01 2.797500000000000000e+02
1.487363727796536922e+09 8.006999999999999673e-01 2.797500000000000000e+02
1.487363727898071051e+09 8.000000000000000444e-01 2.797500000000000000e+02
1.487363727998136044e+09 8.001000000000000334e-01 2.797500000000000000e+02
1.487363728096775055e+09 8.004000000000000004e-01 2.797500000000000000e+02
1.487363728196938992e+09 8.006999999999999673e-01 2.797500000000000000e+02
1.487363728296987057e+09 8.005999999999999783e-01 2.797500000000000000e+02
1.487363728410938025e+09 8.003000000000000114e-01 2.797500000000000000e+02
1.487363728510029078e+09 8.000000000000000444e-01 2.797500000000000000e+02
1.487363728609918118e+09 8.004000000000000004e-01 2.797500000000000000e+02
1.487363728708923101e+09 8.003000000000000114e-01 2.797500000000000000e+02
1.487363728808988094e+09 8.005999999999999783e-01 2.797500000000000000e+02
1.487363728908864021e+09 8.004999999999999893e-01 2.797500000000000000e+02
1.487363729007896900e+09 8.001000000000000334e-01 2.797500000000000000e+02
1.487363729105602026e+09 8.001000000000000334e-01 2.797500000000000000e+02
1.487363729218228102e+09 8.004000000000000004e-01 2.797500000000000000e+02
1.487363729317986965e+09 7.994999999999999885e-01 2.797500000000000000e+02
1.487363729417709112e+09 8.004999999999999893e-01 2.797500000000000000e+02
1.487363729517442942e+09 8.000000000000000444e-01 2.797500000000000000e+02
1.487363729617181063e+09 8.001000000000000334e-01 2.797500000000000000e+02
1.487363729716970921e+09 8.000000000000000444e-01 2.797500000000000000e+02
1.487363729816699028e+09 7.996999999999999664e-01 2.797500000000000000e+02
1.487363729916491032e+09 8.004000000000000004e-01 2.797500000000000000e+02
1.487363730015424013e+09 8.004999999999999893e-01 2.797500000000000000e+02
1.487363730131894112e+09 8.006999999999999673e-01 2.797500000000000000e+02
1.487363730231734991e+09 8.007999999999999563e-01 2.797500000000000000e+02
1.487363730329155922e+09 8.002000000000000224e-01 2.797500000000000000e+02
1.487363730428334951e+09 8.001000000000000334e-01 2.797500000000000000e+02
1.487363730530868053e+09 7.997999999999999554e-01 2.797500000000000000e+02
1.487363730629718065e+09 8.008999999999999453e-01 2.797500000000000000e+02
1.487363730729773045e+09 8.005999999999999783e-01 2.797500000000000000e+02
1.487363730843687057e+09 8.007999999999999563e-01 2.797500000000000000e+02
1.487363730942645073e+09 8.004000000000000004e-01 2.797500000000000000e+02
1.487363731042736053e+09 8.004999999999999893e-01 2.797500000000000000e+02
1.487363731138782978e+09 7.999000000000000554e-01 2.797500000000000000e+02
1.487363731241636038e+09 8.006999999999999673e-01 2.797500000000000000e+02
1.487363731339302063e+09 8.007999999999999563e-01 2.797500000000000000e+02
1.487363731440646887e+09 8.006999999999999673e-01 2.797500000000000000e+02
1.487363731540728092e+09 8.007999999999999563e-01 2.797500000000000000e+02
1.487363731640672922e+09 8.003000000000000114e-01 2.797500000000000000e+02
1.487363731753417969e+09 7.994999999999999885e-01 2.797500000000000000e+02
1.487363731853545904e+09 8.002000000000000224e-01 2.797400000000000091e+02
1.487363731949018955e+09 8.003000000000000114e-01 2.797400000000000091e+02
1.487363732052577972e+09 8.006999999999999673e-01 2.797500000000000000e+02
1.487363732149076939e+09 8.001000000000000334e-01 2.797500000000000000e+02
1.487363732251332045e+09 8.007999999999999563e-01 2.797500000000000000e+02
1.487363732348771095e+09 8.003000000000000114e-01 2.797500000000000000e+02
1.487363732450675011e+09 7.996999999999999664e-01 2.797400000000000091e+02
1.487363732550589085e+09 8.004000000000000004e-01 2.797500000000000000e+02
1.487363732662996054e+09 8.000000000000000444e-01 2.797500000000000000e+02
1.487363732759733915e+09 8.001000000000000334e-01 2.797400000000000091e+02
1.487363732862194061e+09 8.002000000000000224e-01 2.797400000000000091e+02
1.487363732959155083e+09 8.000000000000000444e-01 2.797400000000000091e+02
1.487363733060277939e+09 8.005999999999999783e-01 2.797400000000000091e+02
1.487363733158893108e+09 8.002000000000000224e-01 2.797400000000000091e+02
1.487363733258441925e+09 8.005999999999999783e-01 2.797400000000000091e+02
1.487363733358228922e+09 7.995999999999999774e-01 2.797400000000000091e+02
1.487363733474636078e+09 8.001000000000000334e-01 2.797400000000000091e+02
1.487363733574376106e+09 7.999000000000000554e-01 2.797400000000000091e+02
1.487363733674161911e+09 8.006999999999999673e-01 2.797400000000000091e+02
1.487363733773921013e+09 8.003000000000000114e-01 2.797400000000000091e+02
1.487363733872683048e+09 8.004000000000000004e-01 2.797400000000000091e+02
1.487363733973567009e+09 8.002000000000000224e-01 2.797400000000000091e+02
1.487363734073220015e+09 7.995999999999999774e-01 2.797400000000000091e+02
1.487363734168410063e+09 8.004000000000000004e-01 2.797400000000000091e+02
1.487363734286401033e+09 8.002000000000000224e-01 2.797400000000000091e+02
1.487363734386337996e+09 8.004000000000000004e-01 2.797400000000000091e+02
1.487363734485991001e+09 8.006999999999999673e-01 2.797400000000000091e+02
1.487363734584254980e+09 8.006999999999999673e-01 2.797400000000000091e+02
1.487363734684297085e+09 8.004999999999999893e-01 2.797400000000000091e+02
1.487363734784343958e+09 8.005999999999999783e-01 2.797400000000000091e+02
1.487363734884222984e+09 8.003000000000000114e-01 2.797400000000000091e+02
1.487363734982980013e+09 8.005999999999999783e-01 2.797400000000000091e+02
1.487363735096548080e+09 7.995999999999999774e-01 2.797400000000000091e+02
1.487363735197418928e+09 8.002000000000000224e-01 2.797400000000000091e+02
1.487363735296288013e+09 8.002000000000000224e-01 2.797400000000000091e+02
1.487363735396084070e+09 8.006999999999999673e-01 2.797400000000000091e+02
1.487363735492124081e+09 8.003000000000000114e-01 2.797400000000000091e+02
1.487363735594523907e+09 7.993999999999999995e-01 2.797300000000000182e+02
1.487363735695380926e+09 8.001000000000000334e-01 2.797300000000000182e+02
1.487363735794146061e+09 8.008999999999999453e-01 2.797300000000000182e+02
1.487363735908149004e+09 8.003000000000000114e-01 2.797300000000000182e+02
1.487363736007982016e+09 8.005999999999999783e-01 2.797300000000000182e+02
1.487363736106271982e+09 8.004999999999999893e-01 2.797300000000000182e+02
1.487363736207068920e+09 8.006999999999999673e-01 2.797300000000000182e+02
1.487363736307389975e+09 8.004000000000000004e-01 2.797300000000000182e+02
1.487363736406116962e+09 8.003000000000000114e-01 2.797300000000000182e+02
1.487363736506254911e+09 8.006999999999999673e-01 2.797300000000000182e+02
1.487363736600399971e+09 8.001000000000000334e-01 2.797300000000000182e+02
1.487363736714473963e+09 7.994999999999999885e-01 2.797300000000000182e+02
1.487363736815323114e+09 8.007999999999999563e-01 2.797300000000000182e+02
1.487363736913882971e+09 8.011000000000000343e-01 2.797300000000000182e+02
1.487363737012636900e+09 7.999000000000000554e-01 2.797300000000000182e+02
1.487363737112828970e+09 7.995999999999999774e-01 2.797300000000000182e+02
1.487363737215334892e+09 7.999000000000000554e-01 2.797300000000000182e+02
1.487363737315495968e+09 8.004999999999999893e-01 2.797300000000000182e+02
1.487363737415450096e+09 8.004999999999999893e-01 2.797300000000000182e+02
1.487363737524481058e+09 8.004999999999999893e-01 2.797300000000000182e+02
1.487363737624650002e+09 8.004999999999999893e-01 2.797300000000000182e+02
1.487363737724937916e+09 7.997999999999999554e-01 2.797300000000000182e+02
1.487363737824353933e+09 8.005999999999999783e-01 2.797300000000000182e+02
1.487363737924094915e+09 8.010000000000000453e-01 2.797300000000000182e+02
1.487363738026235104e+09 8.010000000000000453e-01 2.797300000000000182e+02
1.487363738125174999e+09 8.001000000000000334e-01 2.797300000000000182e+02
1.487363738226928949e+09 8.008999999999999453e-01 2.797300000000000182e+02
1.487363738327152967e+09 8.011000000000000343e-01 2.797300000000000182e+02
1.487363738437670946e+09 8.002000000000000224e-01 2.797300000000000182e+02
1.487363738540080070e+09 8.003000000000000114e-01 2.797300000000000182e+02
1.487363738639857054e+09 8.004000000000000004e-01 2.797300000000000182e+02
1.487363738736217022e+09 8.004000000000000004e-01 2.797300000000000182e+02
1.487363738838886976e+09 7.993999999999999995e-01 2.797300000000000182e+02
1.487363738938946009e+09 8.003000000000000114e-01 2.797200000000000273e+02
1.487363739038897038e+09 8.007999999999999563e-01 2.797200000000000273e+02
1.487363739138016939e+09 8.005999999999999783e-01 2.797200000000000273e+02
1.487363739251897097e+09 8.007999999999999563e-01 2.797200000000000273e+02
1.487363739348061085e+09 8.001000000000000334e-01 2.797200000000000273e+02
1.487363739450930119e+09 8.004000000000000004e-01 2.797200000000000273e+02
1.487363739550810099e+09 8.001000000000000334e-01 2.797200000000000273e+02
1.487363739648514032e+09 8.012000000000000233e-01 2.797200000000000273e+02
1.487363739749809980e+09 8.004999999999999893e-01 2.797200000000000273e+02
1.487363739848774910e+09 8.002000000000000224e-01 2.797200000000000273e+02
1.487363739948784113e+09 8.013000000000000123e-01 2.797200000000000273e+02
1.487363740045284033e+09 8.007999999999999563e-01 2.797200000000000273e+02
1.487363740145153046e+09 7.995999999999999774e-01 2.797200000000000273e+02
1.487363740258408070e+09 8.003000000000000114e-01 2.797200000000000273e+02
1.487363740358197927e+09 7.996999999999999664e-01 2.797200000000000273e+02
1.487363740457945108e+09 8.004999999999999893e-01 2.797200000000000273e+02
1.487363740557704926e+09 8.007999999999999563e-01 2.797200000000000273e+02
1.487363740657473087e+09 8.004000000000000004e-01 2.797200000000000273e+02
1.487363740757241964e+09 7.991000000000000325e-01 2.797200000000000273e+02
1.487363740856996059e+09 8.006999999999999673e-01 2.797200000000000273e+02
1.487363740956772089e+09 8.005999999999999783e-01 2.797200000000000273e+02
1.487363741056525946e+09 8.000000000000000444e-01 2.797200000000000273e+02
1.487363741172894001e+09 8.004000000000000004e-01 2.797200000000000273e+02
1.487363741271864891e+09 8.004999999999999893e-01 2.797200000000000273e+02
1.487363741370157957e+09 7.996999999999999664e-01 2.797200000000000273e+02
1.487363741471632957e+09 7.995999999999999774e-01 2.797200000000000273e+02
1.487363741570718050e+09 8.003000000000000114e-01 2.797200000000000273e+02
1.487363741670636892e+09 8.005999999999999783e-01 2.797200000000000273e+02
1.487363741769740105e+09 8.005999999999999783e-01 2.797200000000000273e+02
1.487363741864888906e+09 8.003000000000000114e-01 2.797200000000000273e+02
1.487363741983623981e+09 8.004999999999999893e-01 2.797200000000000273e+02
1.487363742083795071e+09 7.999000000000000554e-01 2.797200000000000273e+02
1.487363742182723045e+09 8.007999999999999563e-01 2.797099999999999795e+02
1.487363742281040907e+09 8.003000000000000114e-01 2.797099999999999795e+02
1.487363742381555080e+09 8.001000000000000334e-01 2.797099999999999795e+02
1.487363742481653929e+09 7.997999999999999554e-01 2.797200000000000273e+02
1.487363742578619003e+09 8.002000000000000224e-01 2.797200000000000273e+02
1.487363742680511951e+09 8.001000000000000334e-01 2.797099999999999795e+02
1.487363742794671059e+09 8.002000000000000224e-01 2.797099999999999795e+02
1.487363742890923977e+09 8.004000000000000004e-01 2.797099999999999795e+02
1.487363742993535042e+09 8.003000000000000114e-01 2.797099999999999795e+02
1.487363743093636990e+09 8.007999999999999563e-01 2.797099999999999795e+02
1.487363743192495108e+09 8.010000000000000453e-01 2.797099999999999795e+02
1.487363743292478085e+09 7.994999999999999885e-01 2.797099999999999795e+02
1.487363743386626959e+09 7.993000000000000105e-01 2.797099999999999795e+02
1.487363743491481066e+09 8.004000000000000004e-01 2.797099999999999795e+02
1.487363743605392933e+09 8.000000000000000444e-01 2.797099999999999795e+02
1.487363743704291105e+09 8.007999999999999563e-01 2.797099999999999795e+02
1.487363743799804926e+09 8.006999999999999673e-01 2.797099999999999795e+02
1.487363743899724007e+09 8.004000000000000004e-01 2.797099999999999795e+02
1.487363743999428034e+09 8.006999999999999673e-01 2.797099999999999795e+02
1.487363744099086046e+09 7.992000000000000215e-01 2.797099999999999795e+02
1.487363744197856903e+09 8.000000000000000444e-01 2.797099999999999795e+02
1.487363744298728943e+09 8.003000000000000114e-01 2.797099999999999795e+02
1.487363744415116072e+09 8.004999999999999893e-01 2.797099999999999795e+02
1.487363744514792919e+09 8.008999999999999453e-01 2.797099999999999795e+02
1.487363744614646912e+09 7.999000000000000554e-01 2.797099999999999795e+02
1.487363744714410067e+09 8.004000000000000004e-01 2.797099999999999795e+02
1.487363744809683084e+09 8.003000000000000114e-01 2.797099999999999795e+02
1.487363744911066055e+09 7.999000000000000554e-01 2.797099999999999795e+02
1.487363745012619972e+09 8.004999999999999893e-01 2.797099999999999795e+02
1.487363745113403082e+09 8.002000000000000224e-01 2.797099999999999795e+02
1.487363745223547935e+09 8.002000000000000224e-01 2.797099999999999795e+02
1.487363745326270103e+09 8.001000000000000334e-01 2.797099999999999795e+02
1.487363745426413059e+09 8.002000000000000224e-01 2.797099999999999795e+02
1.487363745526118994e+09 8.000000000000000444e-01 2.797099999999999795e+02
1.487363745625225067e+09 8.003000000000000114e-01 2.797099999999999795e+02
1.487363745725173950e+09 8.000000000000000444e-01 2.797099999999999795e+02
1.487363745824311018e+09 8.008999999999999453e-01 2.797099999999999795e+02
1.487363745924350023e+09 8.003000000000000114e-01 2.797099999999999795e+02
1.487363746038281918e+09 8.003000000000000114e-01 2.797099999999999795e+02
