1.487362681460063934e+09 7.875999999999999668e-01 2.790899999999999750e+02
1.487362681558228016e+09 7.880000000000000338e-01 2.790799999999999841e+02
1.487362681658489943e+09 7.869000000000000439e-01 2.790899999999999750e+02
1.487362681757411957e+09 7.873999999999999888e-01 2.790899999999999750e+02
1.487362681868705988e+09 7.874999999999999778e-01 2.790899999999999750e+02
1.487362681968449116e+09 7.873999999999999888e-01 2.790899999999999750e+02
1.487362682068193913e+09 7.865999999999999659e-01 2.790799999999999841e+02
1.487362682167886019e+09 7.875999999999999668e-01 2.790799999999999841e+02
1.487362682267769098e+09 7.876999999999999558e-01 2.790799999999999841e+02
1.487362682364474058e+09 7.872000000000000108e-01 2.790899999999999750e+02
1.487362682465512991e+09 7.866999999999999549e-01 2.790899999999999750e+02
1.487362682567008018e+09 7.881000000000000227e-01 2.790799999999999841e+02
1.487362682682415962e+09 7.873999999999999888e-01 2.790799999999999841e+02
1.487362682779907942e+09 7.871000000000000218e-01 2.790799999999999841e+02
1.487362682877876997e+09 7.875999999999999668e-01 2.790799999999999841e+02
1.487362682981580973e+09 7.864999999999999769e-01 2.790799999999999841e+02
1.487362683078254938e+09 7.869000000000000439e-01 2.790799999999999841e+02
1.487362683175718069e+09 7.865999999999999659e-01 2.790799999999999841e+02
1.487362683279814959e+09 7.873999999999999888e-01 2.790799999999999841e+02
1.487362683374660969e+09 7.870000000000000329e-01 2.790799999999999841e+02
1.487362683488353014e+09 7.875999999999999668e-01 2.790799999999999841e+02
1.487362683592372894e+09 7.873999999999999888e-01 2.790799999999999841e+02
1.487362683692436934e+09 7.871000000000000218e-01 2.790799999999999841e+02
1.487362683789942980e+09 7.865999999999999659e-01 2.790799999999999841e+02
1.487362683886681080e+09 7.870000000000000329e-01 2.790799999999999841e+02
1.487362683989070892e+09 7.869000000000000439e-01 2.790799999999999841e+02
1.487362684091257095e+09 7.866999999999999549e-01 2.790799999999999841e+02
1.487362684190282106e+09 7.872999999999999998e-01 2.790799999999999841e+02
1.487362684303844929e+09 7.863999999999999879e-01 2.790799999999999841e+02
1.487362684401714087e+09 7.865999999999999659e-01 2.790799999999999841e+02
1.487362684500593901e+09 7.863999999999999879e-01 2.790699999999999932e+02
1.487362684603156090e+09 7.871000000000000218e-01 2.790699999999999932e+02
1.487362684699668884e+09 7.871000000000000218e-01 2.790799999999999841e+02
1.487362684802339077e+09 7.865999999999999659e-01 2.790699999999999932e+02
1.487362684902369022e+09 7.872999999999999998e-01 2.790699999999999932e+02
1.487362685001116037e+09 7.873999999999999888e-01 2.790699999999999932e+02
1.487362685110388041e+09 7.860000000000000320e-01 2.790699999999999932e+02
1.487362685210621119e+09 7.871000000000000218e-01 2.790699999999999932e+02
1.487362685310358047e+09 7.877999999999999448e-01 2.790699999999999932e+02
1.487362685410237074e+09 7.870000000000000329e-01 2.790699999999999932e+02
1.487362685509861946e+09 7.869000000000000439e-01 2.790699999999999932e+02
1.487362685610690117e+09 7.865999999999999659e-01 2.790699999999999932e+02
1.487362685709517956e+09 7.874999999999999778e-01 2.790699999999999932e+02
1.487362685825910091e+09 7.866999999999999549e-01 2.790699999999999932e+02
1.487362685925720930e+09 7.871000000000000218e-01 2.790699999999999932e+02
1.487362686021184921e+09 7.880000000000000338e-01 2.790699999999999932e+02
1.487362686124366999e+09 7.874999999999999778e-01 2.790699999999999932e+02
1.487362686224976063e+09 7.873999999999999888e-01 2.790699999999999932e+02
1.487362686325294018e+09 7.868000000000000549e-01 2.790699999999999932e+02
1.487362686424036026e+09 7.870000000000000329e-01 2.790699999999999932e+02
1.487362686524009943e+09 7.872000000000000108e-01 2.790699999999999932e+02
1.487362686622971058e+09 7.876999999999999558e-01 2.790699999999999932e+02
1.487362686737454891e+09 7.870000000000000329e-01 2.790699999999999932e+02
1.487362686833589077e+09 7.871000000000000218e-01 2.790699999999999932e+02
1.487362686937261105e+09 7.864999999999999769e-01 2.790699999999999932e+02
1.487362687035959959e+09 7.873999999999999888e-01 2.790699999999999932e+02
1.487362687131472111e+09 7.868000000000000549e-01 2.790699999999999932e+02
1.487362687230479002e+09 7.866999999999999549e-01 2.790699999999999932e+02
1.487362687330238104e+09 7.874999999999999778e-01 2.790699999999999932e+02
1.487362687428888083e+09 7.875999999999999668e-01 2.790600000000000023e+02
1.487362687533915043e+09 7.881000000000000227e-01 2.790699999999999932e+02
1.487362687648047924e+09 7.876999999999999558e-01 2.790600000000000023e+02
1.487362687743206024e+09 7.881000000000000227e-01 2.790600000000000023e+02
1.487362687844598055e+09 7.868000000000000549e-01 2.790600000000000023e+02
1.487362687945580959e+09 7.876999999999999558e-01 2.790600000000000023e+02
1.487362688041645050e+09 7.871000000000000218e-01 2.790600000000000023e+02
1.487362688145749092e+09 7.872999999999999998e-01 2.790600000000000023e+02
1.487362688243729115e+09 7.872999999999999998e-01 2.790600000000000023e+02
1.487362688343467951e+09 7.873999999999999888e-01 2.790600000000000023e+02
1.487362688454710007e+09 7.869000000000000439e-01 2.790600000000000023e+02
1.487362688555763006e+09 7.874999999999999778e-01 2.790600000000000023e+02
1.487362688656507015e+09 7.869000000000000439e-01 2.790600000000000023e+02
1.487362688757632017e+09 7.872999999999999998e-01 2.790600000000000023e+02
1.487362688856955051e+09 7.872999999999999998e-01 2.790600000000000023e+02
1.487362688952817917e+09 7.872999999999999998e-01 2.790600000000000023e+02
1.487362689051517963e+09 7.872000000000000108e-01 2.790600000000000023e+02
1.487362689151058912e+09 7.872000000000000108e-01 2.790600000000000023e+02
1.487362689267677069e+09 7.874999999999999778e-01 2.790600000000000023e+02
1.487362689367443085e+09 7.868000000000000549e-01 2.790600000000000023e+02
1.487362689467205048e+09 7.870000000000000329e-01 2.790600000000000023e+02
1.487362689566965103e+09 7.872999999999999998e-01 2.790600000000000023e+02
1.487362689663798094e+09 7.870000000000000329e-01 2.790600000000000023e+02
1.487362689764873981e+09 7.868000000000000549e-01 2.790600000000000023e+02
1.487362689865997076e+09 7.862999999999999989e-01 2.790600000000000023e+02
1.487362689966094017e+09 7.876999999999999558e-01 2.790500000000000114e+02
1.487362690080656052e+09 7.873999999999999888e-01 2.790600000000000023e+02
1.487362690174669981e+09 7.875999999999999668e-01 2.790600000000000023e+02
1.487362690279813051e+09 7.877999999999999448e-01 2.790500000000000114e+02
1.487362690379635096e+09 7.866999999999999549e-01 2.790500000000000114e+02
1.487362690476989985e+09 7.875999999999999668e-01 2.790500000000000114e+02
1.487362690578639984e+09 7.869000000000000439e-01 2.790500000000000114e+02
1.487362690678072929e+09 7.879000000000000448e-01 2.790500000000000114e+02
1.487362690774626017e+09 7.872999999999999998e-01 2.790500000000000114e+02
1.487362690891666889e+09 7.871000000000000218e-01 2.790500000000000114e+02
1.487362690986690998e+09 7.872000000000000108e-01 2.790500000000000114e+02
1.487362691088565111e+09 7.874999999999999778e-01 2.790500000000000114e+02
1.487362691190434933e+09 7.872999999999999998e-01 2.790500000000000114e+02
1.487362691289818048e+09 7.871000000000000218e-01 2.790500000000000114e+02
1.487362691389540911e+09 7.868000000000000549e-01 2.790500000000000114e+02
1.487362691487184048e+09 7.872000000000000108e-01 2.790500000000000114e+02
1.487362691588478088e+09 7.870000000000000329e-01 2.790500000000000114e+02
1.487362691699964046e+09 7.864999999999999769e-01 2.790500000000000114e+02
1.487362691802745104e+09 7.872000000000000108e-01 2.790500000000000114e+02
1.487362691898291111e+09 7.866999999999999549e-01 2.790500000000000114e+02
1.487362691997463942e+09 7.863999999999999879e-01 2.790500000000000114e+02
1.487362692100541115e+09 7.875999999999999668e-01 2.790500000000000114e+02
1.487362692199539900e+09 7.872999999999999998e-01 2.790500000000000114e+02
1.487362692300606966e+09 7.864999999999999769e-01 2.790500000000000114e+02
1.487362692399563074e+09 7.871000000000000218e-01 2.790500000000000114e+02
1.487362692509433031e+09 7.866999999999999549e-01 2.790500000000000114e+02
1.487362692609689951e+09 7.872999999999999998e-01 2.790500000000000114e+02
1.487362692709434986e+09 7.865999999999999659e-01 2.790500000000000114e+02
1.487362692809226990e+09 7.874999999999999778e-01 2.790500000000000114e+02
1.487362692908900976e+09 7.869000000000000439e-01 2.790500000000000114e+02
1.487362693008745909e+09 7.872000000000000108e-01 2.790400000000000205e+02
1.487362693108505011e+09 7.868000000000000549e-01 2.790400000000000205e+02
1.487362693208234072e+09 7.862999999999999989e-01 2.790400000000000205e+02
1.487362693324413061e+09 7.869000000000000439e-01 2.790400000000000205e+02
1.487362693424607038e+09 7.875999999999999668e-01 2.790400000000000205e+02
1.487362693523638010e+09 7.869000000000000439e-01 2.790400000000000205e+02
1.487362693623378992e+09 7.865999999999999659e-01 2.790400000000000205e+02
1.487362693721502066e+09 7.862000000000000099e-01 2.790400000000000205e+02
1.487362693822324038e+09 7.868000000000000549e-01 2.790400000000000205e+02
1.487362693922307014e+09 7.876999999999999558e-01 2.790400000000000205e+02
1.487362694021387100e+09 7.869000000000000439e-01 2.790400000000000205e+02
1.487362694121510983e+09 7.868000000000000549e-01 2.790400000000000205e+02
1.487362694230612040e+09 7.869000000000000439e-01 2.790400000000000205e+02
1.487362694331552029e+09 7.872999999999999998e-01 2.790400000000000205e+02
1.487362694434071064e+09 7.864999999999999769e-01 2.790400000000000205e+02
1.487362694534395933e+09 7.873999999999999888e-01 2.790400000000000205e+02
1.487362694633227110e+09 7.869000000000000439e-01 2.790400000000000205e+02
1.487362694733282089e+09 7.872999999999999998e-01 2.790400000000000205e+02
1.487362694832309961e+09 7.865999999999999659e-01 2.790400000000000205e+02
1.487362694945985079e+09 7.864999999999999769e-01 2.790400000000000205e+02
1.487362695046354055e+09 7.862999999999999989e-01 2.790400000000000205e+02
1.487362695145350933e+09 7.872000000000000108e-01 2.790400000000000205e+02
1.487362695245354891e+09 7.869000000000000439e-01 2.790400000000000205e+02
1.487362695345246077e+09 7.870000000000000329e-01 2.790400000000000205e+02
1.487362695444221020e+09 7.866999999999999549e-01 2.790400000000000205e+02
1.487362695544353008e+09 7.865999999999999659e-01 2.790400000000000205e+02
1.487362695643289089e+09 7.865999999999999659e-01 2.790400000000000205e+02
1.487362695742679119e+09 7.876999999999999558e-01 2.790299999999999727e+02
1.487362695857253075e+09 7.862000000000000099e-01 2.790299999999999727e+02
1.487362695951728106e+09 7.865999999999999659e-01 2.790299999999999727e+02
1.487362696051517010e+09 7.869000000000000439e-01 2.790299999999999727e+02
1.487362696151299000e+09 7.864999999999999769e-01 2.790299999999999727e+02
1.487362696252576113e+09 7.870000000000000329e-01 2.790299999999999727e+02
1.487362696350725889e+09 7.866999999999999549e-01 2.790299999999999727e+02
1.487362696450512886e+09 7.871000000000000218e-01 2.790299999999999727e+02
1.487362696549534082e+09 7.871000000000000218e-01 2.790299999999999727e+02
1.487362696650047064e+09 7.872000000000000108e-01 2.790299999999999727e+02
1.487362696766437054e+09 7.875999999999999668e-01 2.790299999999999727e+02
1.487362696866199017e+09 7.872999999999999998e-01 2.790299999999999727e+02
1.487362696963218927e+09 7.874999999999999778e-01 2.790299999999999727e+02
1.487362697065742016e+09 7.874999999999999778e-01 2.790299999999999727e+02
1.487362697165668964e+09 7.868000000000000549e-01 2.790299999999999727e+02
1.487362697265161991e+09 7.875999999999999668e-01 2.790299999999999727e+02
1.487362697365019083e+09 7.871000000000000218e-01 2.790299999999999727e+02
1.487362697463892937e+09 7.872999999999999998e-01 2.790299999999999727e+02
1.487362697578116894e+09 7.871000000000000218e-01 2.790299999999999727e+02
1.487362697673141956e+09 7.864999999999999769e-01 2.790299999999999727e+02
1.487362697778208971e+09 7.877999999999999448e-01 2.790299999999999727e+02
1.487362697876991987e+09 7.872999999999999998e-01 2.790299999999999727e+02
1.487362697977121115e+09 7.873999999999999888e-01 2.790299999999999727e+02
1.487362698076992989e+09 7.866999999999999549e-01 2.790299999999999727e+02
1.487362698175987005e+09 7.864999999999999769e-01 2.790299999999999727e+02
1.487362698275825024e+09 7.862999999999999989e-01 2.790299999999999727e+02
1.487362698389853954e+09 7.863999999999999879e-01 2.790299999999999727e+02
1.487362698483486891e+09 7.868000000000000549e-01 2.790299999999999727e+02
1.487362698589066982e+09 7.872999999999999998e-01 2.790299999999999727e+02
1.487362698687886953e+09 7.869000000000000439e-01 2.790299999999999727e+02
1.487362698787946939e+09 7.876999999999999558e-01 2.790299999999999727e+02
1.487362698885559082e+09 7.880000000000000338e-01 2.790299999999999727e+02
1.487362698986789942e+09 7.862000000000000099e-01 2.790299999999999727e+02
1.487362699087025881e+09 7.871000000000000218e-01 2.790299999999999727e+02
1.487362699198407888e+09 7.869000000000000439e-01 2.790299999999999727e+02
1.487362699299865961e+09 7.873999999999999888e-01 2.790400000000000205e+02
1.487362699399924040e+09 7.859000000000000430e-01 2.790400000000000205e+02
1.487362699499021053e+09 7.880000000000000338e-01 2.790400000000000205e+02
1.487362699598784924e+09 7.871000000000000218e-01 2.790400000000000205e+02
1.487362699698823929e+09 7.872999999999999998e-01 2.790500000000000114e+02
1.487362699797914982e+09 7.863999999999999879e-01 2.790500000000000114e+02
1.487362699897711039e+09 7.866999999999999549e-01 2.790500000000000114e+02
1.487362700008734941e+09 7.864999999999999769e-01 2.790500000000000114e+02
1.487362700108505964e+09 7.872999999999999998e-01 2.790500000000000114e+02
1.487362700208262920e+09 7.870000000000000329e-01 2.790500000000000114e+02
1.487362700307868958e+09 7.872000000000000108e-01 2.790500000000000114e+02
1.487362700407783985e+09 7.870000000000000329e-01 2.790500000000000114e+02
1.487362700507467985e+09 7.874999999999999778e-01 2.790500000000000114e+02
1.487362700607266903e+09 7.863999999999999879e-01 2.790500000000000114e+02
1.487362700707046986e+09 7.862999999999999989e-01 2.790600000000000023e+02
1.487362700819247961e+09 7.869000000000000439e-01 2.790600000000000023e+02
1.487362700921653986e+09 7.879000000000000448e-01 2.790600000000000023e+02
1.487362701016792059e+09 7.874999999999999778e-01 2.790600000000000023e+02
1.487362701120841980e+09 7.870000000000000329e-01 2.790600000000000023e+02
1.487362701220722914e+09 7.866999999999999549e-01 2.790600000000000023e+02
1.487362701320802927e+09 7.871000000000000218e-01 2.790600000000000023e+02
1.487362701419724941e+09 7.871000000000000218e-01 2.790600000000000023e+02
1.487362701514503956e+09 7.872000000000000108e-01 2.790600000000000023e+02
1.487362701633806944e+09 7.865999999999999659e-01 2.790600000000000023e+02
1.487362701732882977e+09 7.875999999999999668e-01 2.790600000000000023e+02
1.487362701829018116e+09 7.865999999999999659e-01 2.790600000000000023e+02
1.487362701929326057e+09 7.862000000000000099e-01 2.790600000000000023e+02
1.487362702030318022e+09 7.875999999999999668e-01 2.790600000000000023e+02
1.487362702127320051e+09 7.872000000000000108e-01 2.790600000000000023e+02
1.487362702229368925e+09 7.866999999999999549e-01 2.790600000000000023e+02
1.487362702330766916e+09 7.872000000000000108e-01 2.790600000000000023e+02
1.487362702429569006e+09 7.865999999999999659e-01 2.790600000000000023e+02
1.487362702543536901e+09 7.872999999999999998e-01 2.790600000000000023e+02
1.487362702643603086e+09 7.864999999999999769e-01 2.790600000000000023e+02
1.487362702741856098e+09 7.874999999999999778e-01 2.790600000000000023e+02
1.487362702842531919e+09 7.870000000000000329e-01 2.790600000000000023e+02
1.487362702938838005e+09 7.861000000000000210e-01 2.790600000000000023e+02
1.487362703040512085e+09 7.872000000000000108e-01 2.790600000000000023e+02
1.487362703138066053e+09 7.870000000000000329e-01 2.790600000000000023e+02
1.487362703240549088e+09 7.870000000000000329e-01 2.790600000000000023e+02
1.487362703350735903e+09 7.866999999999999549e-01 2.790600000000000023e+02
1.487362703450488091e+09 7.872000000000000108e-01 2.790600000000000023e+02
1.487362703550247908e+09 7.872999999999999998e-01 2.790600000000000023e+02
1.487362703650038004e+09 7.869000000000000439e-01 2.790600000000000023e+02
1.487362703752116919e+09 7.872000000000000108e-01 2.790600000000000023e+02
1.487362703849562883e+09 7.864999999999999769e-01 2.790600000000000023e+02
1.487362703947559118e+09 7.869000000000000439e-01 2.790600000000000023e+02
1.487362704065716028e+09 7.871000000000000218e-01 2.790600000000000023e+02
1.487362704162098885e+09 7.869000000000000439e-01 2.790600000000000023e+02
1.487362704265090942e+09 7.860000000000000320e-01 2.790600000000000023e+02
1.487362704360929012e+09 7.868000000000000549e-01 2.790600000000000023e+02
1.487362704464374065e+09 7.872000000000000108e-01 2.790600000000000023e+02
1.487362704559417009e+09 7.865999999999999659e-01 2.790600000000000023e+02
1.487362704662425041e+09 7.870000000000000329e-01 2.790600000000000023e+02
1.487362704758295059e+09 7.871000000000000218e-01 2.790600000000000023e+02
1.487362704857930899e+09 7.865999999999999659e-01 2.790600000000000023e+02
1.487362704976315975e+09 7.869000000000000439e-01 2.790600000000000023e+02
1.487362705072477102e+09 7.861000000000000210e-01 2.790600000000000023e+02
1.487362705173813105e+09 7.864999999999999769e-01 2.790600000000000023e+02
1.487362705275414944e+09 7.871000000000000218e-01 2.790600000000000023e+02
1.487362705370336056e+09 7.863999999999999879e-01 2.790600000000000023e+02
1.487362705474298000e+09 7.862999999999999989e-01 2.790600000000000023e+02
1.487362705572645903e+09 7.874999999999999778e-01 2.790600000000000023e+02
1.487362705672574043e+09 7.870000000000000329e-01 2.790600000000000023e+02
1.487362705788404942e+09 7.877999999999999448e-01 2.790600000000000023e+02
1.487362705887248993e+09 7.859000000000000430e-01 2.790600000000000023e+02
1.487362705987237930e+09 7.864999999999999769e-01 2.790500000000000114e+02
1.487362706086334944e+09 7.873999999999999888e-01 2.790500000000000114e+02
1.487362706186244965e+09 7.862999999999999989e-01 2.790600000000000023e+02
1.487362706285378933e+09 7.873999999999999888e-01 2.790600000000000023e+02
1.487362706385234118e+09 7.871000000000000218e-01 2.790600000000000023e+02
1.487362706485347033e+09 7.868000000000000549e-01 2.790600000000000023e+02
1.487362706599168062e+09 7.870000000000000329e-01 2.790500000000000114e+02
1.487362706698179960e+09 7.866999999999999549e-01 2.790500000000000114e+02
1.487362706798294067e+09 7.866999999999999549e-01 2.790500000000000114e+02
1.487362706892272949e+09 7.865999999999999659e-01 2.790500000000000114e+02
1.487362706997123003e+09 7.870000000000000329e-01 2.790500000000000114e+02
1.487362707091805935e+09 7.873999999999999888e-01 2.790500000000000114e+02
1.487362707191564083e+09 7.871000000000000218e-01 2.790500000000000114e+02
1.487362707291421890e+09 7.869000000000000439e-01 2.790500000000000114e+02
1.487362707407610893e+09 7.869000000000000439e-01 2.790500000000000114e+02
1.487362707506448030e+09 7.868000000000000549e-01 2.790500000000000114e+02
1.487362707607286930e+09 7.870000000000000329e-01 2.790500000000000114e+02
1.487362707707025051e+09 7.866999999999999549e-01 2.790500000000000114e+02
1.487362707806785107e+09 7.872000000000000108e-01 2.790500000000000114e+02
1.487362707906574011e+09 7.863999999999999879e-01 2.790500000000000114e+02
1.487362708006288052e+09 7.873999999999999888e-01 2.790500000000000114e+02
1.487362708106082916e+09 7.869000000000000439e-01 2.790500000000000114e+02
1.487362708201495886e+09 7.875999999999999668e-01 2.790500000000000114e+02
1.487362708318962097e+09 7.873999999999999888e-01 2.790500000000000114e+02
1.487362708420058966e+09 7.862999999999999989e-01 2.790500000000000114e+02
1.487362708519068956e+09 7.869000000000000439e-01 2.790500000000000114e+02
1.487362708614734888e+09 7.872000000000000108e-01 2.790500000000000114e+02
1.487362708716002941e+09 7.872000000000000108e-01 2.790500000000000114e+02
1.487362708816962004e+09 7.869000000000000439e-01 2.790500000000000114e+02
1.487362708917762041e+09 7.872999999999999998e-01 2.790500000000000114e+02
1.487362709027081966e+09 7.868000000000000549e-01 2.790500000000000114e+02
1.487362709128279924e+09 7.882000000000000117e-01 2.790500000000000114e+02
1.487362709227102995e+09 7.866999999999999549e-01 2.790500000000000114e+02
1.487362709330054045e+09 7.873999999999999888e-01 2.790500000000000114e+02
1.487362709430032015e+09 7.865999999999999659e-01 2.790500000000000114e+02
1.487362709529921055e+09 7.872999999999999998e-01 2.790500000000000114e+02
1.487362709629040003e+09 7.872000000000000108e-01 2.790500000000000114e+02
1.487362709724915981e+09 7.870000000000000329e-01 2.790500000000000114e+02
1.487362709825969934e+09 7.874999999999999778e-01 2.790500000000000114e+02
1.487362709941973925e+09 7.870000000000000329e-01 2.790500000000000114e+02
1.487362710038309097e+09 7.874999999999999778e-01 2.790500000000000114e+02
1.487362710141937017e+09 7.869000000000000439e-01 2.790400000000000205e+02
1.487362710241039038e+09 7.864999999999999769e-01 2.790400000000000205e+02
1.487362710340905905e+09 7.855999999999999650e-01 2.790500000000000114e+02
1.487362710439882040e+09 7.871000000000000218e-01 2.790400000000000205e+02
1.487362710539818048e+09 7.865999999999999659e-01 2.790400000000000205e+02
1.487362710634356022e+09 7.869000000000000439e-01 2.790400000000000205e+02
1.487362710735393047e+09 7.859000000000000430e-01 2.790400000000000205e+02
1.487362710849523067e+09 7.872000000000000108e-01 2.790400000000000205e+02
1.487362710949250937e+09 7.866999999999999549e-01 2.790400000000000205e+02
1.487362711049026966e+09 7.871000000000000218e-01 2.790400000000000205e+02
1.487362711147044897e+09 7.873999999999999888e-01 2.790400000000000205e+02
1.487362711248548985e+09 7.872000000000000108e-01 2.790400000000000205e+02
1.487362711348328114e+09 7.872000000000000108e-01 2.790400000000000205e+02
1.487362711448092937e+09 7.870000000000000329e-01 2.790400000000000205e+02
1.487362711546916008e+09 7.872000000000000108e-01 2.790400000000000205e+02
1.487362711663759947e+09 7.870000000000000329e-01 2.790400000000000205e+02
1.487362711760090113e+09 7.868000000000000549e-01 2.790400000000000205e+02
1.487362711857902050e+09 7.863999999999999879e-01 2.790400000000000205e+02
1.487362711962770939e+09 7.869000000000000439e-01 2.790400000000000205e+02
1.487362712061779022e+09 7.868000000000000549e-01 2.790400000000000205e+02
1.487362712161710978e+09 7.872000000000000108e-01 2.790400000000000205e+02
1.487362712260876894e+09 7.868000000000000549e-01 2.790400000000000205e+02
1.487362712356859922e+09 7.874999999999999778e-01 2.790400000000000205e+02
1.487362712474714041e+09 7.865999999999999659e-01 2.790400000000000205e+02
1.487362712570822954e+09 7.862999999999999989e-01 2.790400000000000205e+02
1.487362712673707008e+09 7.868000000000000549e-01 2.790400000000000205e+02
1.487362712773761034e+09 7.866999999999999549e-01 2.790400000000000205e+02
1.487362712868917942e+09 7.866999999999999549e-01 2.790400000000000205e+02
1.487362712968559980e+09 7.874999999999999778e-01 2.790400000000000205e+02
1.487362713071002007e+09 7.874999999999999778e-01 2.790400000000000205e+02
1.487362713171662092e+09 7.869000000000000439e-01 2.790400000000000205e+02
1.487362713285619974e+09 7.876999999999999558e-01 2.790400000000000205e+02
1.487362713380973101e+09 7.871000000000000218e-01 2.790400000000000205e+02
1.487362713484560013e+09 7.873999999999999888e-01 2.790400000000000205e+02
1.487362713579783916e+09 7.864999999999999769e-01 2.790400000000000205e+02
1.487362713680375099e+09 7.868000000000000549e-01 2.790400000000000205e+02
1.487362713783359051e+09 7.866999999999999549e-01 2.790400000000000205e+02
1.487362713882580042e+09 7.868000000000000549e-01 2.790400000000000205e+02
1.487362713992028952e+09 7.869000000000000439e-01 2.790299999999999727e+02
1.487362714091804981e+09 7.873999999999999888e-01 2.790299999999999727e+02
1.487362714191561937e+09 7.861000000000000210e-01 2.790299999999999727e+02
1.487362714291340113e+09 7.874999999999999778e-01 2.790400000000000205e+02
1.487362714392195940e+09 7.872000000000000108e-01 2.790400000000000205e+02
1.487362714490798950e+09 7.874999999999999778e-01 2.790299999999999727e+02
1.487362714591793060e+09 7.869000000000000439e-01 2.790400000000000205e+02
1.487362714690387011e+09 7.873999999999999888e-01 2.790400000000000205e+02
1.487362714790096998e+09 7.871000000000000218e-01 2.790299999999999727e+02
1.487362714906497955e+09 7.872999999999999998e-01 2.790299999999999727e+02
1.487362715006258965e+09 7.866999999999999549e-01 2.790299999999999727e+02
1.487362715106018066e+09 7.869000000000000439e-01 2.790299999999999727e+02
1.487362715205754042e+09 7.871000000000000218e-01 2.790299999999999727e+02
1.487362715302706003e+09 7.875999999999999668e-01 2.790299999999999727e+02
1.487362715405172110e+09 7.865999999999999659e-01 2.790299999999999727e+02
1.487362715504267931e+09 7.864999999999999769e-01 2.790299999999999727e+02
1.487362715604424000e+09 7.866999999999999549e-01 2.790299999999999727e+02
1.487362715704531908e+09 7.864999999999999769e-01 2.790299999999999727e+02
1.487362715817430019e+09 7.865999999999999659e-01 2.790299999999999727e+02
1.487362715917515039e+09 7.868000000000000549e-01 2.790299999999999727e+02
1.487362716017445087e+09 7.869000000000000439e-01 2.790299999999999727e+02
1.487362716116353035e+09 7.872000000000000108e-01 2.790299999999999727e+02
1.487362716216558933e+09 7.861000000000000210e-01 2.790299999999999727e+02
1.487362716316306114e+09 7.865999999999999659e-01 2.790299999999999727e+02
1.487362716415318012e+09 7.873999999999999888e-01 2.790299999999999727e+02
1.487362716515422106e+09 7.863999999999999879e-01 2.790299999999999727e+02
1.487362716629384995e+09 7.868000000000000549e-01 2.790299999999999727e+02
1.487362716728305101e+09 7.865999999999999659e-01 2.790299999999999727e+02
1.487362716824342012e+09 7.875999999999999668e-01 2.790299999999999727e+02
1.487362716927366972e+09 7.866999999999999549e-01 2.790299999999999727e+02
1.487362717027440071e+09 7.865999999999999659e-01 2.790299999999999727e+02
1.487362717127337933e+09 7.872000000000000108e-01 2.790299999999999727e+02
1.487362717226356983e+09 7.868000000000000549e-01 2.790299999999999727e+02
1.487362717326271057e+09 7.865999999999999659e-01 2.790299999999999727e+02
1.487362717440289021e+09 7.865999999999999659e-01 2.790299999999999727e+02
1.487362717539402008e+09 7.873999999999999888e-01 2.790299999999999727e+02
1.487362717639353991e+09 7.864999999999999769e-01 2.790299999999999727e+02
1.487362717738207102e+09 7.866999999999999549e-01 2.790199999999999818e+02
1.487362717838248968e+09 7.862000000000000099e-01 2.790199999999999818e+02
1.487362717938100100e+09 7.870000000000000329e-01 2.790199999999999818e+02
1.487362718032387018e+09 7.874999999999999778e-01 2.790199999999999818e+02
1.487362718137285948e+09 7.868000000000000549e-01 2.790199999999999818e+02
1.487362718248545885e+09 7.862999999999999989e-01 2.790199999999999818e+02
1.487362718348223925e+09 7.861000000000000210e-01 2.790199999999999818e+02
1.487362718448029041e+09 7.871000000000000218e-01 2.790199999999999818e+02
1.487362718547782898e+09 7.875999999999999668e-01 2.790199999999999818e+02
1.487362718647545099e+09 7.859000000000000430e-01 2.790199999999999818e+02
1.487362718745665073e+09 7.875999999999999668e-01 2.790199999999999818e+02
1.487362718847063065e+09 7.873999999999999888e-01 2.790199999999999818e+02
1.487362718946845055e+09 7.863999999999999879e-01 2.790199999999999818e+02
1.487362719062263012e+09 7.870000000000000329e-01 2.790199999999999818e+02
1.487362719161286116e+09 7.870000000000000329e-01 2.790199999999999818e+02
1.487362719261257887e+09 7.866999999999999549e-01 2.790199999999999818e+02
1.487362719357439995e+09 7.871000000000000218e-01 2.790199999999999818e+02
1.487362719460115910e+09 7.865999999999999659e-01 2.790199999999999818e+02
1.487362719560275078e+09 7.881000000000000227e-01 2.790199999999999818e+02
1.487362719659454107e+09 7.873999999999999888e-01 2.790199999999999818e+02
1.487362719757554054e+09 7.866999999999999549e-01 2.790199999999999818e+02
1.487362719873230934e+09 7.866999999999999549e-01 2.790199999999999818e+02
1.487362719972029924e+09 7.871000000000000218e-01 2.790199999999999818e+02
1.487362720072261095e+09 7.869000000000000439e-01 2.790199999999999818e+02
1.487362720171592951e+09 7.868000000000000549e-01 2.790199999999999818e+02
1.487362720271034002e+09 7.871000000000000218e-01 2.790199999999999818e+02
1.487362720371001959e+09 7.864999999999999769e-01 2.790199999999999818e+02
1.487362720469872952e+09 7.869000000000000439e-01 2.790199999999999818e+02
1.487362720569973946e+09 7.866999999999999549e-01 2.790199999999999818e+02
1.487362720684101105e+09 7.869000000000000439e-01 2.790199999999999818e+02
1.487362720783063889e+09 7.870000000000000329e-01 2.790199999999999818e+02
1.487362720883126020e+09 7.876999999999999558e-01 2.790099999999999909e+02
1.487362720983033895e+09 7.869000000000000439e-01 2.790099999999999909e+02
1.487362721081969023e+09 7.862000000000000099e-01 2.790099999999999909e+02
1.487362721181907892e+09 7.873999999999999888e-01 2.790099999999999909e+02
1.487362721281048059e+09 7.869000000000000439e-01 2.790099999999999909e+02
1.487362721380888939e+09 7.862000000000000099e-01 2.790099999999999909e+02
1.487362721495084047e+09 7.861000000000000210e-01 2.790099999999999909e+02
1.487362721590557098e+09 7.865999999999999659e-01 2.790099999999999909e+02
1.487362721690320015e+09 7.868000000000000549e-01 2.790099999999999909e+02
1.487362721790056944e+09 7.874999999999999778e-01 2.790099999999999909e+02
1.487362721891169071e+09 7.865999999999999659e-01 2.790099999999999909e+02
1.487362721989618063e+09 7.869000000000000439e-01 2.790099999999999909e+02
1.487362722089370966e+09 7.870000000000000329e-01 2.790099999999999909e+02
1.487362722186705112e+09 7.874999999999999778e-01 2.790099999999999909e+02
1.487362722287152052e+09 7.864999999999999769e-01 2.790099999999999909e+02
1.487362722405297995e+09 7.868000000000000549e-01 2.790099999999999909e+02
1.487362722501265049e+09 7.860000000000000320e-01 2.790099999999999909e+02
1.487362722604724884e+09 7.864999999999999769e-01 2.790099999999999909e+02
1.487362722703866005e+09 7.868000000000000549e-01 2.790099999999999909e+02
1.487362722803917885e+09 7.864999999999999769e-01 2.790099999999999909e+02
1.487362722901454926e+09 7.863999999999999879e-01 2.790099999999999909e+02
1.487362722998991966e+09 7.864999999999999769e-01 2.790099999999999909e+02
1.487362723116852999e+09 7.865999999999999659e-01 2.790099999999999909e+02
1.487362723216819048e+09 7.862000000000000099e-01 2.790099999999999909e+02
1.487362723311057091e+09 7.869000000000000439e-01 2.790099999999999909e+02
1.487362723413481951e+09 7.869000000000000439e-01 2.790099999999999909e+02
1.487362723514745951e+09 7.868000000000000549e-01 2.790099999999999909e+02
1.487362723614177942e+09 7.869000000000000439e-01 2.790099999999999909e+02
1.487362723714788914e+09 7.861000000000000210e-01 2.790099999999999909e+02
1.487362723813657045e+09 7.854999999999999760e-01 2.790099999999999909e+02
1.487362723913433075e+09 7.870000000000000329e-01 2.790000000000000000e+02
1.487362724027904034e+09 7.865999999999999659e-01 2.790000000000000000e+02
1.487362724126818895e+09 7.873999999999999888e-01 2.790000000000000000e+02
1.487362724226784945e+09 7.872000000000000108e-01 2.790000000000000000e+02
1.487362724325618982e+09 7.869000000000000439e-01 2.790000000000000000e+02
1.487362724425779104e+09 7.868000000000000549e-01 2.790000000000000000e+02
1.487362724525805950e+09 7.862999999999999989e-01 2.790000000000000000e+02
1.487362724620470047e+09 7.879000000000000448e-01 2.790000000000000000e+02
1.487362724724778891e+09 7.864999999999999769e-01 2.790000000000000000e+02
1.487362724823704958e+09 7.869000000000000439e-01 2.790000000000000000e+02
1.487362724937594891e+09 7.864999999999999769e-01 2.790000000000000000e+02
1.487362725037708998e+09 7.866999999999999549e-01 2.790000000000000000e+02
1.487362725132069111e+09 7.864999999999999769e-01 2.790000000000000000e+02
1.487362725231854916e+09 7.863999999999999879e-01 2.790000000000000000e+02
1.487362725331617117e+09 7.868000000000000549e-01 2.790000000000000000e+02
1.487362725431385040e+09 7.866999999999999549e-01 2.790000000000000000e+02
1.487362725531147957e+09 7.865999999999999659e-01 2.790000000000000000e+02
1.487362725630934000e+09 7.862000000000000099e-01 2.790000000000000000e+02
1.487362725747308016e+09 7.864999999999999769e-01 2.790000000000000000e+02
1.487362725847071886e+09 7.866999999999999549e-01 2.790000000000000000e+02
1.487362725944175005e+09 7.868000000000000549e-01 2.790000000000000000e+02
1.487362726043220043e+09 7.872999999999999998e-01 2.790000000000000000e+02
1.487362726143203020e+09 7.870000000000000329e-01 2.790000000000000000e+02
1.487362726246125937e+09 7.868000000000000549e-01 2.790000000000000000e+02
1.487362726345875978e+09 7.877999999999999448e-01 2.790000000000000000e+02
1.487362726445507050e+09 7.872000000000000108e-01 2.790000000000000000e+02
1.487362726559395075e+09 7.870000000000000329e-01 2.790000000000000000e+02
1.487362726659678936e+09 7.872999999999999998e-01 2.790000000000000000e+02
1.487362726753556967e+09 7.870000000000000329e-01 2.790000000000000000e+02
1.487362726857168913e+09 7.865999999999999659e-01 2.790000000000000000e+02
1.487362726958566904e+09 7.863999999999999879e-01 2.790000000000000000e+02
1.487362727057424068e+09 7.874999999999999778e-01 2.789900000000000091e+02
1.487362727157587051e+09 7.866999999999999549e-01 2.789900000000000091e+02
1.487362727257461071e+09 7.871000000000000218e-01 2.789900000000000091e+02
1.487362727370407104e+09 7.868000000000000549e-01 2.789900000000000091e+02
1.487362727470325947e+09 7.859000000000000430e-01 2.789900000000000091e+02
1.487362727570324898e+09 7.871000000000000218e-01 2.789900000000000091e+02
1.487362727666892052e+09 7.870000000000000329e-01 2.789900000000000091e+02
1.487362727769376993e+09 7.868000000000000549e-01 2.789900000000000091e+02
1.487362727868371964e+09 7.861000000000000210e-01 2.789900000000000091e+02
1.487362727968324900e+09 7.872999999999999998e-01 2.789900000000000091e+02
1.487362728068468094e+09 7.859000000000000430e-01 2.789900000000000091e+02
1.487362728181593895e+09 7.856999999999999540e-01 2.789900000000000091e+02
1.487362728281380892e+09 7.860000000000000320e-01 2.789900000000000091e+02
1.487362728381186962e+09 7.871000000000000218e-01 2.789900000000000091e+02
1.487362728480148077e+09 7.862999999999999989e-01 2.789900000000000091e+02
1.487362728580152988e+09 7.871000000000000218e-01 2.789900000000000091e+02
1.487362728679295063e+09 7.865999999999999659e-01 2.789900000000000091e+02
1.487362728779433012e+09 7.874999999999999778e-01 2.789900000000000091e+02
1.487362728873888969e+09 7.866999999999999549e-01 2.789900000000000091e+02
1.487362728988214016e+09 7.862999999999999989e-01 2.789900000000000091e+02
1.487362729089308977e+09 7.864999999999999769e-01 2.789900000000000091e+02
1.487362729189088106e+09 7.866999999999999549e-01 2.789900000000000091e+02
1.487362729288836956e+09 7.862000000000000099e-01 2.789900000000000091e+02
1.487362729388576984e+09 7.862000000000000099e-01 2.789900000000000091e+02
1.487362729488526106e+09 7.860000000000000320e-01 2.789900000000000091e+02
1.487362729588141918e+09 7.868000000000000549e-01 2.789900000000000091e+02
1.487362729687901020e+09 7.863999999999999879e-01 2.789900000000000091e+02
1.487362729804291964e+09 7.864999999999999769e-01 2.789900000000000091e+02
1.487362729903186083e+09 7.865999999999999659e-01 2.789900000000000091e+02
1.487362730003314972e+09 7.860000000000000320e-01 2.789900000000000091e+02
1.487362730102168083e+09 7.870000000000000329e-01 2.789900000000000091e+02
1.487362730202178001e+09 7.872999999999999998e-01 2.789900000000000091e+02
1.487362730301441908e+09 7.864999999999999769e-01 2.789900000000000091e+02
1.487362730398296118e+09 7.871000000000000218e-01 2.789900000000000091e+02
1.487362730499432087e+09 7.875999999999999668e-01 2.789900000000000091e+02
1.487362730597475052e+09 7.875999999999999668e-01 2.789900000000000091e+02
1.487362730714365005e+09 7.869000000000000439e-01 2.789900000000000091e+02
1.487362730810112953e+09 7.865999999999999659e-01 2.789900000000000091e+02
1.487362730908353090e+09 7.861000000000000210e-01 2.789900000000000091e+02
1.487362731013029099e+09 7.876999999999999558e-01 2.789900000000000091e+02
1.487362731112099886e+09 7.864999999999999769e-01 2.789900000000000091e+02
1.487362731212064028e+09 7.875999999999999668e-01 2.789900000000000091e+02
1.487362731312145948e+09 7.864999999999999769e-01 2.789900000000000091e+02
1.487362731425162077e+09 7.869000000000000439e-01 2.789900000000000091e+02
1.487362731525058031e+09 7.871000000000000218e-01 2.789900000000000091e+02
1.487362731625040054e+09 7.869000000000000439e-01 2.789800000000000182e+02
1.487362731724176884e+09 7.872000000000000108e-01 2.789800000000000182e+02
1.487362731823326111e+09 7.869000000000000439e-01 2.789800000000000182e+02
1.487362731923311949e+09 7.863999999999999879e-01 2.789800000000000182e+02
1.487362732019845009e+09 7.873999999999999888e-01 2.789800000000000182e+02
1.487362732123250961e+09 7.871000000000000218e-01 2.789800000000000182e+02
1.487362732231736898e+09 7.872999999999999998e-01 2.789800000000000182e+02
1.487362732331604958e+09 7.862999999999999989e-01 2.789800000000000182e+02
1.487362732431297064e+09 7.863999999999999879e-01 2.789800000000000182e+02
1.487362732531155109e+09 7.872999999999999998e-01 2.789800000000000182e+02
1.487362732630738974e+09 7.869000000000000439e-01 2.789800000000000182e+02
1.487362732730608940e+09 7.872999999999999998e-01 2.789800000000000182e+02
1.487362732830374002e+09 7.873999999999999888e-01 2.789800000000000182e+02
1.487362732930136919e+09 7.864999999999999769e-01 2.789800000000000182e+02
1.487362733030188084e+09 7.864999999999999769e-01 2.789800000000000182e+02
1.487362733146367073e+09 7.868000000000000549e-01 2.789800000000000182e+02
1.487362733244136095e+09 7.863999999999999879e-01 2.789800000000000182e+02
1.487362733342098951e+09 7.869000000000000439e-01 2.789800000000000182e+02
1.487362733445593119e+09 7.872000000000000108e-01 2.789800000000000182e+02
1.487362733545382023e+09 7.864999999999999769e-01 2.789800000000000182e+02
1.487362733644855976e+09 7.872999999999999998e-01 2.789800000000000182e+02
1.487362733744879007e+09 7.868000000000000549e-01 2.789800000000000182e+02
1.487362733843892097e+09 7.868000000000000549e-01 2.789800000000000182e+02
1.487362733957832098e+09 7.869000000000000439e-01 2.789800000000000182e+02
1.487362734057732105e+09 7.865999999999999659e-01 2.789800000000000182e+02
1.487362734157974958e+09 7.869000000000000439e-01 2.789800000000000182e+02
1.487362734257011890e+09 7.864999999999999769e-01 2.789800000000000182e+02
1.487362734356822014e+09 7.866999999999999549e-01 2.789800000000000182e+02
1.487362734455648899e+09 7.870000000000000329e-01 2.789800000000000182e+02
1.487362734555664062e+09 7.869000000000000439e-01 2.789800000000000182e+02
1.487362734650115013e+09 7.869000000000000439e-01 2.789800000000000182e+02
1.487362734768904924e+09 7.862000000000000099e-01 2.789800000000000182e+02
1.487362734868711948e+09 7.864999999999999769e-01 2.789800000000000182e+02
1.487362734968548059e+09 7.863999999999999879e-01 2.789800000000000182e+02
1.487362735067657948e+09 7.862000000000000099e-01 2.789800000000000182e+02
1.487362735162615061e+09 7.874999999999999778e-01 2.789800000000000182e+02
1.487362735266685963e+09 7.865999999999999659e-01 2.789800000000000182e+02
1.487362735366624117e+09 7.863999999999999879e-01 2.789700000000000273e+02
1.487362735465423107e+09 7.869000000000000439e-01 2.789700000000000273e+02
1.487362735579622030e+09 7.868000000000000549e-01 2.789700000000000273e+02
1.487362735679105997e+09 7.866999999999999549e-01 2.789700000000000273e+02
1.487362735778515100e+09 7.872000000000000108e-01 2.789700000000000273e+02
1.487362735878668070e+09 7.870000000000000329e-01 2.789700000000000273e+02
1.487362735978648901e+09 7.872000000000000108e-01 2.789700000000000273e+02
1.487362736072668076e+09 7.870000000000000329e-01 2.789700000000000273e+02
1.487362736177644968e+09 7.870000000000000329e-01 2.789700000000000273e+02
1.487362736272202969e+09 7.866999999999999549e-01 2.789700000000000273e+02
1.487362736371704102e+09 7.870000000000000329e-01 2.789700000000000273e+02
1.487362736488310099e+09 7.870000000000000329e-01 2.789700000000000273e+02
1.487362736588074923e+09 7.868000000000000549e-01 2.789700000000000273e+02
1.487362736684957027e+09 7.866999999999999549e-01 2.789700000000000273e+02
1.487362736787602901e+09 7.862999999999999989e-01 2.789700000000000273e+02
1.487362736887366056e+09 7.874999999999999778e-01 2.789700000000000273e+02
1.487362736987132072e+09 7.864999999999999769e-01 2.789700000000000273e+02
1.487362737086909056e+09 7.863999999999999879e-01 2.789700000000000273e+02
1.487362737201646090e+09 7.868000000000000549e-01 2.789700000000000273e+02
1.487362737301493883e+09 7.866999999999999549e-01 2.789700000000000273e+02
1.487362737400639057e+09 7.860000000000000320e-01 2.789700000000000273e+02
1.487362737500483990e+09 7.868000000000000549e-01 2.789700000000000273e+02
1.487362737600472927e+09 7.871000000000000218e-01 2.789700000000000273e+02
1.487362737699490070e+09 7.868000000000000549e-01 2.789700000000000273e+02
1.487362737799468994e+09 7.869000000000000439e-01 2.789700000000000273e+02
1.487362737899463892e+09 7.868000000000000549e-01 2.789700000000000273e+02
1.487362737998507977e+09 7.871000000000000218e-01 2.789700000000000273e+02
1.487362738112395048e+09 7.873999999999999888e-01 2.789700000000000273e+02
1.487362738211544037e+09 7.874999999999999778e-01 2.789700000000000273e+02
1.487362738311445951e+09 7.863999999999999879e-01 2.789700000000000273e+02
1.487362738411644936e+09 7.866999999999999549e-01 2.789700000000000273e+02
1.487362738510478973e+09 7.869000000000000439e-01 2.789700000000000273e+02
1.487362738610450983e+09 7.874999999999999778e-01 2.789700000000000273e+02
1.487362738706890106e+09 7.873999999999999888e-01 2.789700000000000273e+02
1.487362738809618950e+09 7.871000000000000218e-01 2.789599999999999795e+02
1.487362738909297943e+09 7.861000000000000210e-01 2.789599999999999795e+02
1.487362739022494078e+09 7.864999999999999769e-01 2.789599999999999795e+02
1.487362739120776892e+09 7.870000000000000329e-01 2.789700000000000273e+02
1.487362739222417116e+09 7.868000000000000549e-01 2.789599999999999795e+02
1.487362739322231054e+09 7.870000000000000329e-01 2.789599999999999795e+02
1.487362739421554089e+09 7.868000000000000549e-01 2.789599999999999795e+02
1.487362739521406889e+09 7.866999999999999549e-01 2.789599999999999795e+02
1.487362739620268106e+09 7.874999999999999778e-01 2.789599999999999795e+02
1.487362739720285892e+09 7.859000000000000430e-01 2.789599999999999795e+02
1.487362739830243111e+09 7.862000000000000099e-01 2.789599999999999795e+02
1.487362739930128098e+09 7.868000000000000549e-01 2.789599999999999795e+02
1.487362740029931068e+09 7.870000000000000329e-01 2.789599999999999795e+02
1.487362740129544020e+09 7.868000000000000549e-01 2.789599999999999795e+02
1.487362740229429007e+09 7.871000000000000218e-01 2.789599999999999795e+02
1.487362740329190969e+09 7.872000000000000108e-01 2.789599999999999795e+02
1.487362740428955078e+09 7.864999999999999769e-01 2.789599999999999795e+02
1.487362740528654099e+09 7.875999999999999668e-01 2.789599999999999795e+02
1.487362740645059109e+09 7.876999999999999558e-01 2.789599999999999795e+02
1.487362740744286060e+09 7.870000000000000329e-01 2.789599999999999795e+02
1.487362740844316006e+09 7.863999999999999879e-01 2.789599999999999795e+02
1.487362740943454981e+09 7.866999999999999549e-01 2.789599999999999795e+02
1.487362741043349028e+09 7.866999999999999549e-01 2.789599999999999795e+02
1.487362741140995026e+09 7.870000000000000329e-01 2.789599999999999795e+02
1.487362741239716053e+09 7.872000000000000108e-01 2.789599999999999795e+02
1.487362741342298031e+09 7.870000000000000329e-01 2.789599999999999795e+02
1.487362741456006050e+09 7.870000000000000329e-01 2.789599999999999795e+02
