1.487361598624502897e+09 7.681999999999999940e-01 2.825899999999999750e+02
1.487361598752657890e+09 7.682999999999999829e-01 2.825899999999999750e+02
1.487361598852489948e+09 7.679000000000000270e-01 2.825899999999999750e+02
1.487361598947817087e+09 7.674999999999999600e-01 2.825899999999999750e+02
1.487361599051709890e+09 7.671999999999999931e-01 2.825899999999999750e+02
1.487361599151792049e+09 7.665999999999999481e-01 2.825899999999999750e+02
1.487361599248414993e+09 7.681000000000000050e-01 2.825899999999999750e+02
1.487361599346946001e+09 7.679000000000000270e-01 2.825899999999999750e+02
1.487361599446093082e+09 7.677000000000000490e-01 2.825899999999999750e+02
1.487361599549494982e+09 7.681000000000000050e-01 2.825899999999999750e+02
1.487361599659590006e+09 7.675999999999999490e-01 2.825899999999999750e+02
1.487361599763686895e+09 7.677000000000000490e-01 2.825799999999999841e+02
1.487361599860577106e+09 7.681999999999999940e-01 2.825799999999999841e+02
1.487361599962577105e+09 7.671000000000000041e-01 2.825799999999999841e+02
1.487361600062534094e+09 7.678000000000000380e-01 2.825799999999999841e+02
1.487361600160999060e+09 7.675999999999999490e-01 2.825799999999999841e+02
1.487361600261586905e+09 7.681000000000000050e-01 2.825799999999999841e+02
1.487361600360220909e+09 7.677000000000000490e-01 2.825799999999999841e+02
1.487361600460527897e+09 7.680000000000000160e-01 2.825799999999999841e+02
1.487361600574531078e+09 7.677000000000000490e-01 2.825799999999999841e+02
1.487361600673459053e+09 7.671000000000000041e-01 2.825799999999999841e+02
1.487361600773602009e+09 7.680000000000000160e-01 2.825799999999999841e+02
1.487361600873294115e+09 7.673999999999999710e-01 2.825799999999999841e+02
1.487361600972501993e+09 7.674999999999999600e-01 2.825799999999999841e+02
1.487361601067078114e+09 7.673999999999999710e-01 2.825799999999999841e+02
1.487361601171643019e+09 7.679000000000000270e-01 2.825799999999999841e+02
1.487361601269963980e+09 7.671000000000000041e-01 2.825799999999999841e+02
1.487361601381211042e+09 7.680000000000000160e-01 2.825799999999999841e+02
1.487361601480974913e+09 7.675999999999999490e-01 2.825699999999999932e+02
1.487361601580739975e+09 7.683999999999999719e-01 2.825699999999999932e+02
1.487361601680504084e+09 7.680000000000000160e-01 2.825699999999999932e+02
1.487361601780268908e+09 7.671999999999999931e-01 2.825699999999999932e+02
1.487361601880009890e+09 7.672999999999999821e-01 2.825699999999999932e+02
1.487361601979695082e+09 7.674999999999999600e-01 2.825699999999999932e+02
1.487361602077472925e+09 7.673999999999999710e-01 2.825699999999999932e+02
1.487361602180779934e+09 7.680000000000000160e-01 2.825699999999999932e+02
1.487361602290453911e+09 7.674999999999999600e-01 2.825699999999999932e+02
1.487361602395374060e+09 7.677000000000000490e-01 2.825699999999999932e+02
1.487361602493995905e+09 7.672999999999999821e-01 2.825699999999999932e+02
1.487361602594419956e+09 7.675999999999999490e-01 2.825699999999999932e+02
1.487361602689584970e+09 7.675999999999999490e-01 2.825699999999999932e+02
1.487361602793334007e+09 7.678000000000000380e-01 2.825600000000000023e+02
1.487361602893234015e+09 7.675999999999999490e-01 2.825600000000000023e+02
1.487361602993469000e+09 7.673999999999999710e-01 2.825600000000000023e+02
1.487361603092366934e+09 7.678000000000000380e-01 2.825600000000000023e+02
1.487361603206342936e+09 7.679000000000000270e-01 2.825600000000000023e+02
1.487361603306318998e+09 7.671999999999999931e-01 2.825600000000000023e+02
1.487361603405304909e+09 7.678000000000000380e-01 2.825600000000000023e+02
1.487361603505300045e+09 7.678000000000000380e-01 2.825600000000000023e+02
1.487361603604233027e+09 7.681999999999999940e-01 2.825600000000000023e+02
1.487361603704283953e+09 7.674999999999999600e-01 2.825600000000000023e+02
1.487361603799319983e+09 7.678000000000000380e-01 2.825600000000000023e+02
1.487361603903074026e+09 7.674999999999999600e-01 2.825600000000000023e+02
1.487361604017285109e+09 7.679000000000000270e-01 2.825600000000000023e+02
1.487361604117156982e+09 7.671000000000000041e-01 2.825600000000000023e+02
1.487361604216288090e+09 7.681000000000000050e-01 2.825600000000000023e+02
1.487361604316286087e+09 7.680000000000000160e-01 2.825600000000000023e+02
1.487361604410815954e+09 7.681999999999999940e-01 2.825600000000000023e+02
1.487361604515162945e+09 7.685999999999999499e-01 2.825500000000000114e+02
1.487361604610105991e+09 7.672999999999999821e-01 2.825500000000000114e+02
1.487361604714273930e+09 7.682999999999999829e-01 2.825500000000000114e+02
1.487361604828176975e+09 7.669000000000000261e-01 2.825500000000000114e+02
1.487361604927706957e+09 7.683999999999999719e-01 2.825500000000000114e+02
1.487361605022542000e+09 7.681000000000000050e-01 2.825500000000000114e+02
1.487361605122276068e+09 7.671999999999999931e-01 2.825500000000000114e+02
1.487361605222048044e+09 7.678000000000000380e-01 2.825500000000000114e+02
1.487361605321809053e+09 7.673999999999999710e-01 2.825500000000000114e+02
1.487361605421574116e+09 7.673999999999999710e-01 2.825500000000000114e+02
1.487361605521316051e+09 7.671000000000000041e-01 2.825500000000000114e+02
1.487361605637855053e+09 7.677000000000000490e-01 2.825500000000000114e+02
1.487361605737404108e+09 7.674999999999999600e-01 2.825500000000000114e+02
1.487361605837256908e+09 7.677000000000000490e-01 2.825500000000000114e+02
1.487361605937022924e+09 7.680000000000000160e-01 2.825500000000000114e+02
1.487361606036741972e+09 7.672999999999999821e-01 2.825400000000000205e+02
1.487361606136564016e+09 7.678000000000000380e-01 2.825400000000000205e+02
1.487361606235851049e+09 7.681000000000000050e-01 2.825400000000000205e+02
1.487361606336034060e+09 7.677000000000000490e-01 2.825400000000000205e+02
1.487361606448625088e+09 7.668000000000000371e-01 2.825400000000000205e+02
1.487361606550144911e+09 7.682999999999999829e-01 2.825400000000000205e+02
1.487361606650099039e+09 7.683999999999999719e-01 2.825400000000000205e+02
1.487361606746807098e+09 7.682999999999999829e-01 2.825400000000000205e+02
1.487361606844341040e+09 7.677000000000000490e-01 2.825400000000000205e+02
1.487361606948122025e+09 7.671999999999999931e-01 2.825400000000000205e+02
1.487361607042977095e+09 7.674999999999999600e-01 2.825400000000000205e+02
1.487361607143933058e+09 7.671999999999999931e-01 2.825400000000000205e+02
1.487361607261142015e+09 7.681000000000000050e-01 2.825400000000000205e+02
1.487361607355742931e+09 7.673999999999999710e-01 2.825400000000000205e+02
1.487361607461239100e+09 7.680000000000000160e-01 2.825400000000000205e+02
1.487361607559953928e+09 7.677000000000000490e-01 2.825400000000000205e+02
1.487361607660211086e+09 7.678000000000000380e-01 2.825299999999999727e+02
1.487361607754445076e+09 7.678000000000000380e-01 2.825299999999999727e+02
1.487361607856853962e+09 7.674999999999999600e-01 2.825299999999999727e+02
1.487361607957484961e+09 7.679000000000000270e-01 2.825299999999999727e+02
1.487361608058069944e+09 7.678000000000000380e-01 2.825299999999999727e+02
1.487361608170703888e+09 7.675999999999999490e-01 2.825299999999999727e+02
1.487361608271891117e+09 7.681999999999999940e-01 2.825299999999999727e+02
1.487361608368808985e+09 7.679000000000000270e-01 2.825299999999999727e+02
1.487361608471188068e+09 7.678000000000000380e-01 2.825299999999999727e+02
1.487361608569742918e+09 7.679000000000000270e-01 2.825299999999999727e+02
1.487361608670010090e+09 7.678000000000000380e-01 2.825299999999999727e+02
1.487361608768754005e+09 7.671000000000000041e-01 2.825299999999999727e+02
1.487361608868810892e+09 7.681999999999999940e-01 2.825299999999999727e+02
1.487361608979749918e+09 7.675999999999999490e-01 2.825299999999999727e+02
1.487361609079500914e+09 7.679000000000000270e-01 2.825299999999999727e+02
1.487361609179271936e+09 7.672999999999999821e-01 2.825199999999999818e+02
1.487361609279033899e+09 7.681000000000000050e-01 2.825199999999999818e+02
1.487361609377674103e+09 7.675999999999999490e-01 2.825199999999999818e+02
1.487361609478602886e+09 7.677000000000000490e-01 2.825199999999999818e+02
1.487361609578336954e+09 7.665999999999999481e-01 2.825199999999999818e+02
1.487361609690592051e+09 7.671999999999999931e-01 2.825199999999999818e+02
1.487361609790141106e+09 7.673999999999999710e-01 2.825199999999999818e+02
1.487361609892657042e+09 7.672999999999999821e-01 2.825199999999999818e+02
1.487361609993062019e+09 7.672999999999999821e-01 2.825199999999999818e+02
1.487361610089231014e+09 7.671000000000000041e-01 2.825199999999999818e+02
1.487361610191427946e+09 7.674999999999999600e-01 2.825199999999999818e+02
1.487361610289206028e+09 7.675999999999999490e-01 2.825199999999999818e+02
1.487361610391808033e+09 7.678000000000000380e-01 2.825199999999999818e+02
1.487361610489203930e+09 7.671999999999999931e-01 2.825199999999999818e+02
1.487361610603302956e+09 7.669000000000000261e-01 2.825199999999999818e+02
1.487361610704499006e+09 7.671000000000000041e-01 2.825199999999999818e+02
1.487361610803031921e+09 7.680000000000000160e-01 2.825099999999999909e+02
1.487361610899079084e+09 7.662999999999999812e-01 2.825099999999999909e+02
1.487361611002871990e+09 7.681000000000000050e-01 2.825099999999999909e+02
1.487361611101208925e+09 7.672999999999999821e-01 2.825099999999999909e+02
1.487361611196656942e+09 7.669000000000000261e-01 2.825099999999999909e+02
1.487361611301791906e+09 7.679000000000000270e-01 2.825099999999999909e+02
1.487361611415751934e+09 7.678000000000000380e-01 2.825099999999999909e+02
1.487361611513200998e+09 7.681000000000000050e-01 2.825099999999999909e+02
1.487361611614634037e+09 7.675999999999999490e-01 2.825099999999999909e+02
1.487361611709701061e+09 7.684999999999999609e-01 2.825099999999999909e+02
1.487361611811693907e+09 7.677000000000000490e-01 2.825099999999999909e+02
1.487361611913589001e+09 7.678000000000000380e-01 2.825099999999999909e+02
1.487361612013745070e+09 7.671999999999999931e-01 2.825099999999999909e+02
1.487361612112735033e+09 7.681000000000000050e-01 2.825099999999999909e+02
1.487361612221959114e+09 7.675999999999999490e-01 2.825000000000000000e+02
1.487361612323673964e+09 7.680000000000000160e-01 2.825000000000000000e+02
1.487361612422677040e+09 7.678000000000000380e-01 2.825000000000000000e+02
1.487361612521281958e+09 7.681000000000000050e-01 2.825000000000000000e+02
1.487361612620930910e+09 7.678000000000000380e-01 2.825000000000000000e+02
1.487361612720933914e+09 7.673999999999999710e-01 2.825000000000000000e+02
1.487361612820846081e+09 7.675999999999999490e-01 2.825000000000000000e+02
1.487361612920243025e+09 7.671999999999999931e-01 2.825000000000000000e+02
1.487361613035533905e+09 7.674999999999999600e-01 2.825000000000000000e+02
1.487361613133070946e+09 7.675999999999999490e-01 2.825000000000000000e+02
1.487361613236115932e+09 7.675999999999999490e-01 2.825000000000000000e+02
1.487361613336026907e+09 7.678000000000000380e-01 2.825000000000000000e+02
1.487361613434350967e+09 7.672999999999999821e-01 2.825000000000000000e+02
1.487361613535485029e+09 7.679000000000000270e-01 2.825000000000000000e+02
1.487361613633078098e+09 7.674999999999999600e-01 2.825000000000000000e+02
1.487361613731199980e+09 7.675999999999999490e-01 2.825000000000000000e+02
1.487361613830524921e+09 7.677000000000000490e-01 2.825000000000000000e+02
1.487361613948462009e+09 7.673999999999999710e-01 2.824900000000000091e+02
1.487361614047394991e+09 7.670000000000000151e-01 2.824900000000000091e+02
1.487361614147547960e+09 7.675999999999999490e-01 2.824900000000000091e+02
1.487361614245264053e+09 7.680000000000000160e-01 2.824900000000000091e+02
1.487361614346493959e+09 7.674999999999999600e-01 2.824900000000000091e+02
1.487361614443790913e+09 7.682999999999999829e-01 2.824900000000000091e+02
1.487361614545193911e+09 7.671999999999999931e-01 2.824900000000000091e+02
1.487361614659296036e+09 7.669000000000000261e-01 2.824900000000000091e+02
1.487361614757499933e+09 7.668000000000000371e-01 2.824900000000000091e+02
1.487361614857029915e+09 7.678000000000000380e-01 2.824900000000000091e+02
1.487361614958185911e+09 7.671000000000000041e-01 2.824900000000000091e+02
1.487361615058377028e+09 7.671999999999999931e-01 2.824900000000000091e+02
1.487361615157521009e+09 7.680000000000000160e-01 2.824900000000000091e+02
1.487361615254081964e+09 7.673999999999999710e-01 2.824900000000000091e+02
1.487361615356307983e+09 7.674999999999999600e-01 2.824900000000000091e+02
1.487361615456221104e+09 7.681000000000000050e-01 2.824800000000000182e+02
1.487361615566139936e+09 7.665999999999999481e-01 2.824800000000000182e+02
1.487361615664717913e+09 7.673999999999999710e-01 2.824800000000000182e+02
1.487361615767790079e+09 7.680000000000000160e-01 2.824800000000000182e+02
1.487361615869241953e+09 7.670000000000000151e-01 2.824800000000000182e+02
1.487361615963148117e+09 7.669000000000000261e-01 2.824800000000000182e+02
1.487361616063165903e+09 7.680000000000000160e-01 2.824800000000000182e+02
1.487361616162487984e+09 7.687000000000000499e-01 2.824800000000000182e+02
1.487361616266011000e+09 7.677000000000000490e-01 2.824800000000000182e+02
1.487361616366215944e+09 7.675999999999999490e-01 2.824800000000000182e+02
1.487361616478513002e+09 7.681000000000000050e-01 2.824800000000000182e+02
1.487361616575328112e+09 7.678000000000000380e-01 2.824800000000000182e+02
1.487361616678045988e+09 7.675999999999999490e-01 2.824800000000000182e+02
1.487361616777981997e+09 7.674999999999999600e-01 2.824800000000000182e+02
1.487361616875022888e+09 7.680000000000000160e-01 2.824800000000000182e+02
1.487361616973467112e+09 7.681999999999999940e-01 2.824700000000000273e+02
1.487361617077136993e+09 7.675999999999999490e-01 2.824700000000000273e+02
1.487361617176486969e+09 7.669000000000000261e-01 2.824700000000000273e+02
1.487361617291202068e+09 7.667000000000000481e-01 2.824700000000000273e+02
1.487361617388730049e+09 7.675999999999999490e-01 2.824700000000000273e+02
1.487361617487554073e+09 7.678000000000000380e-01 2.824700000000000273e+02
1.487361617585347891e+09 7.675999999999999490e-01 2.824700000000000273e+02
1.487361617687391996e+09 7.668000000000000371e-01 2.824700000000000273e+02
1.487361617789771080e+09 7.679000000000000270e-01 2.824700000000000273e+02
1.487361617889226913e+09 7.682999999999999829e-01 2.824700000000000273e+02
1.487361617989226103e+09 7.669000000000000261e-01 2.824700000000000273e+02
1.487361618101710081e+09 7.681999999999999940e-01 2.824700000000000273e+02
1.487361618199584007e+09 7.679000000000000270e-01 2.824700000000000273e+02
1.487361618301743984e+09 7.674999999999999600e-01 2.824700000000000273e+02
1.487361618401120901e+09 7.670000000000000151e-01 2.824700000000000273e+02
1.487361618496731043e+09 7.682999999999999829e-01 2.824599999999999795e+02
1.487361618601104021e+09 7.674999999999999600e-01 2.824599999999999795e+02
1.487361618699976921e+09 7.673999999999999710e-01 2.824599999999999795e+02
1.487361618798063040e+09 7.675999999999999490e-01 2.824599999999999795e+02
1.487361618913939953e+09 7.667000000000000481e-01 2.824599999999999795e+02
1.487361619010658026e+09 7.675999999999999490e-01 2.824599999999999795e+02
1.487361619109694004e+09 7.663999999999999702e-01 2.824599999999999795e+02
1.487361619210819960e+09 7.682999999999999829e-01 2.824599999999999795e+02
1.487361619312058926e+09 7.674999999999999600e-01 2.824599999999999795e+02
1.487361619411895990e+09 7.671999999999999931e-01 2.824599999999999795e+02
1.487361619509994030e+09 7.681999999999999940e-01 2.824599999999999795e+02
1.487361619610372066e+09 7.681000000000000050e-01 2.824499999999999886e+02
1.487361619720815897e+09 7.672999999999999821e-01 2.824499999999999886e+02
1.487361619820593119e+09 7.675999999999999490e-01 2.824499999999999886e+02
1.487361619920331955e+09 7.681000000000000050e-01 2.824499999999999886e+02
1.487361620020098925e+09 7.672999999999999821e-01 2.824499999999999886e+02
1.487361620117835999e+09 7.679000000000000270e-01 2.824499999999999886e+02
1.487361620219615936e+09 7.679000000000000270e-01 2.824499999999999886e+02
1.487361620319355011e+09 7.672999999999999821e-01 2.824499999999999886e+02
1.487361620419204950e+09 7.673999999999999710e-01 2.824499999999999886e+02
1.487361620535501957e+09 7.678000000000000380e-01 2.824499999999999886e+02
1.487361620632466078e+09 7.681999999999999940e-01 2.824499999999999886e+02
1.487361620734711885e+09 7.673999999999999710e-01 2.824499999999999886e+02
1.487361620833806038e+09 7.672999999999999821e-01 2.824499999999999886e+02
1.487361620933830023e+09 7.680000000000000160e-01 2.824499999999999886e+02
1.487361621033830881e+09 7.678000000000000380e-01 2.824499999999999886e+02
1.487361621132762909e+09 7.679000000000000270e-01 2.824499999999999886e+02
1.487361621232749939e+09 7.681000000000000050e-01 2.824399999999999977e+02
1.487361621346647978e+09 7.673999999999999710e-01 2.824399999999999977e+02
1.487361621445909023e+09 7.675999999999999490e-01 2.824399999999999977e+02
1.487361621545685053e+09 7.671999999999999931e-01 2.824399999999999977e+02
1.487361621644772053e+09 7.668000000000000371e-01 2.824399999999999977e+02
1.487361621741015911e+09 7.678000000000000380e-01 2.824399999999999977e+02
1.487361621844805956e+09 7.671000000000000041e-01 2.824399999999999977e+02
1.487361621943698883e+09 7.678000000000000380e-01 2.824399999999999977e+02
1.487361622043610096e+09 7.678000000000000380e-01 2.824399999999999977e+02
1.487361622140918970e+09 7.671999999999999931e-01 2.824399999999999977e+02
1.487361622257112026e+09 7.684999999999999609e-01 2.824399999999999977e+02
1.487361622356690884e+09 7.678000000000000380e-01 2.824399999999999977e+02
1.487361622455624104e+09 7.670000000000000151e-01 2.824399999999999977e+02
1.487361622554406881e+09 7.671999999999999931e-01 2.824399999999999977e+02
1.487361622655721903e+09 7.681999999999999940e-01 2.824399999999999977e+02
1.487361622754620075e+09 7.671999999999999931e-01 2.824399999999999977e+02
1.487361622854577065e+09 7.681999999999999940e-01 2.824399999999999977e+02
1.487361622954524994e+09 7.678000000000000380e-01 2.824300000000000068e+02
1.487361623062861919e+09 7.680000000000000160e-01 2.824300000000000068e+02
1.487361623167550087e+09 7.674999999999999600e-01 2.824300000000000068e+02
1.487361623267554998e+09 7.677000000000000490e-01 2.824300000000000068e+02
1.487361623362152100e+09 7.675999999999999490e-01 2.824300000000000068e+02
1.487361623461971045e+09 7.675999999999999490e-01 2.824300000000000068e+02
1.487361623561647892e+09 7.675999999999999490e-01 2.824300000000000068e+02
1.487361623661611080e+09 7.681999999999999940e-01 2.824300000000000068e+02
1.487361623774707079e+09 7.674999999999999600e-01 2.824300000000000068e+02
1.487361623877577066e+09 7.679000000000000270e-01 2.824300000000000068e+02
1.487361623977334976e+09 7.671000000000000041e-01 2.824300000000000068e+02
1.487361624077100992e+09 7.669000000000000261e-01 2.824300000000000068e+02
1.487361624176811934e+09 7.670000000000000151e-01 2.824300000000000068e+02
1.487361624276745081e+09 7.665999999999999481e-01 2.824300000000000068e+02
1.487361624373007059e+09 7.673999999999999710e-01 2.824300000000000068e+02
1.487361624476087093e+09 7.680000000000000160e-01 2.824300000000000068e+02
1.487361624574883938e+09 7.672999999999999821e-01 2.824200000000000159e+02
1.487361624684634924e+09 7.675999999999999490e-01 2.824200000000000159e+02
1.487361624784993887e+09 7.678000000000000380e-01 2.824200000000000159e+02
1.487361624889036894e+09 7.678000000000000380e-01 2.824200000000000159e+02
1.487361624988336086e+09 7.675999999999999490e-01 2.824200000000000159e+02
1.487361625087382078e+09 7.681000000000000050e-01 2.824200000000000159e+02
1.487361625187412977e+09 7.665999999999999481e-01 2.824200000000000159e+02
1.487361625287451982e+09 7.674999999999999600e-01 2.824200000000000159e+02
1.487361625384592056e+09 7.670000000000000151e-01 2.824200000000000159e+02
1.487361625497761011e+09 7.677000000000000490e-01 2.824200000000000159e+02
1.487361625600404978e+09 7.671999999999999931e-01 2.824200000000000159e+02
1.487361625695420027e+09 7.671000000000000041e-01 2.824200000000000159e+02
1.487361625799537897e+09 7.681000000000000050e-01 2.824200000000000159e+02
1.487361625894959927e+09 7.671000000000000041e-01 2.824200000000000159e+02
1.487361625998400927e+09 7.679000000000000270e-01 2.824200000000000159e+02
1.487361626098356009e+09 7.664999999999999591e-01 2.824200000000000159e+02
1.487361626198434114e+09 7.677000000000000490e-01 2.824100000000000250e+02
1.487361626310622931e+09 7.673999999999999710e-01 2.824100000000000250e+02
1.487361626406431913e+09 7.672999999999999821e-01 2.824100000000000250e+02
1.487361626506447077e+09 7.671999999999999931e-01 2.824100000000000250e+02
1.487361626610225916e+09 7.673999999999999710e-01 2.824100000000000250e+02
1.487361626710306883e+09 7.679000000000000270e-01 2.824100000000000250e+02
1.487361626808963060e+09 7.673999999999999710e-01 2.824100000000000250e+02
1.487361626908387899e+09 7.679000000000000270e-01 2.824100000000000250e+02
1.487361627020148993e+09 7.679000000000000270e-01 2.824100000000000250e+02
1.487361627119817019e+09 7.677000000000000490e-01 2.824100000000000250e+02
1.487361627219568014e+09 7.675999999999999490e-01 2.824100000000000250e+02
1.487361627319370031e+09 7.675999999999999490e-01 2.824100000000000250e+02
1.487361627416110039e+09 7.685999999999999499e-01 2.824100000000000250e+02
1.487361627517889977e+09 7.674999999999999600e-01 2.824100000000000250e+02
1.487361627618640900e+09 7.680000000000000160e-01 2.824100000000000250e+02
1.487361627718416929e+09 7.679000000000000270e-01 2.824100000000000250e+02
1.487361627834343910e+09 7.681000000000000050e-01 2.824100000000000250e+02
1.487361627933176994e+09 7.674999999999999600e-01 2.823999999999999773e+02
1.487361628030132055e+09 7.678000000000000380e-01 2.823999999999999773e+02
1.487361628132317066e+09 7.679000000000000270e-01 2.823999999999999773e+02
1.487361628232518911e+09 7.681000000000000050e-01 2.823999999999999773e+02
1.487361628328701973e+09 7.673999999999999710e-01 2.823999999999999773e+02
1.487361628427212000e+09 7.674999999999999600e-01 2.823999999999999773e+02
1.487361628529850006e+09 7.671999999999999931e-01 2.823999999999999773e+02
1.487361628643002987e+09 7.671000000000000041e-01 2.823999999999999773e+02
1.487361628740812063e+09 7.671999999999999931e-01 2.823999999999999773e+02
1.487361628842863083e+09 7.673999999999999710e-01 2.823999999999999773e+02
1.487361628940762043e+09 7.677000000000000490e-01 2.823999999999999773e+02
1.487361629039056063e+09 7.672999999999999821e-01 2.823999999999999773e+02
1.487361629143132925e+09 7.672999999999999821e-01 2.823899999999999864e+02
1.487361629242527008e+09 7.671000000000000041e-01 2.823899999999999864e+02
1.487361629341980934e+09 7.680000000000000160e-01 2.823899999999999864e+02
1.487361629442037106e+09 7.675999999999999490e-01 2.823899999999999864e+02
1.487361629553499937e+09 7.677000000000000490e-01 2.823899999999999864e+02
1.487361629655090094e+09 7.672999999999999821e-01 2.823899999999999864e+02
1.487361629755105019e+09 7.675999999999999490e-01 2.823899999999999864e+02
1.487361629853952885e+09 7.674999999999999600e-01 2.823899999999999864e+02
1.487361629952312946e+09 7.681000000000000050e-01 2.823899999999999864e+02
1.487361630054002047e+09 7.674999999999999600e-01 2.823899999999999864e+02
1.487361630150993109e+09 7.668000000000000371e-01 2.823899999999999864e+02
1.487361630253106117e+09 7.673999999999999710e-01 2.823899999999999864e+02
1.487361630362154961e+09 7.683999999999999719e-01 2.823899999999999864e+02
1.487361630461726904e+09 7.677000000000000490e-01 2.823899999999999864e+02
1.487361630561003923e+09 7.672999999999999821e-01 2.823899999999999864e+02
1.487361630661364079e+09 7.671999999999999931e-01 2.823899999999999864e+02
1.487361630761111021e+09 7.677000000000000490e-01 2.823899999999999864e+02
1.487361630860902071e+09 7.667000000000000481e-01 2.823799999999999955e+02
1.487361630960546017e+09 7.677000000000000490e-01 2.823799999999999955e+02
1.487361631060128927e+09 7.671999999999999931e-01 2.823799999999999955e+02
1.487361631173666000e+09 7.670000000000000151e-01 2.823799999999999955e+02
1.487361631276575089e+09 7.671000000000000041e-01 2.823799999999999955e+02
1.487361631376343966e+09 7.674999999999999600e-01 2.823799999999999955e+02
1.487361631475999117e+09 7.674999999999999600e-01 2.823799999999999955e+02
1.487361631571314096e+09 7.674999999999999600e-01 2.823799999999999955e+02
1.487361631675652027e+09 7.674999999999999600e-01 2.823799999999999955e+02
1.487361631774580956e+09 7.672999999999999821e-01 2.823799999999999955e+02
1.487361631874871016e+09 7.682999999999999829e-01 2.823799999999999955e+02
1.487361631988909960e+09 7.681000000000000050e-01 2.823799999999999955e+02
1.487361632087747097e+09 7.679000000000000270e-01 2.823799999999999955e+02
1.487361632187671900e+09 7.677000000000000490e-01 2.823799999999999955e+02
1.487361632286686897e+09 7.671000000000000041e-01 2.823799999999999955e+02
1.487361632386681080e+09 7.679000000000000270e-01 2.823700000000000045e+02
1.487361632486871958e+09 7.680000000000000160e-01 2.823700000000000045e+02
1.487361632585722923e+09 7.677000000000000490e-01 2.823700000000000045e+02
1.487361632683058977e+09 7.675999999999999490e-01 2.823700000000000045e+02
1.487361632794801950e+09 7.671999999999999931e-01 2.823700000000000045e+02
1.487361632898753881e+09 7.678000000000000380e-01 2.823700000000000045e+02
1.487361632994627953e+09 7.681999999999999940e-01 2.823700000000000045e+02
1.487361633097704887e+09 7.680000000000000160e-01 2.823700000000000045e+02
1.487361633197599888e+09 7.674999999999999600e-01 2.823700000000000045e+02
1.487361633297660112e+09 7.671000000000000041e-01 2.823700000000000045e+02
1.487361633396625996e+09 7.665999999999999481e-01 2.823700000000000045e+02
1.487361633496598005e+09 7.680000000000000160e-01 2.823700000000000045e+02
1.487361633610790968e+09 7.678000000000000380e-01 2.823700000000000045e+02
1.487361633709952116e+09 7.679000000000000270e-01 2.823700000000000045e+02
1.487361633809572935e+09 7.675999999999999490e-01 2.823700000000000045e+02
1.487361633909363031e+09 7.672999999999999821e-01 2.823700000000000045e+02
1.487361634008577108e+09 7.664999999999999591e-01 2.823700000000000045e+02
1.487361634108719110e+09 7.674999999999999600e-01 2.823600000000000136e+02
1.487361634203073978e+09 7.681999999999999940e-01 2.823600000000000136e+02
1.487361634307712078e+09 7.677000000000000490e-01 2.823600000000000136e+02
1.487361634419060946e+09 7.683999999999999719e-01 2.823600000000000136e+02
1.487361634518821001e+09 7.672999999999999821e-01 2.823600000000000136e+02
1.487361634618585110e+09 7.675999999999999490e-01 2.823600000000000136e+02
1.487361634718394041e+09 7.681999999999999940e-01 2.823600000000000136e+02
1.487361634818131924e+09 7.679000000000000270e-01 2.823600000000000136e+02
1.487361634917870045e+09 7.677000000000000490e-01 2.823600000000000136e+02
1.487361635017646074e+09 7.671999999999999931e-01 2.823600000000000136e+02
1.487361635117410898e+09 7.679000000000000270e-01 2.823600000000000136e+02
1.487361635232650042e+09 7.670000000000000151e-01 2.823600000000000136e+02
1.487361635332705021e+09 7.683999999999999719e-01 2.823600000000000136e+02
1.487361635431463957e+09 7.675999999999999490e-01 2.823600000000000136e+02
1.487361635531560898e+09 7.674999999999999600e-01 2.823600000000000136e+02
1.487361635630562067e+09 7.669000000000000261e-01 2.823600000000000136e+02
1.487361635730603933e+09 7.675999999999999490e-01 2.823600000000000136e+02
1.487361635830440044e+09 7.657000000000000473e-01 2.823500000000000227e+02
1.487361635929492950e+09 7.662999999999999812e-01 2.823500000000000227e+02
1.487361636029580116e+09 7.664999999999999591e-01 2.823500000000000227e+02
1.487361636143574953e+09 7.677000000000000490e-01 2.823500000000000227e+02
1.487361636242490053e+09 7.679000000000000270e-01 2.823500000000000227e+02
1.487361636342335939e+09 7.674999999999999600e-01 2.823500000000000227e+02
1.487361636441380978e+09 7.679000000000000270e-01 2.823500000000000227e+02
1.487361636541434050e+09 7.681999999999999940e-01 2.823500000000000227e+02
1.487361636641518116e+09 7.678000000000000380e-01 2.823500000000000227e+02
1.487361636740550041e+09 7.680000000000000160e-01 2.823500000000000227e+02
1.487361636853296041e+09 7.674999999999999600e-01 2.823500000000000227e+02
1.487361636954433918e+09 7.679000000000000270e-01 2.823500000000000227e+02
1.487361637052042007e+09 7.671000000000000041e-01 2.823500000000000227e+02
1.487361637153474092e+09 7.668000000000000371e-01 2.823500000000000227e+02
1.487361637252275944e+09 7.675999999999999490e-01 2.823500000000000227e+02
1.487361637352449894e+09 7.678000000000000380e-01 2.823500000000000227e+02
1.487361637452189922e+09 7.678000000000000380e-01 2.823399999999999750e+02
1.487361637551343918e+09 7.664999999999999591e-01 2.823399999999999750e+02
1.487361637651431084e+09 7.672999999999999821e-01 2.823399999999999750e+02
1.487361637761126041e+09 7.677000000000000490e-01 2.823399999999999750e+02
1.487361637860888004e+09 7.677000000000000490e-01 2.823399999999999750e+02
1.487361637962912083e+09 7.680000000000000160e-01 2.823399999999999750e+02
1.487361638061191082e+09 7.668000000000000371e-01 2.823399999999999750e+02
1.487361638159786940e+09 7.668000000000000371e-01 2.823399999999999750e+02
1.487361638259897947e+09 7.671000000000000041e-01 2.823399999999999750e+02
1.487361638358531952e+09 7.683999999999999719e-01 2.823399999999999750e+02
1.487361638459429026e+09 7.673999999999999710e-01 2.823399999999999750e+02
1.487361638559205055e+09 7.671000000000000041e-01 2.823399999999999750e+02
1.487361638674766064e+09 7.673999999999999710e-01 2.823299999999999841e+02
1.487361638775201082e+09 7.668000000000000371e-01 2.823299999999999841e+02
1.487361638874311924e+09 7.682999999999999829e-01 2.823299999999999841e+02
1.487361638973819017e+09 7.674999999999999600e-01 2.823299999999999841e+02
1.487361639072428942e+09 7.678000000000000380e-01 2.823299999999999841e+02
1.487361639171354055e+09 7.679000000000000270e-01 2.823299999999999841e+02
1.487361639273354053e+09 7.684999999999999609e-01 2.823299999999999841e+02
1.487361639372214079e+09 7.678000000000000380e-01 2.823299999999999841e+02
1.487361639486320019e+09 7.673999999999999710e-01 2.823299999999999841e+02
1.487361639586066961e+09 7.671999999999999931e-01 2.823299999999999841e+02
1.487361639685153008e+09 7.672999999999999821e-01 2.823299999999999841e+02
1.487361639784754992e+09 7.671000000000000041e-01 2.823299999999999841e+02
1.487361639885193110e+09 7.675999999999999490e-01 2.823299999999999841e+02
1.487361639984257936e+09 7.677000000000000490e-01 2.823299999999999841e+02
1.487361640084057093e+09 7.668000000000000371e-01 2.823299999999999841e+02
1.487361640178144932e+09 7.678000000000000380e-01 2.823299999999999841e+02
1.487361640296942949e+09 7.677000000000000490e-01 2.823299999999999841e+02
1.487361640397202969e+09 7.675999999999999490e-01 2.823199999999999932e+02
1.487361640493313074e+09 7.678000000000000380e-01 2.823199999999999932e+02
1.487361640596064091e+09 7.677000000000000490e-01 2.823199999999999932e+02
1.487361640696038008e+09 7.677000000000000490e-01 2.823199999999999932e+02
1.487361640794995070e+09 7.679000000000000270e-01 2.823199999999999932e+02
1.487361640894964933e+09 7.677000000000000490e-01 2.823199999999999932e+02
1.487361640995074034e+09 7.681999999999999940e-01 2.823199999999999932e+02
1.487361641103176117e+09 7.679000000000000270e-01 2.823199999999999932e+02
1.487361641208132029e+09 7.682999999999999829e-01 2.823199999999999932e+02
1.487361641308136940e+09 7.678000000000000380e-01 2.823199999999999932e+02
1.487361641402431011e+09 7.673999999999999710e-01 2.823199999999999932e+02
1.487361641502201080e+09 7.679000000000000270e-01 2.823199999999999932e+02
1.487361641601990938e+09 7.672999999999999821e-01 2.823199999999999932e+02
1.487361641701760054e+09 7.677000000000000490e-01 2.823199999999999932e+02
1.487361641801479101e+09 7.673999999999999710e-01 2.823199999999999932e+02
1.487361641917926073e+09 7.677000000000000490e-01 2.823199999999999932e+02
1.487361642014354944e+09 7.675999999999999490e-01 2.823100000000000023e+02
1.487361642117397070e+09 7.674999999999999600e-01 2.823100000000000023e+02
1.487361642217116117e+09 7.681000000000000050e-01 2.823100000000000023e+02
1.487361642316878080e+09 7.680000000000000160e-01 2.823100000000000023e+02
1.487361642416656971e+09 7.673999999999999710e-01 2.823100000000000023e+02
1.487361642515221119e+09 7.678000000000000380e-01 2.823100000000000023e+02
1.487361642616208076e+09 7.678000000000000380e-01 2.823100000000000023e+02
1.487361642729042053e+09 7.685999999999999499e-01 2.823100000000000023e+02
1.487361642829854012e+09 7.672999999999999821e-01 2.823100000000000023e+02
1.487361642930058956e+09 7.672999999999999821e-01 2.823100000000000023e+02
1.487361643028841019e+09 7.681999999999999940e-01 2.823100000000000023e+02
1.487361643128804922e+09 7.678000000000000380e-01 2.823100000000000023e+02
1.487361643227968931e+09 7.681999999999999940e-01 2.823100000000000023e+02
1.487361643327930927e+09 7.677000000000000490e-01 2.823100000000000023e+02
1.487361643426043034e+09 7.682999999999999829e-01 2.823100000000000023e+02
1.487361643540839911e+09 7.681999999999999940e-01 2.823000000000000114e+02
1.487361643640337944e+09 7.669000000000000261e-01 2.823000000000000114e+02
1.487361643740875959e+09 7.678000000000000380e-01 2.823000000000000114e+02
1.487361643839771986e+09 7.685999999999999499e-01 2.823000000000000114e+02
1.487361643939829111e+09 7.677000000000000490e-01 2.823000000000000114e+02
1.487361644038738966e+09 7.677000000000000490e-01 2.823000000000000114e+02
1.487361644138732910e+09 7.671000000000000041e-01 2.823000000000000114e+02
1.487361644234322071e+09 7.680000000000000160e-01 2.823000000000000114e+02
1.487361644335057974e+09 7.669000000000000261e-01 2.823000000000000114e+02
1.487361644451762915e+09 7.673999999999999710e-01 2.823000000000000114e+02
1.487361644551656008e+09 7.677000000000000490e-01 2.823000000000000114e+02
1.487361644650017977e+09 7.673999999999999710e-01 2.823000000000000114e+02
1.487361644750638008e+09 7.674999999999999600e-01 2.823000000000000114e+02
1.487361644849687099e+09 7.671000000000000041e-01 2.822900000000000205e+02
1.487361644949592113e+09 7.670000000000000151e-01 2.822900000000000205e+02
1.487361645049650908e+09 7.679000000000000270e-01 2.822900000000000205e+02
1.487361645148613930e+09 7.677000000000000490e-01 2.822900000000000205e+02
1.487361645259893894e+09 7.669000000000000261e-01 2.822900000000000205e+02
1.487361645359426022e+09 7.679000000000000270e-01 2.822900000000000205e+02
1.487361645459422112e+09 7.681999999999999940e-01 2.822900000000000205e+02
1.487361645559190035e+09 7.675999999999999490e-01 2.822900000000000205e+02
1.487361645658951044e+09 7.677000000000000490e-01 2.822900000000000205e+02
1.487361645757796049e+09 7.674999999999999600e-01 2.822900000000000205e+02
1.487361645858479023e+09 7.681000000000000050e-01 2.822900000000000205e+02
1.487361645958256960e+09 7.681999999999999940e-01 2.822900000000000205e+02
1.487361646057955027e+09 7.674999999999999600e-01 2.822900000000000205e+02
1.487361646154882908e+09 7.682999999999999829e-01 2.822900000000000205e+02
1.487361646273684978e+09 7.669000000000000261e-01 2.822900000000000205e+02
1.487361646367728949e+09 7.679000000000000270e-01 2.822900000000000205e+02
1.487361646472534895e+09 7.681000000000000050e-01 2.822799999999999727e+02
1.487361646571584940e+09 7.671999999999999931e-01 2.822799999999999727e+02
1.487361646666552067e+09 7.681000000000000050e-01 2.822799999999999727e+02
1.487361646769794941e+09 7.671999999999999931e-01 2.822799999999999727e+02
1.487361646870675087e+09 7.679000000000000270e-01 2.822799999999999727e+02
1.487361646970693111e+09 7.681000000000000050e-01 2.822799999999999727e+02
1.487361647064613104e+09 7.678000000000000380e-01 2.822799999999999727e+02
1.487361647178916931e+09 7.672999999999999821e-01 2.822799999999999727e+02
1.487361647281316042e+09 7.675999999999999490e-01 2.822799999999999727e+02
1.487361647382414103e+09 7.677000000000000490e-01 2.822799999999999727e+02
1.487361647482469082e+09 7.671000000000000041e-01 2.822799999999999727e+02
1.487361647581572056e+09 7.687000000000000499e-01 2.822799999999999727e+02
1.487361647681154966e+09 7.672999999999999821e-01 2.822799999999999727e+02
1.487361647781435013e+09 7.681999999999999940e-01 2.822799999999999727e+02
1.487361647880441904e+09 7.680000000000000160e-01 2.822699999999999818e+02
1.487361647980439901e+09 7.675999999999999490e-01 2.822699999999999818e+02
1.487361648094263077e+09 7.674999999999999600e-01 2.822699999999999818e+02
1.487361648192768097e+09 7.677000000000000490e-01 2.822699999999999818e+02
1.487361648292818069e+09 7.679000000000000270e-01 2.822699999999999818e+02
1.487361648392462969e+09 7.678000000000000380e-01 2.822699999999999818e+02
1.487361648490351915e+09 7.680000000000000160e-01 2.822699999999999818e+02
1.487361648592324018e+09 7.678000000000000380e-01 2.822699999999999818e+02
1.487361648690999985e+09 7.682999999999999829e-01 2.822699999999999818e+02
1.487361648791285038e+09 7.675999999999999490e-01 2.822699999999999818e+02
1.487361648890295029e+09 7.678000000000000380e-01 2.822699999999999818e+02
1.487361649000943899e+09 7.673999999999999710e-01 2.822699999999999818e+02
1.487361649100765944e+09 7.681999999999999940e-01 2.822699999999999818e+02
1.487361649200495958e+09 7.668000000000000371e-01 2.822599999999999909e+02
1.487361649298223019e+09 7.681000000000000050e-01 2.822599999999999909e+02
1.487361649400026083e+09 7.678000000000000380e-01 2.822599999999999909e+02
1.487361649499793053e+09 7.681000000000000050e-01 2.822599999999999909e+02
1.487361649601870060e+09 7.675999999999999490e-01 2.822599999999999909e+02
1.487361649698057890e+09 7.680000000000000160e-01 2.822599999999999909e+02
1.487361649799021006e+09 7.678000000000000380e-01 2.822599999999999909e+02
1.487361649915234089e+09 7.672999999999999821e-01 2.822599999999999909e+02
1.487361650012837887e+09 7.675999999999999490e-01 2.822599999999999909e+02
1.487361650114180088e+09 7.677000000000000490e-01 2.822599999999999909e+02
1.487361650214221001e+09 7.678000000000000380e-01 2.822599999999999909e+02
1.487361650313211918e+09 7.673999999999999710e-01 2.822599999999999909e+02
1.487361650409933090e+09 7.677000000000000490e-01 2.822599999999999909e+02
1.487361650506989002e+09 7.679000000000000270e-01 2.822599999999999909e+02
1.487361650608774900e+09 7.679000000000000270e-01 2.822500000000000000e+02
1.487361650724880934e+09 7.674999999999999600e-01 2.822500000000000000e+02
1.487361650820207119e+09 7.667000000000000481e-01 2.822500000000000000e+02
1.487361650923458099e+09 7.674999999999999600e-01 2.822500000000000000e+02
1.487361651025036097e+09 7.672999999999999821e-01 2.822500000000000000e+02
1.487361651124228954e+09 7.670000000000000151e-01 2.822500000000000000e+02
1.487361651224267006e+09 7.674999999999999600e-01 2.822500000000000000e+02
1.487361651323117971e+09 7.678000000000000380e-01 2.822500000000000000e+02
1.487361651418081999e+09 7.674999999999999600e-01 2.822500000000000000e+02
1.487361651534559965e+09 7.672999999999999821e-01 2.822500000000000000e+02
1.487361651630953074e+09 7.675999999999999490e-01 2.822500000000000000e+02
1.487361651730938911e+09 7.674999999999999600e-01 2.822500000000000000e+02
1.487361651832326889e+09 7.673999999999999710e-01 2.822500000000000000e+02
1.487361651930890083e+09 7.678000000000000380e-01 2.822400000000000091e+02
1.487361652032344103e+09 7.672999999999999821e-01 2.822400000000000091e+02
1.487361652134968996e+09 7.675999999999999490e-01 2.822400000000000091e+02
1.487361652229155064e+09 7.672999999999999821e-01 2.822400000000000091e+02
1.487361652348030090e+09 7.677000000000000490e-01 2.822400000000000091e+02
1.487361652442729950e+09 7.681999999999999940e-01 2.822400000000000091e+02
1.487361652542490959e+09 7.668000000000000371e-01 2.822400000000000091e+02
1.487361652642232895e+09 7.688000000000000389e-01 2.822400000000000091e+02
1.487361652742070913e+09 7.667000000000000481e-01 2.822400000000000091e+02
1.487361652841686010e+09 7.672999999999999821e-01 2.822400000000000091e+02
1.487361652941564083e+09 7.678000000000000380e-01 2.822400000000000091e+02
1.487361653058104992e+09 7.675999999999999490e-01 2.822400000000000091e+02
1.487361653154395103e+09 7.672999999999999821e-01 2.822400000000000091e+02
1.487361653257508993e+09 7.668000000000000371e-01 2.822400000000000091e+02
1.487361653357266903e+09 7.671000000000000041e-01 2.822300000000000182e+02
1.487361653457015038e+09 7.672999999999999821e-01 2.822300000000000182e+02
1.487361653554323912e+09 7.673999999999999710e-01 2.822300000000000182e+02
1.487361653656544924e+09 7.671000000000000041e-01 2.822300000000000182e+02
1.487361653756302118e+09 7.675999999999999490e-01 2.822300000000000182e+02
1.487361653865264893e+09 7.663999999999999702e-01 2.822300000000000182e+02
1.487361653969409943e+09 7.681999999999999940e-01 2.822300000000000182e+02
1.487361654064881086e+09 7.674999999999999600e-01 2.822300000000000182e+02
1.487361654168893099e+09 7.684999999999999609e-01 2.822300000000000182e+02
1.487361654268765926e+09 7.677000000000000490e-01 2.822300000000000182e+02
1.487361654367779970e+09 7.677000000000000490e-01 2.822300000000000182e+02
1.487361654465919018e+09 7.682999999999999829e-01 2.822200000000000273e+02
1.487361654568037033e+09 7.679000000000000270e-01 2.822200000000000273e+02
1.487361654680736065e+09 7.674999999999999600e-01 2.822200000000000273e+02
1.487361654781025887e+09 7.674999999999999600e-01 2.822200000000000273e+02
1.487361654880769014e+09 7.677000000000000490e-01 2.822200000000000273e+02
1.487361654975517988e+09 7.685999999999999499e-01 2.822200000000000273e+02
1.487361655079370975e+09 7.681999999999999940e-01 2.822200000000000273e+02
1.487361655178863049e+09 7.677000000000000490e-01 2.822200000000000273e+02
1.487361655278990030e+09 7.671999999999999931e-01 2.822200000000000273e+02
1.487361655378757954e+09 7.681999999999999940e-01 2.822200000000000273e+02
1.487361655473328114e+09 7.682999999999999829e-01 2.822200000000000273e+02
1.487361655591718912e+09 7.679000000000000270e-01 2.822200000000000273e+02
1.487361655691759109e+09 7.675999999999999490e-01 2.822200000000000273e+02
1.487361655791095018e+09 7.671999999999999931e-01 2.822200000000000273e+02
1.487361655890336990e+09 7.670000000000000151e-01 2.822200000000000273e+02
1.487361655984700918e+09 7.679000000000000270e-01 2.822200000000000273e+02
1.487361656089005947e+09 7.681999999999999940e-01 2.822099999999999795e+02
1.487361656189863920e+09 7.672999999999999821e-01 2.822099999999999795e+02
1.487361656283576965e+09 7.674999999999999600e-01 2.822099999999999795e+02
1.487361656399965048e+09 7.687000000000000499e-01 2.822099999999999795e+02
1.487361656499620914e+09 7.678000000000000380e-01 2.822099999999999795e+02
1.487361656599440098e+09 7.670000000000000151e-01 2.822099999999999795e+02
1.487361656699259996e+09 7.673999999999999710e-01 2.822099999999999795e+02
1.487361656799057007e+09 7.672999999999999821e-01 2.822099999999999795e+02
1.487361656898859024e+09 7.671000000000000041e-01 2.822099999999999795e+02
1.487361656998583078e+09 7.674999999999999600e-01 2.822099999999999795e+02
1.487361657098308086e+09 7.675999999999999490e-01 2.822099999999999795e+02
1.487361657213606119e+09 7.683999999999999719e-01 2.821999999999999886e+02
1.487361657313571930e+09 7.674999999999999600e-01 2.822099999999999795e+02
1.487361657412220001e+09 7.667000000000000481e-01 2.822099999999999795e+02
1.487361657512593985e+09 7.671999999999999931e-01 2.821999999999999886e+02
1.487361657611582041e+09 7.671999999999999931e-01 2.821999999999999886e+02
1.487361657711688042e+09 7.677000000000000490e-01 2.821999999999999886e+02
1.487361657811522007e+09 7.675999999999999490e-01 2.821999999999999886e+02
1.487361657907099962e+09 7.674999999999999600e-01 2.821999999999999886e+02
1.487361658024491072e+09 7.677000000000000490e-01 2.821999999999999886e+02
1.487361658124550104e+09 7.674999999999999600e-01 2.821999999999999886e+02
1.487361658223673105e+09 7.673999999999999710e-01 2.821999999999999886e+02
1.487361658322696924e+09 7.664999999999999591e-01 2.821999999999999886e+02
1.487361658423671007e+09 7.674999999999999600e-01 2.821999999999999886e+02
1.487361658522527933e+09 7.669000000000000261e-01 2.821999999999999886e+02
1.487361658622669935e+09 7.683999999999999719e-01 2.821899999999999977e+02
