1.487363993282186985e+09 1.418999999999999984e-01 2.797500000000000000e+02
1.487363993389087915e+09 1.416999999999999926e-01 2.797599999999999909e+02
1.487363993490272045e+09 1.418000000000000094e-01 2.797599999999999909e+02
1.487363993593153954e+09 1.418000000000000094e-01 2.797599999999999909e+02
1.487363993692296982e+09 1.418000000000000094e-01 2.797599999999999909e+02
1.487363993789628029e+09 1.418999999999999984e-01 2.797599999999999909e+02
1.487363993890733004e+09 1.418999999999999984e-01 2.797599999999999909e+02
1.487363993986063957e+09 1.418000000000000094e-01 2.797599999999999909e+02
1.487363994086786032e+09 1.418000000000000094e-01 2.797599999999999909e+02
1.487363994200304031e+09 1.418000000000000094e-01 2.797599999999999909e+02
1.487363994300064087e+09 1.419999999999999873e-01 2.797599999999999909e+02
1.487363994399836063e+09 1.418000000000000094e-01 2.797599999999999909e+02
1.487363994499516964e+09 1.419999999999999873e-01 2.797599999999999909e+02
1.487363994599360943e+09 1.418000000000000094e-01 2.797599999999999909e+02
1.487363994699106932e+09 1.418000000000000094e-01 2.797599999999999909e+02
1.487363994798923969e+09 1.416999999999999926e-01 2.797599999999999909e+02
1.487363994898647070e+09 1.418000000000000094e-01 2.797599999999999909e+02
1.487363994998501062e+09 1.418999999999999984e-01 2.797599999999999909e+02
1.487363995114840984e+09 1.418000000000000094e-01 2.797599999999999909e+02
1.487363995211139917e+09 1.418999999999999984e-01 2.797599999999999909e+02
1.487363995314207077e+09 1.418000000000000094e-01 2.797599999999999909e+02
1.487363995411473989e+09 1.418999999999999984e-01 2.797599999999999909e+02
1.487363995513863087e+09 1.418999999999999984e-01 2.797599999999999909e+02
1.487363995613097906e+09 1.418000000000000094e-01 2.797599999999999909e+02
1.487363995713071108e+09 1.418999999999999984e-01 2.797599999999999909e+02
1.487363995813051939e+09 1.418000000000000094e-01 2.797599999999999909e+02
1.487363995924540997e+09 1.418000000000000094e-01 2.797599999999999909e+02
1.487363996026197910e+09 1.418000000000000094e-01 2.797599999999999909e+02
1.487363996126167059e+09 1.418999999999999984e-01 2.797599999999999909e+02
1.487363996224960089e+09 1.418999999999999984e-01 2.797599999999999909e+02
1.487363996325041056e+09 1.418999999999999984e-01 2.797599999999999909e+02
1.487363996424030066e+09 1.418999999999999984e-01 2.797599999999999909e+02
1.487363996524147034e+09 1.418999999999999984e-01 2.797599999999999909e+02
1.487363996624016047e+09 1.418999999999999984e-01 2.797599999999999909e+02
1.487363996737044096e+09 1.418000000000000094e-01 2.797599999999999909e+02
1.487363996837027073e+09 1.418999999999999984e-01 2.797599999999999909e+02
1.487363996936536074e+09 1.418000000000000094e-01 2.797599999999999909e+02
1.487363997035820007e+09 1.418000000000000094e-01 2.797599999999999909e+02
1.487363997135886908e+09 1.416999999999999926e-01 2.797599999999999909e+02
1.487363997234924078e+09 1.418000000000000094e-01 2.797599999999999909e+02
1.487363997334918022e+09 1.416999999999999926e-01 2.797599999999999909e+02
1.487363997434889078e+09 1.418000000000000094e-01 2.797599999999999909e+02
1.487363997547954082e+09 1.416999999999999926e-01 2.797599999999999909e+02
1.487363997647810936e+09 1.416999999999999926e-01 2.797599999999999909e+02
1.487363997745312929e+09 1.416000000000000036e-01 2.797599999999999909e+02
1.487363997843574047e+09 1.416999999999999926e-01 2.797599999999999909e+02
1.487363997946794987e+09 1.418000000000000094e-01 2.797599999999999909e+02
1.487363998041085005e+09 1.418000000000000094e-01 2.797599999999999909e+02
1.487363998140862942e+09 1.418000000000000094e-01 2.797599999999999909e+02
1.487363998240627050e+09 1.418999999999999984e-01 2.797599999999999909e+02
1.487363998357024908e+09 1.418000000000000094e-01 2.797599999999999909e+02
1.487363998456809998e+09 1.418000000000000094e-01 2.797599999999999909e+02
1.487363998556549072e+09 1.418000000000000094e-01 2.797599999999999909e+02
1.487363998656318903e+09 1.418000000000000094e-01 2.797599999999999909e+02
1.487363998756093979e+09 1.418999999999999984e-01 2.797599999999999909e+02
1.487363998855849981e+09 1.418999999999999984e-01 2.797599999999999909e+02
1.487363998955684900e+09 1.418999999999999984e-01 2.797599999999999909e+02
1.487363999055372953e+09 1.418999999999999984e-01 2.797699999999999818e+02
1.487363999170577049e+09 1.418999999999999984e-01 2.797699999999999818e+02
1.487363999265297890e+09 1.418000000000000094e-01 2.797699999999999818e+02
1.487363999369710922e+09 1.418000000000000094e-01 2.797699999999999818e+02
1.487363999465596914e+09 1.418000000000000094e-01 2.797699999999999818e+02
1.487363999568938017e+09 1.418000000000000094e-01 2.797699999999999818e+02
1.487363999667695999e+09 1.418000000000000094e-01 2.797699999999999818e+02
1.487363999767649889e+09 1.416999999999999926e-01 2.797699999999999818e+02
1.487363999864466906e+09 1.416999999999999926e-01 2.797699999999999818e+02
1.487363999966666937e+09 1.418000000000000094e-01 2.797699999999999818e+02
1.487364000080586910e+09 1.418999999999999984e-01 2.797699999999999818e+02
1.487364000180769920e+09 1.418999999999999984e-01 2.797699999999999818e+02
1.487364000279756069e+09 1.418000000000000094e-01 2.797699999999999818e+02
1.487364000379374027e+09 1.418999999999999984e-01 2.797699999999999818e+02
1.487364000478620052e+09 1.418000000000000094e-01 2.797699999999999818e+02
1.487364000575313091e+09 1.418999999999999984e-01 2.797699999999999818e+02
1.487364000676390886e+09 1.418999999999999984e-01 2.797699999999999818e+02
1.487364000790168047e+09 1.418999999999999984e-01 2.797699999999999818e+02
1.487364000891629934e+09 1.418999999999999984e-01 2.797699999999999818e+02
1.487364000986506939e+09 1.418999999999999984e-01 2.797699999999999818e+02
1.487364001086575985e+09 1.418000000000000094e-01 2.797699999999999818e+02
1.487364001190540075e+09 1.418000000000000094e-01 2.797699999999999818e+02
1.487364001288031101e+09 1.418999999999999984e-01 2.797699999999999818e+02
1.487364001389544964e+09 1.418000000000000094e-01 2.797699999999999818e+02
1.487364001484899044e+09 1.418000000000000094e-01 2.797699999999999818e+02
1.487364001600696087e+09 1.418999999999999984e-01 2.797699999999999818e+02
1.487364001699002981e+09 1.418999999999999984e-01 2.797699999999999818e+02
1.487364001798827887e+09 1.418000000000000094e-01 2.797699999999999818e+02
1.487364001898523092e+09 1.418999999999999984e-01 2.797699999999999818e+02
1.487364001998331070e+09 1.416999999999999926e-01 2.797699999999999818e+02
1.487364002098062038e+09 1.418999999999999984e-01 2.797699999999999818e+02
1.487364002195476055e+09 1.418999999999999984e-01 2.797699999999999818e+02
1.487364002297617912e+09 1.418000000000000094e-01 2.797699999999999818e+02
1.487364002397346973e+09 1.418000000000000094e-01 2.797699999999999818e+02
1.487364002513586044e+09 1.418999999999999984e-01 2.797699999999999818e+02
1.487364002613441944e+09 1.418999999999999984e-01 2.797699999999999818e+02
1.487364002713277102e+09 1.418999999999999984e-01 2.797799999999999727e+02
1.487364002812222958e+09 1.418000000000000094e-01 2.797799999999999727e+02
1.487364002912540913e+09 1.418000000000000094e-01 2.797699999999999818e+02
1.487364003010966063e+09 1.418000000000000094e-01 2.797699999999999818e+02
1.487364003111438990e+09 1.418999999999999984e-01 2.797699999999999818e+02
1.487364003210381985e+09 1.418000000000000094e-01 2.797699999999999818e+02
1.487364003324464083e+09 1.418999999999999984e-01 2.797799999999999727e+02
1.487364003424442053e+09 1.419999999999999873e-01 2.797799999999999727e+02
1.487364003524503946e+09 1.418000000000000094e-01 2.797799999999999727e+02
1.487364003623331070e+09 1.416000000000000036e-01 2.797799999999999727e+02
1.487364003723367929e+09 1.418999999999999984e-01 2.797799999999999727e+02
1.487364003822288036e+09 1.418999999999999984e-01 2.797799999999999727e+02
1.487364003922344923e+09 1.416999999999999926e-01 2.797799999999999727e+02
1.487364004017329931e+09 1.418000000000000094e-01 2.797799999999999727e+02
1.487364004130680084e+09 1.416999999999999926e-01 2.797799999999999727e+02
1.487364004235415936e+09 1.418999999999999984e-01 2.797799999999999727e+02
1.487364004335283995e+09 1.418000000000000094e-01 2.797799999999999727e+02
1.487364004434237957e+09 1.416999999999999926e-01 2.797799999999999727e+02
1.487364004533931971e+09 1.416999999999999926e-01 2.797799999999999727e+02
1.487364004633368015e+09 1.418999999999999984e-01 2.797799999999999727e+02
1.487364004730557919e+09 1.418000000000000094e-01 2.797799999999999727e+02
1.487364004832259893e+09 1.418000000000000094e-01 2.797799999999999727e+02
1.487364004941272974e+09 1.418999999999999984e-01 2.797799999999999727e+02
1.487364005046365023e+09 1.418999999999999984e-01 2.797799999999999727e+02
1.487364005146208048e+09 1.418000000000000094e-01 2.797799999999999727e+02
1.487364005240572929e+09 1.419999999999999873e-01 2.797799999999999727e+02
1.487364005340337992e+09 1.418000000000000094e-01 2.797799999999999727e+02
1.487364005440001965e+09 1.418000000000000094e-01 2.797799999999999727e+02
1.487364005539757967e+09 1.418999999999999984e-01 2.797799999999999727e+02
1.487364005639561892e+09 1.419999999999999873e-01 2.797799999999999727e+02
1.487364005739320993e+09 1.418000000000000094e-01 2.797799999999999727e+02
1.487364005855246067e+09 1.418000000000000094e-01 2.797799999999999727e+02
1.487364005955507040e+09 1.418000000000000094e-01 2.797799999999999727e+02
1.487364006055252075e+09 1.418999999999999984e-01 2.797799999999999727e+02
1.487364006154989004e+09 1.416999999999999926e-01 2.797799999999999727e+02
1.487364006255146027e+09 1.418000000000000094e-01 2.797799999999999727e+02
1.487364006354535103e+09 1.418000000000000094e-01 2.797799999999999727e+02
1.487364006454304934e+09 1.418000000000000094e-01 2.797799999999999727e+02
1.487364006568365097e+09 1.418000000000000094e-01 2.797900000000000205e+02
1.487364006668044090e+09 1.418000000000000094e-01 2.797900000000000205e+02
1.487364006768125057e+09 1.418999999999999984e-01 2.797900000000000205e+02
1.487364006864870071e+09 1.419999999999999873e-01 2.797900000000000205e+02
1.487364006967015028e+09 1.419999999999999873e-01 2.797900000000000205e+02
1.487364007066037893e+09 1.416999999999999926e-01 2.797799999999999727e+02
1.487364007161784887e+09 1.418999999999999984e-01 2.797900000000000205e+02
1.487364007266045094e+09 1.418999999999999984e-01 2.797900000000000205e+02
1.487364007364058971e+09 1.418999999999999984e-01 2.797900000000000205e+02
1.487364007479041100e+09 1.418000000000000094e-01 2.797900000000000205e+02
1.487364007579085112e+09 1.418000000000000094e-01 2.797900000000000205e+02
1.487364007677859068e+09 1.418999999999999984e-01 2.797900000000000205e+02
1.487364007777803898e+09 1.418999999999999984e-01 2.797900000000000205e+02
1.487364007876899958e+09 1.419999999999999873e-01 2.797900000000000205e+02
1.487364007972147942e+09 1.418000000000000094e-01 2.797900000000000205e+02
1.487364008076206923e+09 1.418000000000000094e-01 2.797900000000000205e+02
1.487364008172302961e+09 1.418000000000000094e-01 2.797900000000000205e+02
1.487364008275815964e+09 1.418000000000000094e-01 2.797900000000000205e+02
1.487364008390038013e+09 1.418000000000000094e-01 2.797900000000000205e+02
1.487364008485316992e+09 1.418000000000000094e-01 2.797900000000000205e+02
1.487364008588589907e+09 1.416999999999999926e-01 2.797900000000000205e+02
1.487364008688879013e+09 1.418000000000000094e-01 2.797900000000000205e+02
1.487364008787441015e+09 1.416999999999999926e-01 2.797900000000000205e+02
1.487364008888075113e+09 1.418999999999999984e-01 2.797900000000000205e+02
1.487364008983293056e+09 1.418999999999999984e-01 2.797900000000000205e+02
1.487364009086536884e+09 1.416999999999999926e-01 2.797900000000000205e+02
1.487364009197808981e+09 1.418000000000000094e-01 2.797900000000000205e+02
1.487364009297537088e+09 1.418000000000000094e-01 2.797900000000000205e+02
1.487364009399883032e+09 1.418000000000000094e-01 2.797900000000000205e+02
1.487364009497106075e+09 1.418999999999999984e-01 2.797900000000000205e+02
1.487364009593477964e+09 1.418999999999999984e-01 2.797900000000000205e+02
1.487364009696587086e+09 1.418000000000000094e-01 2.797900000000000205e+02
1.487364009795881987e+09 1.418999999999999984e-01 2.797900000000000205e+02
1.487364009896099091e+09 1.418999999999999984e-01 2.798000000000000114e+02
1.487364010012064934e+09 1.419999999999999873e-01 2.797900000000000205e+02
1.487364010107007980e+09 1.418000000000000094e-01 2.797900000000000205e+02
1.487364010210772038e+09 1.418999999999999984e-01 2.798000000000000114e+02
1.487364010310645103e+09 1.418000000000000094e-01 2.798000000000000114e+02
1.487364010409709930e+09 1.418999999999999984e-01 2.798000000000000114e+02
1.487364010509735107e+09 1.418000000000000094e-01 2.798000000000000114e+02
1.487364010608808041e+09 1.418000000000000094e-01 2.798000000000000114e+02
1.487364010708766937e+09 1.418999999999999984e-01 2.798000000000000114e+02
1.487364010822623968e+09 1.418000000000000094e-01 2.798000000000000114e+02
1.487364010921789885e+09 1.418000000000000094e-01 2.798000000000000114e+02
1.487364011021574020e+09 1.418000000000000094e-01 2.798000000000000114e+02
1.487364011121280909e+09 1.418000000000000094e-01 2.798000000000000114e+02
1.487364011220628977e+09 1.416999999999999926e-01 2.798000000000000114e+02
1.487364011320481062e+09 1.416999999999999926e-01 2.798000000000000114e+02
1.487364011419591904e+09 1.418000000000000094e-01 2.798000000000000114e+02
1.487364011519606113e+09 1.418999999999999984e-01 2.798000000000000114e+02
1.487364011633615971e+09 1.418999999999999984e-01 2.798000000000000114e+02
1.487364011732672930e+09 1.418999999999999984e-01 2.798000000000000114e+02
1.487364011832426071e+09 1.418999999999999984e-01 2.798000000000000114e+02
1.487364011932509899e+09 1.419999999999999873e-01 2.798000000000000114e+02
1.487364012031625032e+09 1.418000000000000094e-01 2.798000000000000114e+02
1.487364012130332947e+09 1.419999999999999873e-01 2.798000000000000114e+02
1.487364012230577946e+09 1.418999999999999984e-01 2.798000000000000114e+02
1.487364012330549955e+09 1.418000000000000094e-01 2.798000000000000114e+02
1.487364012439958096e+09 1.419999999999999873e-01 2.798000000000000114e+02
1.487364012542448997e+09 1.418000000000000094e-01 2.798000000000000114e+02
1.487364012639503956e+09 1.418999999999999984e-01 2.798000000000000114e+02
1.487364012739269018e+09 1.418000000000000094e-01 2.798000000000000114e+02
1.487364012839030981e+09 1.416999999999999926e-01 2.798000000000000114e+02
1.487364012938683987e+09 1.418999999999999984e-01 2.798000000000000114e+02
1.487364013038558960e+09 1.418000000000000094e-01 2.798000000000000114e+02
1.487364013138336897e+09 1.418000000000000094e-01 2.798000000000000114e+02
1.487364013254664898e+09 1.416999999999999926e-01 2.798000000000000114e+02
1.487364013354363918e+09 1.418000000000000094e-01 2.798100000000000023e+02
1.487364013454257011e+09 1.418000000000000094e-01 2.798100000000000023e+02
1.487364013554004908e+09 1.418000000000000094e-01 2.798100000000000023e+02
1.487364013651216984e+09 1.418000000000000094e-01 2.798100000000000023e+02
1.487364013753489017e+09 1.419999999999999873e-01 2.798100000000000023e+02
1.487364013852365971e+09 1.418999999999999984e-01 2.798100000000000023e+02
1.487364013952497959e+09 1.418999999999999984e-01 2.798100000000000023e+02
1.487364014052246094e+09 1.418000000000000094e-01 2.798100000000000023e+02
1.487364014165596962e+09 1.419999999999999873e-01 2.798100000000000023e+02
1.487364014265352964e+09 1.419999999999999873e-01 2.798100000000000023e+02
1.487364014365387917e+09 1.419999999999999873e-01 2.798100000000000023e+02
1.487364014464243889e+09 1.418000000000000094e-01 2.798100000000000023e+02
1.487364014564419985e+09 1.419999999999999873e-01 2.798100000000000023e+02
1.487364014664345980e+09 1.418999999999999984e-01 2.798100000000000023e+02
1.487364014763431072e+09 1.419999999999999873e-01 2.798100000000000023e+02
1.487364014863277912e+09 1.418999999999999984e-01 2.798100000000000023e+02
1.487364014977236032e+09 1.418999999999999984e-01 2.798100000000000023e+02
1.487364015076159954e+09 1.418000000000000094e-01 2.798100000000000023e+02
1.487364015176258087e+09 1.418999999999999984e-01 2.798100000000000023e+02
1.487364015275161982e+09 1.418000000000000094e-01 2.798100000000000023e+02
1.487364015375240088e+09 1.418999999999999984e-01 2.798100000000000023e+02
1.487364015470417976e+09 1.418999999999999984e-01 2.798100000000000023e+02
1.487364015574364901e+09 1.418999999999999984e-01 2.798100000000000023e+02
1.487364015674156904e+09 1.418999999999999984e-01 2.798199999999999932e+02
1.487364015773163080e+09 1.416999999999999926e-01 2.798199999999999932e+02
1.487364015873133898e+09 1.418999999999999984e-01 2.798199999999999932e+02
1.487364015987123013e+09 1.416999999999999926e-01 2.798199999999999932e+02
1.487364016085978031e+09 1.418999999999999984e-01 2.798199999999999932e+02
1.487364016181015968e+09 1.419999999999999873e-01 2.798199999999999932e+02
1.487364016286082983e+09 1.418999999999999984e-01 2.798199999999999932e+02
1.487364016380542994e+09 1.418999999999999984e-01 2.798199999999999932e+02
1.487364016480221033e+09 1.418999999999999984e-01 2.798199999999999932e+02
1.487364016580070972e+09 1.418999999999999984e-01 2.798199999999999932e+02
1.487364016679841995e+09 1.419999999999999873e-01 2.798199999999999932e+02
1.487364016779606104e+09 1.418999999999999984e-01 2.798199999999999932e+02
1.487364016896248102e+09 1.418999999999999984e-01 2.798199999999999932e+02
1.487364016995811939e+09 1.418000000000000094e-01 2.798199999999999932e+02
1.487364017095355988e+09 1.418999999999999984e-01 2.798199999999999932e+02
1.487364017195301056e+09 1.418999999999999984e-01 2.798199999999999932e+02
1.487364017295062065e+09 1.418999999999999984e-01 2.798199999999999932e+02
1.487364017394839048e+09 1.418000000000000094e-01 2.798199999999999932e+02
1.487364017492363930e+09 1.418999999999999984e-01 2.798199999999999932e+02
1.487364017594357014e+09 1.418999999999999984e-01 2.798199999999999932e+02
1.487364017707986116e+09 1.418000000000000094e-01 2.798199999999999932e+02
1.487364017808053017e+09 1.418000000000000094e-01 2.798299999999999841e+02
1.487364017907768965e+09 1.419999999999999873e-01 2.798299999999999841e+02
1.487364018007019997e+09 1.418000000000000094e-01 2.798299999999999841e+02
1.487364018103382111e+09 1.416999999999999926e-01 2.798299999999999841e+02
1.487364018200875044e+09 1.418999999999999984e-01 2.798299999999999841e+02
1.487364018305843115e+09 1.421000000000000041e-01 2.798299999999999841e+02
1.487364018405817032e+09 1.418999999999999984e-01 2.798299999999999841e+02
1.487364018514736891e+09 1.419999999999999873e-01 2.798299999999999841e+02
1.487364018619040012e+09 1.418999999999999984e-01 2.798299999999999841e+02
1.487364018718957901e+09 1.418999999999999984e-01 2.798299999999999841e+02
1.487364018817894936e+09 1.418999999999999984e-01 2.798299999999999841e+02
1.487364018917754889e+09 1.418999999999999984e-01 2.798299999999999841e+02
1.487364019016849995e+09 1.418999999999999984e-01 2.798299999999999841e+02
1.487364019116729021e+09 1.418999999999999984e-01 2.798299999999999841e+02
1.487364019217027903e+09 1.418999999999999984e-01 2.798299999999999841e+02
1.487364019330796957e+09 1.418999999999999984e-01 2.798299999999999841e+02
1.487364019429781914e+09 1.418999999999999984e-01 2.798299999999999841e+02
1.487364019529577017e+09 1.418999999999999984e-01 2.798299999999999841e+02
1.487364019628765106e+09 1.418999999999999984e-01 2.798299999999999841e+02
1.487364019728662014e+09 1.418999999999999984e-01 2.798299999999999841e+02
1.487364019828708887e+09 1.418999999999999984e-01 2.798299999999999841e+02
1.487364019927690029e+09 1.418999999999999984e-01 2.798299999999999841e+02
1.487364020027770042e+09 1.418999999999999984e-01 2.798299999999999841e+02
1.487364020126668930e+09 1.418999999999999984e-01 2.798299999999999841e+02
1.487364020237971067e+09 1.418999999999999984e-01 2.798299999999999841e+02
1.487364020337742090e+09 1.418999999999999984e-01 2.798299999999999841e+02
1.487364020435627937e+09 1.418999999999999984e-01 2.798299999999999841e+02
1.487364020534682035e+09 1.418000000000000094e-01 2.798299999999999841e+02
1.487364020637058020e+09 1.419999999999999873e-01 2.798299999999999841e+02
1.487364020736798048e+09 1.418999999999999984e-01 2.798299999999999841e+02
1.487364020836525917e+09 1.419999999999999873e-01 2.798299999999999841e+02
1.487364020934736967e+09 1.418000000000000094e-01 2.798299999999999841e+02
1.487364021035356045e+09 1.419999999999999873e-01 2.798299999999999841e+02
1.487364021151777029e+09 1.418999999999999984e-01 2.798299999999999841e+02
1.487364021250627041e+09 1.418999999999999984e-01 2.798399999999999750e+02
1.487364021350728989e+09 1.418999999999999984e-01 2.798299999999999841e+02
1.487364021445837975e+09 1.419999999999999873e-01 2.798299999999999841e+02
1.487364021548706055e+09 1.419999999999999873e-01 2.798299999999999841e+02
1.487364021649782896e+09 1.418999999999999984e-01 2.798299999999999841e+02
1.487364021748543024e+09 1.418999999999999984e-01 2.798299999999999841e+02
1.487364021848665953e+09 1.418999999999999984e-01 2.798399999999999750e+02
1.487364021958605051e+09 1.418999999999999984e-01 2.798399999999999750e+02
1.487364022061063051e+09 1.418999999999999984e-01 2.798399999999999750e+02
1.487364022161246061e+09 1.418000000000000094e-01 2.798399999999999750e+02
1.487364022261490107e+09 1.416999999999999926e-01 2.798399999999999750e+02
1.487364022360569000e+09 1.418999999999999984e-01 2.798399999999999750e+02
1.487364022460599899e+09 1.416999999999999926e-01 2.798399999999999750e+02
1.487364022559524059e+09 1.418999999999999984e-01 2.798399999999999750e+02
1.487364022659466028e+09 1.418999999999999984e-01 2.798399999999999750e+02
1.487364022759385109e+09 1.418999999999999984e-01 2.798399999999999750e+02
1.487364022872407913e+09 1.418999999999999984e-01 2.798399999999999750e+02
1.487364022969094038e+09 1.418000000000000094e-01 2.798399999999999750e+02
1.487364023072530031e+09 1.418999999999999984e-01 2.798399999999999750e+02
1.487364023171571016e+09 1.418000000000000094e-01 2.798399999999999750e+02
1.487364023271430016e+09 1.419999999999999873e-01 2.798399999999999750e+02
1.487364023370515108e+09 1.419999999999999873e-01 2.798399999999999750e+02
1.487364023469142914e+09 1.418999999999999984e-01 2.798399999999999750e+02
1.487364023570481062e+09 1.418999999999999984e-01 2.798399999999999750e+02
1.487364023669430017e+09 1.418999999999999984e-01 2.798399999999999750e+02
1.487364023779479980e+09 1.418999999999999984e-01 2.798399999999999750e+02
1.487364023879240990e+09 1.418999999999999984e-01 2.798399999999999750e+02
1.487364023978970051e+09 1.418999999999999984e-01 2.798399999999999750e+02
1.487364024078762054e+09 1.418000000000000094e-01 2.798500000000000227e+02
1.487364024178617001e+09 1.419999999999999873e-01 2.798500000000000227e+02
1.487364024278297901e+09 1.418999999999999984e-01 2.798500000000000227e+02
1.487364024378057957e+09 1.418000000000000094e-01 2.798399999999999750e+02
1.487364024477741003e+09 1.418999999999999984e-01 2.798500000000000227e+02
1.487364024594207048e+09 1.418000000000000094e-01 2.798500000000000227e+02
1.487364024693989992e+09 1.418000000000000094e-01 2.798500000000000227e+02
1.487364024793432951e+09 1.418999999999999984e-01 2.798500000000000227e+02
1.487364024893358946e+09 1.418000000000000094e-01 2.798500000000000227e+02
1.487364024988954067e+09 1.418999999999999984e-01 2.798500000000000227e+02
1.487364025092405081e+09 1.418000000000000094e-01 2.798500000000000227e+02
1.487364025192182064e+09 1.418999999999999984e-01 2.798500000000000227e+02
1.487364025291276932e+09 1.418999999999999984e-01 2.798500000000000227e+02
1.487364025405232906e+09 1.418999999999999984e-01 2.798500000000000227e+02
1.487364025505270958e+09 1.419999999999999873e-01 2.798500000000000227e+02
1.487364025604196072e+09 1.419999999999999873e-01 2.798500000000000227e+02
1.487364025704152107e+09 1.418999999999999984e-01 2.798500000000000227e+02
1.487364025804310083e+09 1.418000000000000094e-01 2.798500000000000227e+02
1.487364025903136015e+09 1.418999999999999984e-01 2.798500000000000227e+02
1.487364026003067017e+09 1.418999999999999984e-01 2.798399999999999750e+02
1.487364026102238894e+09 1.419999999999999873e-01 2.798500000000000227e+02
1.487364026202171087e+09 1.416999999999999926e-01 2.798500000000000227e+02
1.487364026316200018e+09 1.418999999999999984e-01 2.798500000000000227e+02
1.487364026416101933e+09 1.419999999999999873e-01 2.798500000000000227e+02
1.487364026515111923e+09 1.418000000000000094e-01 2.798500000000000227e+02
1.487364026615077019e+09 1.418999999999999984e-01 2.798500000000000227e+02
1.487364026714183092e+09 1.421000000000000041e-01 2.798500000000000227e+02
1.487364026814351082e+09 1.418999999999999984e-01 2.798500000000000227e+02
1.487364026913147926e+09 1.418000000000000094e-01 2.798500000000000227e+02
1.487364027013166904e+09 1.419999999999999873e-01 2.798500000000000227e+02
1.487364027124219894e+09 1.418000000000000094e-01 2.798500000000000227e+02
1.487364027227103949e+09 1.418999999999999984e-01 2.798500000000000227e+02
1.487364027324651957e+09 1.418000000000000094e-01 2.798500000000000227e+02
1.487364027426163912e+09 1.418000000000000094e-01 2.798500000000000227e+02
1.487364027520589113e+09 1.418999999999999984e-01 2.798500000000000227e+02
1.487364027624969006e+09 1.418000000000000094e-01 2.798500000000000227e+02
1.487364027720104933e+09 1.418000000000000094e-01 2.798500000000000227e+02
1.487364027819832087e+09 1.418999999999999984e-01 2.798500000000000227e+02
1.487364027935312986e+09 1.418000000000000094e-01 2.798500000000000227e+02
1.487364028035928965e+09 1.418999999999999984e-01 2.798500000000000227e+02
1.487364028135711908e+09 1.418999999999999984e-01 2.798500000000000227e+02
1.487364028235438108e+09 1.418999999999999984e-01 2.798500000000000227e+02
1.487364028335258961e+09 1.418999999999999984e-01 2.798500000000000227e+02
1.487364028435034037e+09 1.418999999999999984e-01 2.798500000000000227e+02
1.487364028534761906e+09 1.419999999999999873e-01 2.798500000000000227e+02
1.487364028634553909e+09 1.418000000000000094e-01 2.798500000000000227e+02
1.487364028749043941e+09 1.418999999999999984e-01 2.798500000000000227e+02
1.487364028848099947e+09 1.418000000000000094e-01 2.798500000000000227e+02
1.487364028947915077e+09 1.418000000000000094e-01 2.798500000000000227e+02
1.487364029047861099e+09 1.418999999999999984e-01 2.798500000000000227e+02
1.487364029147094965e+09 1.418000000000000094e-01 2.798500000000000227e+02
1.487364029242173910e+09 1.418000000000000094e-01 2.798500000000000227e+02
1.487364029346896887e+09 1.418999999999999984e-01 2.798500000000000227e+02
1.487364029445996046e+09 1.419999999999999873e-01 2.798500000000000227e+02
1.487364029555094957e+09 1.418000000000000094e-01 2.798500000000000227e+02
1.487364029658765078e+09 1.418999999999999984e-01 2.798500000000000227e+02
1.487364029755310059e+09 1.418999999999999984e-01 2.798500000000000227e+02
1.487364029858854055e+09 1.418000000000000094e-01 2.798500000000000227e+02
1.487364029957797050e+09 1.418000000000000094e-01 2.798500000000000227e+02
1.487364030057878971e+09 1.418000000000000094e-01 2.798500000000000227e+02
1.487364030156851053e+09 1.418999999999999984e-01 2.798500000000000227e+02
1.487364030253092051e+09 1.418999999999999984e-01 2.798500000000000227e+02
1.487364030370646954e+09 1.418999999999999984e-01 2.798500000000000227e+02
1.487364030469492912e+09 1.418000000000000094e-01 2.798500000000000227e+02
1.487364030569756031e+09 1.418999999999999984e-01 2.798500000000000227e+02
1.487364030669826984e+09 1.418999999999999984e-01 2.798500000000000227e+02
1.487364030768692017e+09 1.419999999999999873e-01 2.798500000000000227e+02
1.487364030867592096e+09 1.418000000000000094e-01 2.798500000000000227e+02
1.487364030966433048e+09 1.418999999999999984e-01 2.798500000000000227e+02
1.487364031067708015e+09 1.418000000000000094e-01 2.798500000000000227e+02
1.487364031178472996e+09 1.418999999999999984e-01 2.798500000000000227e+02
1.487364031277264118e+09 1.418000000000000094e-01 2.798500000000000227e+02
1.487364031378010988e+09 1.418000000000000094e-01 2.798500000000000227e+02
1.487364031477744102e+09 1.416999999999999926e-01 2.798500000000000227e+02
1.487364031574590921e+09 1.418000000000000094e-01 2.798500000000000227e+02
1.487364031679694891e+09 1.418000000000000094e-01 2.798500000000000227e+02
1.487364031776510000e+09 1.416999999999999926e-01 2.798500000000000227e+02
1.487364031875082016e+09 1.418000000000000094e-01 2.798500000000000227e+02
1.487364031976500988e+09 1.418999999999999984e-01 2.798500000000000227e+02
1.487364032092628956e+09 1.418000000000000094e-01 2.798500000000000227e+02
1.487364032191488981e+09 1.418999999999999984e-01 2.798500000000000227e+02
1.487364032291517973e+09 1.418999999999999984e-01 2.798500000000000227e+02
1.487364032390610933e+09 1.418999999999999984e-01 2.798500000000000227e+02
1.487364032490516901e+09 1.419999999999999873e-01 2.798500000000000227e+02
1.487364032587578058e+09 1.418000000000000094e-01 2.798500000000000227e+02
1.487364032689434052e+09 1.418000000000000094e-01 2.798500000000000227e+02
1.487364032789486885e+09 1.418999999999999984e-01 2.798500000000000227e+02
1.487364032903503895e+09 1.418999999999999984e-01 2.798500000000000227e+02
1.487364033002499104e+09 1.418000000000000094e-01 2.798500000000000227e+02
1.487364033102634907e+09 1.418000000000000094e-01 2.798600000000000136e+02
1.487364033201458931e+09 1.419999999999999873e-01 2.798600000000000136e+02
1.487364033301353931e+09 1.418999999999999984e-01 2.798500000000000227e+02
1.487364033401597023e+09 1.416999999999999926e-01 2.798500000000000227e+02
1.487364033500507116e+09 1.418999999999999984e-01 2.798500000000000227e+02
1.487364033600471973e+09 1.418000000000000094e-01 2.798500000000000227e+02
1.487364033699404001e+09 1.418000000000000094e-01 2.798600000000000136e+02
1.487364033799132109e+09 1.418000000000000094e-01 2.798500000000000227e+02
1.487364033913450956e+09 1.418000000000000094e-01 2.798500000000000227e+02
1.487364034012500048e+09 1.418000000000000094e-01 2.798600000000000136e+02
1.487364034112364054e+09 1.418000000000000094e-01 2.798600000000000136e+02
1.487364034212270975e+09 1.418000000000000094e-01 2.798600000000000136e+02
1.487364034311335087e+09 1.416999999999999926e-01 2.798600000000000136e+02
1.487364034411320925e+09 1.418999999999999984e-01 2.798500000000000227e+02
1.487364034510395050e+09 1.419999999999999873e-01 2.798500000000000227e+02
1.487364034610194921e+09 1.418000000000000094e-01 2.798600000000000136e+02
1.487364034710468054e+09 1.418999999999999984e-01 2.798600000000000136e+02
1.487364034819749117e+09 1.418000000000000094e-01 2.798600000000000136e+02
1.487364034919132948e+09 1.418000000000000094e-01 2.798600000000000136e+02
1.487364035022675991e+09 1.418999999999999984e-01 2.798600000000000136e+02
1.487364035119048119e+09 1.418999999999999984e-01 2.798600000000000136e+02
1.487364035218811989e+09 1.418000000000000094e-01 2.798600000000000136e+02
1.487364035318571091e+09 1.418999999999999984e-01 2.798600000000000136e+02
1.487364035418356895e+09 1.419999999999999873e-01 2.798600000000000136e+02
1.487364035518106937e+09 1.418999999999999984e-01 2.798600000000000136e+02
1.487364035617868900e+09 1.418000000000000094e-01 2.798600000000000136e+02
1.487364035734286070e+09 1.418000000000000094e-01 2.798600000000000136e+02
1.487364035833955050e+09 1.418000000000000094e-01 2.798600000000000136e+02
1.487364035933219910e+09 1.418000000000000094e-01 2.798600000000000136e+02
1.487364036028897047e+09 1.418000000000000094e-01 2.798600000000000136e+02
1.487364036129558086e+09 1.418999999999999984e-01 2.798600000000000136e+02
1.487364036232146978e+09 1.416999999999999926e-01 2.798600000000000136e+02
1.487364036332132101e+09 1.418000000000000094e-01 2.798600000000000136e+02
1.487364036431377888e+09 1.416999999999999926e-01 2.798600000000000136e+02
1.487364036545249939e+09 1.416999999999999926e-01 2.798600000000000136e+02
1.487364036645013094e+09 1.418999999999999984e-01 2.798600000000000136e+02
1.487364036741225958e+09 1.418999999999999984e-01 2.798600000000000136e+02
1.487364036844028950e+09 1.418999999999999984e-01 2.798600000000000136e+02
1.487364036944102049e+09 1.418999999999999984e-01 2.798600000000000136e+02
1.487364037043127060e+09 1.419999999999999873e-01 2.798600000000000136e+02
1.487364037140446901e+09 1.418000000000000094e-01 2.798600000000000136e+02
1.487364037242166042e+09 1.418999999999999984e-01 2.798600000000000136e+02
1.487364037356168032e+09 1.418999999999999984e-01 2.798600000000000136e+02
1.487364037456115961e+09 1.418999999999999984e-01 2.798600000000000136e+02
1.487364037555085897e+09 1.419999999999999873e-01 2.798600000000000136e+02
1.487364037655205011e+09 1.418999999999999984e-01 2.798600000000000136e+02
1.487364037755083084e+09 1.418999999999999984e-01 2.798600000000000136e+02
1.487364037854010105e+09 1.418999999999999984e-01 2.798600000000000136e+02
1.487364037953675032e+09 1.418000000000000094e-01 2.798600000000000136e+02
1.487364038052927971e+09 1.419999999999999873e-01 2.798600000000000136e+02
1.487364038151268959e+09 1.418000000000000094e-01 2.798600000000000136e+02
1.487364038267014980e+09 1.418000000000000094e-01 2.798600000000000136e+02
1.487364038362708092e+09 1.418000000000000094e-01 2.798600000000000136e+02
1.487364038461021900e+09 1.419999999999999873e-01 2.798600000000000136e+02
1.487364038562479019e+09 1.416999999999999926e-01 2.798600000000000136e+02
1.487364038665079117e+09 1.418000000000000094e-01 2.798600000000000136e+02
1.487364038760210991e+09 1.418999999999999984e-01 2.798700000000000045e+02
1.487364038860315084e+09 1.418000000000000094e-01 2.798600000000000136e+02
1.487364038959815979e+09 1.418999999999999984e-01 2.798600000000000136e+02
1.487364039076231003e+09 1.418000000000000094e-01 2.798600000000000136e+02
1.487364039174170971e+09 1.418999999999999984e-01 2.798600000000000136e+02
1.487364039275758982e+09 1.418999999999999984e-01 2.798700000000000045e+02
1.487364039375720024e+09 1.421000000000000041e-01 2.798700000000000045e+02
1.487364039474920988e+09 1.419999999999999873e-01 2.798600000000000136e+02
1.487364039571193933e+09 1.418999999999999984e-01 2.798700000000000045e+02
1.487364039673621893e+09 1.418999999999999984e-01 2.798700000000000045e+02
1.487364039773942947e+09 1.419999999999999873e-01 2.798700000000000045e+02
1.487364039888514042e+09 1.418000000000000094e-01 2.798700000000000045e+02
1.487364039986721039e+09 1.418000000000000094e-01 2.798700000000000045e+02
1.487364040085129976e+09 1.418000000000000094e-01 2.798700000000000045e+02
1.487364040186698914e+09 1.418000000000000094e-01 2.798700000000000045e+02
1.487364040286801100e+09 1.418000000000000094e-01 2.798700000000000045e+02
1.487364040386874914e+09 1.419999999999999873e-01 2.798700000000000045e+02
1.487364040486025095e+09 1.418999999999999984e-01 2.798700000000000045e+02
1.487364040585621119e+09 1.418000000000000094e-01 2.798700000000000045e+02
1.487364040699740887e+09 1.418000000000000094e-01 2.798700000000000045e+02
1.487364040799747944e+09 1.418000000000000094e-01 2.798700000000000045e+02
1.487364040897825003e+09 1.416999999999999926e-01 2.798700000000000045e+02
1.487364040994817972e+09 1.418999999999999984e-01 2.798700000000000045e+02
1.487364041097687960e+09 1.418999999999999984e-01 2.798700000000000045e+02
1.487364041197906017e+09 1.418000000000000094e-01 2.798700000000000045e+02
1.487364041297641993e+09 1.416999999999999926e-01 2.798700000000000045e+02
1.487364041396899939e+09 1.419999999999999873e-01 2.798700000000000045e+02
1.487364041510668993e+09 1.419999999999999873e-01 2.798700000000000045e+02
1.487364041610709906e+09 1.419999999999999873e-01 2.798700000000000045e+02
1.487364041709696054e+09 1.418999999999999984e-01 2.798700000000000045e+02
1.487364041809595108e+09 1.418999999999999984e-01 2.798700000000000045e+02
1.487364041908710957e+09 1.418999999999999984e-01 2.798700000000000045e+02
1.487364042008631945e+09 1.418000000000000094e-01 2.798700000000000045e+02
1.487364042107662916e+09 1.418999999999999984e-01 2.798700000000000045e+02
1.487364042207479954e+09 1.418999999999999984e-01 2.798700000000000045e+02
1.487364042316600084e+09 1.418999999999999984e-01 2.798700000000000045e+02
1.487364042418191910e+09 1.418999999999999984e-01 2.798700000000000045e+02
1.487364042517978907e+09 1.418000000000000094e-01 2.798700000000000045e+02
1.487364042617738008e+09 1.418000000000000094e-01 2.798700000000000045e+02
1.487364042719074965e+09 1.418999999999999984e-01 2.798799999999999955e+02
1.487364042819458961e+09 1.418999999999999984e-01 2.798799999999999955e+02
1.487364042917036057e+09 1.421000000000000041e-01 2.798799999999999955e+02
1.487364043013760090e+09 1.418999999999999984e-01 2.798799999999999955e+02
1.487364043132688046e+09 1.419999999999999873e-01 2.798799999999999955e+02
1.487364043232464075e+09 1.418000000000000094e-01 2.798799999999999955e+02
1.487364043331556082e+09 1.418000000000000094e-01 2.798799999999999955e+02
1.487364043431570053e+09 1.418999999999999984e-01 2.798799999999999955e+02
1.487364043531583071e+09 1.418999999999999984e-01 2.798799999999999955e+02
1.487364043630346060e+09 1.418999999999999984e-01 2.798799999999999955e+02
1.487364043727319002e+09 1.418999999999999984e-01 2.798799999999999955e+02
1.487364043825891972e+09 1.419999999999999873e-01 2.798799999999999955e+02
1.487364043926361084e+09 1.418000000000000094e-01 2.798799999999999955e+02
1.487364044043351889e+09 1.418999999999999984e-01 2.798799999999999955e+02
1.487364044142432928e+09 1.419999999999999873e-01 2.798799999999999955e+02
1.487364044242331982e+09 1.419999999999999873e-01 2.798799999999999955e+02
1.487364044342372894e+09 1.418999999999999984e-01 2.798799999999999955e+02
1.487364044441416025e+09 1.418999999999999984e-01 2.798799999999999955e+02
1.487364044541285992e+09 1.419999999999999873e-01 2.798799999999999955e+02
1.487364044640352964e+09 1.418999999999999984e-01 2.798799999999999955e+02
1.487364044740427971e+09 1.418999999999999984e-01 2.798799999999999955e+02
1.487364044849400043e+09 1.419999999999999873e-01 2.798799999999999955e+02
1.487364044953439951e+09 1.418000000000000094e-01 2.798799999999999955e+02
1.487364045053402901e+09 1.418999999999999984e-01 2.798799999999999955e+02
1.487364045153446913e+09 1.418999999999999984e-01 2.798799999999999955e+02
1.487364045246871948e+09 1.418999999999999984e-01 2.798799999999999955e+02
1.487364045346842051e+09 1.418999999999999984e-01 2.798899999999999864e+02
1.487364045448568106e+09 1.418999999999999984e-01 2.798899999999999864e+02
1.487364045560725927e+09 1.418999999999999984e-01 2.798799999999999955e+02
1.487364045660465956e+09 1.418999999999999984e-01 2.798799999999999955e+02
1.487364045759443045e+09 1.418999999999999984e-01 2.798899999999999864e+02
1.487364045860315084e+09 1.418999999999999984e-01 2.798899999999999864e+02
1.487364045958749056e+09 1.418999999999999984e-01 2.798899999999999864e+02
1.487364046059457064e+09 1.418000000000000094e-01 2.798899999999999864e+02
1.487364046159257889e+09 1.418999999999999984e-01 2.798899999999999864e+02
1.487364046259021997e+09 1.419999999999999873e-01 2.798899999999999864e+02
1.487364046358810902e+09 1.418000000000000094e-01 2.798899999999999864e+02
1.487364046471049070e+09 1.419999999999999873e-01 2.798899999999999864e+02
1.487364046569941044e+09 1.418999999999999984e-01 2.798899999999999864e+02
1.487364046671818018e+09 1.418999999999999984e-01 2.798899999999999864e+02
1.487364046774491072e+09 1.418999999999999984e-01 2.798899999999999864e+02
1.487364046874221087e+09 1.421000000000000041e-01 2.798899999999999864e+02
1.487364046970221043e+09 1.418999999999999984e-01 2.798899999999999864e+02
1.487364047073057890e+09 1.418000000000000094e-01 2.798899999999999864e+02
1.487364047173310995e+09 1.418000000000000094e-01 2.798899999999999864e+02
1.487364047287080050e+09 1.418000000000000094e-01 2.798899999999999864e+02
1.487364047382864952e+09 1.418999999999999984e-01 2.798899999999999864e+02
1.487364047486174107e+09 1.418999999999999984e-01 2.798899999999999864e+02
1.487364047586316109e+09 1.418999999999999984e-01 2.798899999999999864e+02
1.487364047685260057e+09 1.418000000000000094e-01 2.798899999999999864e+02
1.487364047784641027e+09 1.418000000000000094e-01 2.798899999999999864e+02
1.487364047884047985e+09 1.418000000000000094e-01 2.798899999999999864e+02
1.487364047984098911e+09 1.418999999999999984e-01 2.798899999999999864e+02
1.487364048095659971e+09 1.419999999999999873e-01 2.798899999999999864e+02
1.487364048197058916e+09 1.418999999999999984e-01 2.798899999999999864e+02
1.487364048291933060e+09 1.419999999999999873e-01 2.798899999999999864e+02
1.487364048396936893e+09 1.419999999999999873e-01 2.798899999999999864e+02
1.487364048490912914e+09 1.418999999999999984e-01 2.798899999999999864e+02
1.487364048591042995e+09 1.418999999999999984e-01 2.798899999999999864e+02
1.487364048695774078e+09 1.419999999999999873e-01 2.798899999999999864e+02
1.487364048791141987e+09 1.418999999999999984e-01 2.798899999999999864e+02
1.487364048908324957e+09 1.419999999999999873e-01 2.798899999999999864e+02
1.487364049009217024e+09 1.416999999999999926e-01 2.798999999999999773e+02
1.487364049103090048e+09 1.418999999999999984e-01 2.798999999999999773e+02
1.487364049208049059e+09 1.418000000000000094e-01 2.798999999999999773e+02
1.487364049306811094e+09 1.418999999999999984e-01 2.798999999999999773e+02
1.487364049402089119e+09 1.418999999999999984e-01 2.798999999999999773e+02
1.487364049504489899e+09 1.418999999999999984e-01 2.798899999999999864e+02
1.487364049606213093e+09 1.418000000000000094e-01 2.798999999999999773e+02
1.487364049704471111e+09 1.418999999999999984e-01 2.798999999999999773e+02
1.487364049817142010e+09 1.418000000000000094e-01 2.798999999999999773e+02
1.487364049916945934e+09 1.418000000000000094e-01 2.798999999999999773e+02
1.487364050016352892e+09 1.418000000000000094e-01 2.798999999999999773e+02
1.487364050112862110e+09 1.418000000000000094e-01 2.798999999999999773e+02
1.487364050217750072e+09 1.418000000000000094e-01 2.798999999999999773e+02
1.487364050316030979e+09 1.418999999999999984e-01 2.798999999999999773e+02
1.487364050415749073e+09 1.418999999999999984e-01 2.798999999999999773e+02
1.487364050526005030e+09 1.419999999999999873e-01 2.798999999999999773e+02
1.487364050629618883e+09 1.418999999999999984e-01 2.798999999999999773e+02
1.487364050725181103e+09 1.418999999999999984e-01 2.798999999999999773e+02
1.487364050829377890e+09 1.418999999999999984e-01 2.798999999999999773e+02
1.487364050928781033e+09 1.418999999999999984e-01 2.798999999999999773e+02
1.487364051028762102e+09 1.419999999999999873e-01 2.798999999999999773e+02
1.487364051128887892e+09 1.419999999999999873e-01 2.798999999999999773e+02
1.487364051227879047e+09 1.418999999999999984e-01 2.798999999999999773e+02
1.487364051326399088e+09 1.418999999999999984e-01 2.798999999999999773e+02
1.487364051441833973e+09 1.416999999999999926e-01 2.798999999999999773e+02
1.487364051540731907e+09 1.418000000000000094e-01 2.798999999999999773e+02
1.487364051640757084e+09 1.418999999999999984e-01 2.798999999999999773e+02
1.487364051739658117e+09 1.418999999999999984e-01 2.798999999999999773e+02
1.487364051839586973e+09 1.418000000000000094e-01 2.798999999999999773e+02
1.487364051934650898e+09 1.418999999999999984e-01 2.798999999999999773e+02
1.487364052038665056e+09 1.418999999999999984e-01 2.798999999999999773e+02
1.487364052138684988e+09 1.418000000000000094e-01 2.798999999999999773e+02
1.487364052237643003e+09 1.418999999999999984e-01 2.798999999999999773e+02
1.487364052346988916e+09 1.418999999999999984e-01 2.798999999999999773e+02
1.487364052451725006e+09 1.416999999999999926e-01 2.798999999999999773e+02
1.487364052550575018e+09 1.418999999999999984e-01 2.798999999999999773e+02
1.487364052650671005e+09 1.419999999999999873e-01 2.799100000000000250e+02
1.487364052750485897e+09 1.418999999999999984e-01 2.798999999999999773e+02
1.487364052849757910e+09 1.418999999999999984e-01 2.798999999999999773e+02
1.487364052949702978e+09 1.419999999999999873e-01 2.798999999999999773e+02
1.487364053048645973e+09 1.419999999999999873e-01 2.799100000000000250e+02
1.487364053159209967e+09 1.418999999999999984e-01 2.798999999999999773e+02
1.487364053258970976e+09 1.419999999999999873e-01 2.798999999999999773e+02
