1.487364376515700102e+09 7.949000000000000510e-01 2.795199999999999818e+02
1.487364376634480000e+09 7.954999999999999849e-01 2.795099999999999909e+02
1.487364376734853029e+09 7.949000000000000510e-01 2.795099999999999909e+02
1.487364376834729910e+09 7.945999999999999730e-01 2.795199999999999818e+02
1.487364376934114933e+09 7.947999999999999510e-01 2.795099999999999909e+02
1.487364377034082890e+09 7.955999999999999739e-01 2.795099999999999909e+02
1.487364377132358074e+09 7.952000000000000179e-01 2.795199999999999818e+02
1.487364377247001886e+09 7.946999999999999620e-01 2.795199999999999818e+02
1.487364377341715097e+09 7.950000000000000400e-01 2.795099999999999909e+02
1.487364377442557096e+09 7.953000000000000069e-01 2.795099999999999909e+02
1.487364377543456078e+09 7.945999999999999730e-01 2.795099999999999909e+02
1.487364377645260096e+09 7.961000000000000298e-01 2.795199999999999818e+02
1.487364377739311934e+09 7.944999999999999840e-01 2.795199999999999818e+02
1.487364377840465069e+09 7.946999999999999620e-01 2.795099999999999909e+02
1.487364377943269014e+09 7.943000000000000060e-01 2.795199999999999818e+02
1.487364378053610086e+09 7.947999999999999510e-01 2.795099999999999909e+02
1.487364378152713060e+09 7.937999999999999501e-01 2.795099999999999909e+02
1.487364378256447077e+09 7.955999999999999739e-01 2.795099999999999909e+02
1.487364378352693081e+09 7.953999999999999959e-01 2.795099999999999909e+02
1.487364378454431057e+09 7.943999999999999950e-01 2.795099999999999909e+02
1.487364378555855989e+09 7.943999999999999950e-01 2.795099999999999909e+02
1.487364378652185917e+09 7.954999999999999849e-01 2.795099999999999909e+02
1.487364378752213955e+09 7.945999999999999730e-01 2.795099999999999909e+02
1.487364378854741096e+09 7.947999999999999510e-01 2.795099999999999909e+02
1.487364378966110945e+09 7.949000000000000510e-01 2.795099999999999909e+02
1.487364379062728882e+09 7.939000000000000501e-01 2.795099999999999909e+02
1.487364379167362928e+09 7.951000000000000290e-01 2.795099999999999909e+02
1.487364379267669916e+09 7.945999999999999730e-01 2.795099999999999909e+02
1.487364379361916065e+09 7.944999999999999840e-01 2.795099999999999909e+02
1.487364379462194920e+09 7.945999999999999730e-01 2.795099999999999909e+02
1.487364379561714888e+09 7.947999999999999510e-01 2.795099999999999909e+02
1.487364379661294937e+09 7.947999999999999510e-01 2.795099999999999909e+02
1.487364379777694941e+09 7.950000000000000400e-01 2.795099999999999909e+02
1.487364379877465010e+09 7.951000000000000290e-01 2.795099999999999909e+02
1.487364379977241039e+09 7.949000000000000510e-01 2.795099999999999909e+02
1.487364380074223042e+09 7.950000000000000400e-01 2.795099999999999909e+02
1.487364380176184893e+09 7.953000000000000069e-01 2.795099999999999909e+02
1.487364380274928093e+09 7.947999999999999510e-01 2.795099999999999909e+02
1.487364380373099089e+09 7.944999999999999840e-01 2.795099999999999909e+02
1.487364380475996017e+09 7.943999999999999950e-01 2.795099999999999909e+02
1.487364380590507030e+09 7.947999999999999510e-01 2.795099999999999909e+02
1.487364380689300060e+09 7.949000000000000510e-01 2.795099999999999909e+02
1.487364380789506912e+09 7.951000000000000290e-01 2.795099999999999909e+02
1.487364380889620066e+09 7.944999999999999840e-01 2.795099999999999909e+02
1.487364380986886978e+09 7.943999999999999950e-01 2.795099999999999909e+02
1.487364381088531971e+09 7.951000000000000290e-01 2.795099999999999909e+02
1.487364381183705091e+09 7.947999999999999510e-01 2.795099999999999909e+02
1.487364381301486015e+09 7.946999999999999620e-01 2.795099999999999909e+02
1.487364381398031950e+09 7.944999999999999840e-01 2.795099999999999909e+02
1.487364381496680021e+09 7.946999999999999620e-01 2.795099999999999909e+02
1.487364381595432043e+09 7.946999999999999620e-01 2.795099999999999909e+02
1.487364381700550079e+09 7.946999999999999620e-01 2.795099999999999909e+02
1.487364381795037985e+09 7.945999999999999730e-01 2.795099999999999909e+02
1.487364381899462938e+09 7.942000000000000171e-01 2.795099999999999909e+02
1.487364381994462967e+09 7.945999999999999730e-01 2.795099999999999909e+02
1.487364382108946085e+09 7.949000000000000510e-01 2.795099999999999909e+02
1.487364382212505102e+09 7.940000000000000391e-01 2.795099999999999909e+02
1.487364382312041998e+09 7.943000000000000060e-01 2.795099999999999909e+02
1.487364382409826040e+09 7.944999999999999840e-01 2.795099999999999909e+02
1.487364382511461020e+09 7.943999999999999950e-01 2.795099999999999909e+02
1.487364382605525970e+09 7.943000000000000060e-01 2.795099999999999909e+02
1.487364382710369110e+09 7.947999999999999510e-01 2.795099999999999909e+02
1.487364382806382895e+09 7.945999999999999730e-01 2.795099999999999909e+02
1.487364382919239998e+09 7.947999999999999510e-01 2.795099999999999909e+02
1.487364383019929886e+09 7.945999999999999730e-01 2.795099999999999909e+02
1.487364383119708061e+09 7.949000000000000510e-01 2.795099999999999909e+02
1.487364383219461918e+09 7.955999999999999739e-01 2.795099999999999909e+02
1.487364383321602106e+09 7.944999999999999840e-01 2.795099999999999909e+02
1.487364383418631077e+09 7.955999999999999739e-01 2.795099999999999909e+02
1.487364383518640995e+09 7.954999999999999849e-01 2.795099999999999909e+02
1.487364383621057987e+09 7.953000000000000069e-01 2.795099999999999909e+02
1.487364383718291044e+09 7.949000000000000510e-01 2.795099999999999909e+02
1.487364383830238104e+09 7.954999999999999849e-01 2.795099999999999909e+02
1.487364383934441090e+09 7.942000000000000171e-01 2.795099999999999909e+02
1.487364384033493996e+09 7.943000000000000060e-01 2.795099999999999909e+02
1.487364384133845091e+09 7.956999999999999629e-01 2.795099999999999909e+02
1.487364384232302904e+09 7.946999999999999620e-01 2.795099999999999909e+02
1.487364384332197905e+09 7.944999999999999840e-01 2.795099999999999909e+02
1.487364384432363033e+09 7.947999999999999510e-01 2.795099999999999909e+02
1.487364384526494026e+09 7.949000000000000510e-01 2.795099999999999909e+02
1.487364384645463943e+09 7.951000000000000290e-01 2.795099999999999909e+02
1.487364384745266914e+09 7.944999999999999840e-01 2.795099999999999909e+02
1.487364384844153881e+09 7.945999999999999730e-01 2.795099999999999909e+02
1.487364384938981056e+09 7.943999999999999950e-01 2.795099999999999909e+02
1.487364385043080091e+09 7.946999999999999620e-01 2.795099999999999909e+02
1.487364385143405914e+09 7.943999999999999950e-01 2.795099999999999909e+02
1.487364385238239050e+09 7.942000000000000171e-01 2.795099999999999909e+02
1.487364385342181921e+09 7.947999999999999510e-01 2.795099999999999909e+02
1.487364385451937914e+09 7.942000000000000171e-01 2.795099999999999909e+02
1.487364385556323051e+09 7.941000000000000281e-01 2.795099999999999909e+02
1.487364385654350042e+09 7.947999999999999510e-01 2.795099999999999909e+02
1.487364385754357100e+09 7.946999999999999620e-01 2.795099999999999909e+02
1.487364385850315094e+09 7.942000000000000171e-01 2.795099999999999909e+02
1.487364385954277992e+09 7.947999999999999510e-01 2.795099999999999909e+02
1.487364386053284883e+09 7.950000000000000400e-01 2.795099999999999909e+02
1.487364386153112888e+09 7.943000000000000060e-01 2.795099999999999909e+02
1.487364386262152910e+09 7.951000000000000290e-01 2.795099999999999909e+02
1.487364386367072105e+09 7.943999999999999950e-01 2.795099999999999909e+02
1.487364386461756945e+09 7.945999999999999730e-01 2.795099999999999909e+02
1.487364386561436892e+09 7.945999999999999730e-01 2.795099999999999909e+02
1.487364386661206007e+09 7.942000000000000171e-01 2.795099999999999909e+02
1.487364386760987997e+09 7.951000000000000290e-01 2.795099999999999909e+02
1.487364386860732079e+09 7.947999999999999510e-01 2.795099999999999909e+02
1.487364386961740971e+09 7.947999999999999510e-01 2.795099999999999909e+02
1.487364387072871923e+09 7.945999999999999730e-01 2.795099999999999909e+02
1.487364387176861048e+09 7.944999999999999840e-01 2.795099999999999909e+02
1.487364387276426077e+09 7.945999999999999730e-01 2.795099999999999909e+02
1.487364387376204014e+09 7.949000000000000510e-01 2.795099999999999909e+02
1.487364387473658085e+09 7.943000000000000060e-01 2.795099999999999909e+02
1.487364387576131105e+09 7.950000000000000400e-01 2.795099999999999909e+02
1.487364387675582886e+09 7.949000000000000510e-01 2.795099999999999909e+02
1.487364387773037910e+09 7.950000000000000400e-01 2.795099999999999909e+02
1.487364387889204979e+09 7.947999999999999510e-01 2.795099999999999909e+02
1.487364387988925934e+09 7.952000000000000179e-01 2.795099999999999909e+02
1.487364388088787079e+09 7.941000000000000281e-01 2.795099999999999909e+02
1.487364388187870026e+09 7.956999999999999629e-01 2.795099999999999909e+02
1.487364388284701109e+09 7.950000000000000400e-01 2.795099999999999909e+02
1.487364388386871099e+09 7.947999999999999510e-01 2.795099999999999909e+02
1.487364388484376907e+09 7.949000000000000510e-01 2.795099999999999909e+02
1.487364388585736036e+09 7.943999999999999950e-01 2.795099999999999909e+02
1.487364388699716091e+09 7.943999999999999950e-01 2.795099999999999909e+02
1.487364388799510002e+09 7.947999999999999510e-01 2.795099999999999909e+02
1.487364388897269011e+09 7.945999999999999730e-01 2.795099999999999909e+02
1.487364388998858929e+09 7.953000000000000069e-01 2.795099999999999909e+02
1.487364389098841906e+09 7.946999999999999620e-01 2.795099999999999909e+02
1.487364389197531939e+09 7.947999999999999510e-01 2.795099999999999909e+02
1.487364389297755003e+09 7.946999999999999620e-01 2.795099999999999909e+02
1.487364389411936998e+09 7.942000000000000171e-01 2.795099999999999909e+02
1.487364389510673046e+09 7.943000000000000060e-01 2.795099999999999909e+02
1.487364389610910892e+09 7.947999999999999510e-01 2.795099999999999909e+02
1.487364389710731030e+09 7.943000000000000060e-01 2.795099999999999909e+02
1.487364389809766054e+09 7.940000000000000391e-01 2.795099999999999909e+02
1.487364389909784079e+09 7.935999999999999721e-01 2.795099999999999909e+02
1.487364390008780003e+09 7.943000000000000060e-01 2.795099999999999909e+02
1.487364390108717918e+09 7.949000000000000510e-01 2.795099999999999909e+02
1.487364390219346046e+09 7.947999999999999510e-01 2.795099999999999909e+02
1.487364390319112062e+09 7.940000000000000391e-01 2.795099999999999909e+02
1.487364390418875933e+09 7.936999999999999611e-01 2.795099999999999909e+02
1.487364390518666983e+09 7.939000000000000501e-01 2.795099999999999909e+02
1.487364390617472887e+09 7.943000000000000060e-01 2.795099999999999909e+02
1.487364390718250990e+09 7.944999999999999840e-01 2.795099999999999909e+02
1.487364390817931890e+09 7.950000000000000400e-01 2.795099999999999909e+02
1.487364390917697906e+09 7.944999999999999840e-01 2.795099999999999909e+02
1.487364391033510923e+09 7.952000000000000179e-01 2.795099999999999909e+02
1.487364391132594109e+09 7.946999999999999620e-01 2.795099999999999909e+02
1.487364391232682943e+09 7.950000000000000400e-01 2.795099999999999909e+02
1.487364391332801104e+09 7.953000000000000069e-01 2.795099999999999909e+02
1.487364391431572914e+09 7.943000000000000060e-01 2.795099999999999909e+02
1.487364391531393051e+09 7.937999999999999501e-01 2.795099999999999909e+02
1.487364391628155947e+09 7.946999999999999620e-01 2.795099999999999909e+02
1.487364391727241993e+09 7.950000000000000400e-01 2.795099999999999909e+02
1.487364391829598904e+09 7.951000000000000290e-01 2.795099999999999909e+02
1.487364391943757057e+09 7.947999999999999510e-01 2.795099999999999909e+02
1.487364392043505907e+09 7.949000000000000510e-01 2.795099999999999909e+02
1.487364392143703938e+09 7.943999999999999950e-01 2.795099999999999909e+02
1.487364392239582062e+09 7.953999999999999959e-01 2.795099999999999909e+02
1.487364392341773033e+09 7.947999999999999510e-01 2.795099999999999909e+02
1.487364392442169905e+09 7.945999999999999730e-01 2.795099999999999909e+02
1.487364392541446924e+09 7.945999999999999730e-01 2.795099999999999909e+02
1.487364392641520023e+09 7.943999999999999950e-01 2.795099999999999909e+02
1.487364392751112938e+09 7.939000000000000501e-01 2.795099999999999909e+02
1.487364392853357077e+09 7.947999999999999510e-01 2.795099999999999909e+02
1.487364392949302912e+09 7.944999999999999840e-01 2.795000000000000000e+02
1.487364393048829079e+09 7.945999999999999730e-01 2.795000000000000000e+02
1.487364393153408051e+09 7.941000000000000281e-01 2.795000000000000000e+02
1.487364393252330065e+09 7.941000000000000281e-01 2.795000000000000000e+02
1.487364393347635984e+09 7.951000000000000290e-01 2.795000000000000000e+02
1.487364393452344894e+09 7.942000000000000171e-01 2.795000000000000000e+02
1.487364393565536022e+09 7.953000000000000069e-01 2.795099999999999909e+02
1.487364393663589001e+09 7.952000000000000179e-01 2.795000000000000000e+02
1.487364393761396885e+09 7.943000000000000060e-01 2.795000000000000000e+02
1.487364393860040903e+09 7.941000000000000281e-01 2.795000000000000000e+02
1.487364393960480928e+09 7.943999999999999950e-01 2.795000000000000000e+02
1.487364394059858084e+09 7.943000000000000060e-01 2.795000000000000000e+02
1.487364394159898996e+09 7.943000000000000060e-01 2.795000000000000000e+02
1.487364394259684086e+09 7.946999999999999620e-01 2.795000000000000000e+02
1.487364394376077890e+09 7.945999999999999730e-01 2.795000000000000000e+02
1.487364394475895882e+09 7.947999999999999510e-01 2.795000000000000000e+02
1.487364394573312044e+09 7.950000000000000400e-01 2.795000000000000000e+02
1.487364394675236940e+09 7.947999999999999510e-01 2.795000000000000000e+02
1.487364394770864010e+09 7.942000000000000171e-01 2.795000000000000000e+02
1.487364394874902010e+09 7.950000000000000400e-01 2.795000000000000000e+02
1.487364394974231005e+09 7.943999999999999950e-01 2.795000000000000000e+02
1.487364395072545052e+09 7.951000000000000290e-01 2.795000000000000000e+02
1.487364395188205004e+09 7.939000000000000501e-01 2.795000000000000000e+02
1.487364395287210941e+09 7.943999999999999950e-01 2.795000000000000000e+02
1.487364395384156942e+09 7.943999999999999950e-01 2.795000000000000000e+02
1.487364395483568907e+09 7.944999999999999840e-01 2.795000000000000000e+02
1.487364395586270094e+09 7.946999999999999620e-01 2.795000000000000000e+02
1.487364395686264992e+09 7.942000000000000171e-01 2.795000000000000000e+02
1.487364395785125971e+09 7.943000000000000060e-01 2.795000000000000000e+02
1.487364395885257006e+09 7.944999999999999840e-01 2.795000000000000000e+02
1.487364395999175072e+09 7.947999999999999510e-01 2.795000000000000000e+02
1.487364396098175049e+09 7.944999999999999840e-01 2.795000000000000000e+02
1.487364396193672895e+09 7.950000000000000400e-01 2.795000000000000000e+02
1.487364396295861959e+09 7.946999999999999620e-01 2.795000000000000000e+02
1.487364396397089005e+09 7.945999999999999730e-01 2.795000000000000000e+02
1.487364396497112036e+09 7.946999999999999620e-01 2.795000000000000000e+02
1.487364396596092939e+09 7.944999999999999840e-01 2.795000000000000000e+02
1.487364396696038008e+09 7.954999999999999849e-01 2.795000000000000000e+02
1.487364396810065031e+09 7.943999999999999950e-01 2.795000000000000000e+02
1.487364396909162998e+09 7.942000000000000171e-01 2.795000000000000000e+02
1.487364397009047031e+09 7.941000000000000281e-01 2.795000000000000000e+02
1.487364397108093977e+09 7.943000000000000060e-01 2.795000000000000000e+02
1.487364397208091974e+09 7.936999999999999611e-01 2.795000000000000000e+02
1.487364397307862043e+09 7.944999999999999840e-01 2.795000000000000000e+02
1.487364397402215958e+09 7.949000000000000510e-01 2.795000000000000000e+02
1.487364397507033110e+09 7.949000000000000510e-01 2.795000000000000000e+02
1.487364397618356943e+09 7.933000000000000052e-01 2.795000000000000000e+02
1.487364397718173981e+09 7.945999999999999730e-01 2.795000000000000000e+02
1.487364397817912102e+09 7.945999999999999730e-01 2.795000000000000000e+02
1.487364397917907000e+09 7.944999999999999840e-01 2.795000000000000000e+02
1.487364398017424107e+09 7.950000000000000400e-01 2.795000000000000000e+02
1.487364398117122889e+09 7.943000000000000060e-01 2.795000000000000000e+02
1.487364398217005968e+09 7.940000000000000391e-01 2.795000000000000000e+02
1.487364398316653967e+09 7.943000000000000060e-01 2.795000000000000000e+02
1.487364398416413069e+09 7.949000000000000510e-01 2.795000000000000000e+02
1.487364398531056881e+09 7.952000000000000179e-01 2.795000000000000000e+02
1.487364398630923986e+09 7.943999999999999950e-01 2.795000000000000000e+02
1.487364398731004953e+09 7.949000000000000510e-01 2.794900000000000091e+02
1.487364398829829931e+09 7.944999999999999840e-01 2.794900000000000091e+02
1.487364398929908991e+09 7.946999999999999620e-01 2.794900000000000091e+02
1.487364399028907061e+09 7.943000000000000060e-01 2.794900000000000091e+02
1.487364399128669024e+09 7.951000000000000290e-01 2.795000000000000000e+02
1.487364399240267038e+09 7.953999999999999959e-01 2.794900000000000091e+02
1.487364399341949940e+09 7.952000000000000179e-01 2.794900000000000091e+02
1.487364399441922903e+09 7.947999999999999510e-01 2.794900000000000091e+02
1.487364399538356066e+09 7.942000000000000171e-01 2.794900000000000091e+02
1.487364399640916109e+09 7.947999999999999510e-01 2.794900000000000091e+02
1.487364399739093065e+09 7.946999999999999620e-01 2.794900000000000091e+02
1.487364399839750051e+09 7.945999999999999730e-01 2.794900000000000091e+02
1.487364399939871073e+09 7.945999999999999730e-01 2.794900000000000091e+02
1.487364400039880037e+09 7.947999999999999510e-01 2.794900000000000091e+02
1.487364400152858973e+09 7.943000000000000060e-01 2.794900000000000091e+02
1.487364400252753973e+09 7.944999999999999840e-01 2.794900000000000091e+02
1.487364400352646112e+09 7.943000000000000060e-01 2.794900000000000091e+02
1.487364400451694965e+09 7.949000000000000510e-01 2.794900000000000091e+02
1.487364400551800966e+09 7.946999999999999620e-01 2.794900000000000091e+02
1.487364400650729895e+09 7.951000000000000290e-01 2.794900000000000091e+02
1.487364400750799894e+09 7.953999999999999959e-01 2.794900000000000091e+02
1.487364400847079992e+09 7.952000000000000179e-01 2.794900000000000091e+02
1.487364400945203066e+09 7.951000000000000290e-01 2.794900000000000091e+02
1.487364401059115887e+09 7.936999999999999611e-01 2.794900000000000091e+02
1.487364401160151958e+09 7.946999999999999620e-01 2.794900000000000091e+02
1.487364401259536982e+09 7.944999999999999840e-01 2.794900000000000091e+02
1.487364401359311104e+09 7.952000000000000179e-01 2.794900000000000091e+02
1.487364401459178925e+09 7.945999999999999730e-01 2.794900000000000091e+02
1.487364401558763027e+09 7.946999999999999620e-01 2.794900000000000091e+02
1.487364401658704042e+09 7.950000000000000400e-01 2.794900000000000091e+02
1.487364401758467913e+09 7.949000000000000510e-01 2.794900000000000091e+02
1.487364401874754906e+09 7.943000000000000060e-01 2.794900000000000091e+02
1.487364401974622011e+09 7.954999999999999849e-01 2.794900000000000091e+02
1.487364402072351933e+09 7.945999999999999730e-01 2.794900000000000091e+02
1.487364402173594952e+09 7.946999999999999620e-01 2.794900000000000091e+02
1.487364402272595882e+09 7.941000000000000281e-01 2.794900000000000091e+02
1.487364402369366884e+09 7.940000000000000391e-01 2.794900000000000091e+02
1.487364402469486952e+09 7.949000000000000510e-01 2.794900000000000091e+02
1.487364402568336964e+09 7.949000000000000510e-01 2.794900000000000091e+02
1.487364402682131052e+09 7.952000000000000179e-01 2.794900000000000091e+02
1.487364402785660982e+09 7.935999999999999721e-01 2.794900000000000091e+02
1.487364402881891012e+09 7.943999999999999950e-01 2.794900000000000091e+02
1.487364402984543085e+09 7.951000000000000290e-01 2.794900000000000091e+02
1.487364403083272934e+09 7.947999999999999510e-01 2.794900000000000091e+02
1.487364403178762913e+09 7.952000000000000179e-01 2.794900000000000091e+02
1.487364403278961897e+09 7.951000000000000290e-01 2.794900000000000091e+02
1.487364403382534027e+09 7.947999999999999510e-01 2.794900000000000091e+02
1.487364403496742964e+09 7.953000000000000069e-01 2.794900000000000091e+02
1.487364403591469049e+09 7.940000000000000391e-01 2.794900000000000091e+02
1.487364403690629005e+09 7.949000000000000510e-01 2.794900000000000091e+02
1.487364403795464039e+09 7.946999999999999620e-01 2.794900000000000091e+02
1.487364403893582106e+09 7.956999999999999629e-01 2.794900000000000091e+02
1.487364403989583015e+09 7.953999999999999959e-01 2.794900000000000091e+02
1.487364404094405890e+09 7.943999999999999950e-01 2.794900000000000091e+02
1.487364404189882040e+09 7.942000000000000171e-01 2.794900000000000091e+02
1.487364404302360058e+09 7.945999999999999730e-01 2.794900000000000091e+02
1.487364404407269001e+09 7.951000000000000290e-01 2.794900000000000091e+02
1.487364404507286072e+09 7.943999999999999950e-01 2.794900000000000091e+02
1.487364404601623058e+09 7.943000000000000060e-01 2.794900000000000091e+02
1.487364404701276064e+09 7.934999999999999831e-01 2.794900000000000091e+02
1.487364404805062056e+09 7.950000000000000400e-01 2.794900000000000091e+02
1.487364404900938988e+09 7.946999999999999620e-01 2.794800000000000182e+02
1.487364405000690937e+09 7.953999999999999959e-01 2.794800000000000182e+02
1.487364405117070913e+09 7.946999999999999620e-01 2.794900000000000091e+02
1.487364405216837883e+09 7.952000000000000179e-01 2.794900000000000091e+02
1.487364405316605091e+09 7.949000000000000510e-01 2.794800000000000182e+02
1.487364405416368008e+09 7.949000000000000510e-01 2.794800000000000182e+02
1.487364405516134024e+09 7.959000000000000519e-01 2.794800000000000182e+02
1.487364405615902901e+09 7.942000000000000171e-01 2.794800000000000182e+02
1.487364405715673923e+09 7.946999999999999620e-01 2.794800000000000182e+02
1.487364405815083027e+09 7.951000000000000290e-01 2.794800000000000182e+02
1.487364405929250956e+09 7.943999999999999950e-01 2.794800000000000182e+02
1.487364406029150963e+09 7.949000000000000510e-01 2.794800000000000182e+02
1.487364406129020929e+09 7.944999999999999840e-01 2.794800000000000182e+02
1.487364406228023052e+09 7.953000000000000069e-01 2.794800000000000182e+02
1.487364406327065945e+09 7.947999999999999510e-01 2.794900000000000091e+02
1.487364406427166939e+09 7.947999999999999510e-01 2.794800000000000182e+02
1.487364406526804924e+09 7.953000000000000069e-01 2.794800000000000182e+02
1.487364406626068115e+09 7.947999999999999510e-01 2.794800000000000182e+02
1.487364406726131916e+09 7.943999999999999950e-01 2.794800000000000182e+02
1.487364406840137005e+09 7.946999999999999620e-01 2.794800000000000182e+02
1.487364406935488939e+09 7.945999999999999730e-01 2.794800000000000182e+02
1.487364407034883976e+09 7.949000000000000510e-01 2.794800000000000182e+02
1.487364407139225960e+09 7.947999999999999510e-01 2.794800000000000182e+02
1.487364407238219976e+09 7.945999999999999730e-01 2.794800000000000182e+02
1.487364407338104963e+09 7.943999999999999950e-01 2.794800000000000182e+02
1.487364407437114954e+09 7.950000000000000400e-01 2.794800000000000182e+02
1.487364407537080050e+09 7.942000000000000171e-01 2.794800000000000182e+02
1.487364407650871992e+09 7.946999999999999620e-01 2.794800000000000182e+02
1.487364407750114918e+09 7.940000000000000391e-01 2.794800000000000182e+02
1.487364407846980095e+09 7.944999999999999840e-01 2.794800000000000182e+02
1.487364407949913979e+09 7.947999999999999510e-01 2.794800000000000182e+02
1.487364408049021006e+09 7.945999999999999730e-01 2.794800000000000182e+02
1.487364408148900032e+09 7.943999999999999950e-01 2.794800000000000182e+02
1.487364408248877048e+09 7.939000000000000501e-01 2.794800000000000182e+02
1.487364408359296083e+09 7.943999999999999950e-01 2.794800000000000182e+02
1.487364408459081888e+09 7.942000000000000171e-01 2.794800000000000182e+02
1.487364408559133053e+09 7.946999999999999620e-01 2.794800000000000182e+02
1.487364408658597946e+09 7.945999999999999730e-01 2.794800000000000182e+02
1.487364408758359909e+09 7.934999999999999831e-01 2.794800000000000182e+02
1.487364408858019114e+09 7.942000000000000171e-01 2.794800000000000182e+02
1.487364408957895994e+09 7.946999999999999620e-01 2.794800000000000182e+02
1.487364409057641983e+09 7.953999999999999959e-01 2.794800000000000182e+02
1.487364409157418013e+09 7.941000000000000281e-01 2.794800000000000182e+02
1.487364409268229008e+09 7.946999999999999620e-01 2.794800000000000182e+02
1.487364409371898890e+09 7.945999999999999730e-01 2.794800000000000182e+02
1.487364409471944094e+09 7.943999999999999950e-01 2.794800000000000182e+02
1.487364409571923018e+09 7.941000000000000281e-01 2.794800000000000182e+02
1.487364409670851946e+09 7.943000000000000060e-01 2.794800000000000182e+02
1.487364409765990973e+09 7.946999999999999620e-01 2.794800000000000182e+02
1.487364409865479946e+09 7.935999999999999721e-01 2.794800000000000182e+02
1.487364409969957113e+09 7.943000000000000060e-01 2.794800000000000182e+02
1.487364410083856106e+09 7.950000000000000400e-01 2.794800000000000182e+02
1.487364410182945967e+09 7.944999999999999840e-01 2.794800000000000182e+02
1.487364410282661915e+09 7.943999999999999950e-01 2.794800000000000182e+02
1.487364410382914066e+09 7.950000000000000400e-01 2.794800000000000182e+02
1.487364410481749058e+09 7.941000000000000281e-01 2.794800000000000182e+02
1.487364410581718922e+09 7.947999999999999510e-01 2.794800000000000182e+02
1.487364410681838036e+09 7.950000000000000400e-01 2.794800000000000182e+02
1.487364410776702881e+09 7.943999999999999950e-01 2.794800000000000182e+02
1.487364410894620895e+09 7.940000000000000391e-01 2.794800000000000182e+02
1.487364410994756937e+09 7.945999999999999730e-01 2.794800000000000182e+02
1.487364411093607903e+09 7.949000000000000510e-01 2.794800000000000182e+02
1.487364411191267014e+09 7.944999999999999840e-01 2.794800000000000182e+02
1.487364411288984060e+09 7.943999999999999950e-01 2.794800000000000182e+02
1.487364411387950897e+09 7.943999999999999950e-01 2.794800000000000182e+02
1.487364411490355968e+09 7.947999999999999510e-01 2.794800000000000182e+02
1.487364411606681108e+09 7.947999999999999510e-01 2.794800000000000182e+02
1.487364411701246977e+09 7.946999999999999620e-01 2.794800000000000182e+02
1.487364411801022053e+09 7.947999999999999510e-01 2.794800000000000182e+02
1.487364411899975061e+09 7.940000000000000391e-01 2.794800000000000182e+02
1.487364412000684977e+09 7.939000000000000501e-01 2.794800000000000182e+02
1.487364412100498915e+09 7.943000000000000060e-01 2.794800000000000182e+02
1.487364412200103998e+09 7.943000000000000060e-01 2.794800000000000182e+02
1.487364412299868107e+09 7.937999999999999501e-01 2.794800000000000182e+02
1.487364412416264057e+09 7.950000000000000400e-01 2.794800000000000182e+02
1.487364412512238026e+09 7.952000000000000179e-01 2.794800000000000182e+02
1.487364412616200924e+09 7.946999999999999620e-01 2.794800000000000182e+02
1.487364412714457035e+09 7.942000000000000171e-01 2.794700000000000273e+02
1.487364412810954094e+09 7.947999999999999510e-01 2.794700000000000273e+02
1.487364412912139893e+09 7.945999999999999730e-01 2.794700000000000273e+02
1.487364413013843060e+09 7.949000000000000510e-01 2.794800000000000182e+02
1.487364413112283945e+09 7.946999999999999620e-01 2.794800000000000182e+02
1.487364413228307009e+09 7.947999999999999510e-01 2.794800000000000182e+02
1.487364413326997042e+09 7.953000000000000069e-01 2.794700000000000273e+02
1.487364413427210093e+09 7.939000000000000501e-01 2.794700000000000273e+02
1.487364413521855116e+09 7.940000000000000391e-01 2.794700000000000273e+02
1.487364413626507998e+09 7.949000000000000510e-01 2.794800000000000182e+02
1.487364413725481033e+09 7.945999999999999730e-01 2.794800000000000182e+02
1.487364413825476885e+09 7.952000000000000179e-01 2.794800000000000182e+02
1.487364413925451040e+09 7.949000000000000510e-01 2.794700000000000273e+02
1.487364414024427891e+09 7.951000000000000290e-01 2.794700000000000273e+02
1.487364414133845091e+09 7.942000000000000171e-01 2.794700000000000273e+02
1.487364414233431101e+09 7.944999999999999840e-01 2.794700000000000273e+02
1.487364414337052107e+09 7.947999999999999510e-01 2.794700000000000273e+02
1.487364414437458992e+09 7.936999999999999611e-01 2.794800000000000182e+02
1.487364414534903049e+09 7.945999999999999730e-01 2.794800000000000182e+02
1.487364414632272005e+09 7.946999999999999620e-01 2.794700000000000273e+02
1.487364414736535072e+09 7.946999999999999620e-01 2.794700000000000273e+02
1.487364414832987070e+09 7.950000000000000400e-01 2.794700000000000273e+02
1.487364414949399948e+09 7.945999999999999730e-01 2.794700000000000273e+02
1.487364415049329042e+09 7.946999999999999620e-01 2.794700000000000273e+02
1.487364415148350000e+09 7.949000000000000510e-01 2.794700000000000273e+02
1.487364415248303890e+09 7.943000000000000060e-01 2.794700000000000273e+02
1.487364415345738888e+09 7.943000000000000060e-01 2.794700000000000273e+02
1.487364415442387104e+09 7.943999999999999950e-01 2.794700000000000273e+02
1.487364415547265053e+09 7.951000000000000290e-01 2.794700000000000273e+02
1.487364415643373966e+09 7.947999999999999510e-01 2.794700000000000273e+02
1.487364415758328915e+09 7.945999999999999730e-01 2.794700000000000273e+02
1.487364415858094931e+09 7.947999999999999510e-01 2.794700000000000273e+02
1.487364415957844019e+09 7.944999999999999840e-01 2.794700000000000273e+02
1.487364416057595968e+09 7.956999999999999629e-01 2.794700000000000273e+02
1.487364416157006979e+09 7.943000000000000060e-01 2.794700000000000273e+02
1.487364416257061005e+09 7.947999999999999510e-01 2.794700000000000273e+02
1.487364416356859922e+09 7.953999999999999959e-01 2.794700000000000273e+02
1.487364416455137014e+09 7.953999999999999959e-01 2.794700000000000273e+02
1.487364416571193933e+09 7.950000000000000400e-01 2.794700000000000273e+02
1.487364416671284914e+09 7.942000000000000171e-01 2.794700000000000273e+02
1.487364416771068096e+09 7.940000000000000391e-01 2.794700000000000273e+02
1.487364416870271921e+09 7.941000000000000281e-01 2.794700000000000273e+02
1.487364416970288038e+09 7.944999999999999840e-01 2.794700000000000273e+02
1.487364417068696976e+09 7.937999999999999501e-01 2.794700000000000273e+02
1.487364417169231892e+09 7.939000000000000501e-01 2.794700000000000273e+02
1.487364417269160032e+09 7.946999999999999620e-01 2.794700000000000273e+02
1.487364417381074905e+09 7.939000000000000501e-01 2.794700000000000273e+02
1.487364417482242107e+09 7.945999999999999730e-01 2.794700000000000273e+02
1.487364417582305908e+09 7.943999999999999950e-01 2.794700000000000273e+02
1.487364417679716110e+09 7.945999999999999730e-01 2.794700000000000273e+02
1.487364417781322956e+09 7.943000000000000060e-01 2.794700000000000273e+02
1.487364417874944925e+09 7.941000000000000281e-01 2.794700000000000273e+02
1.487364417980432034e+09 7.949000000000000510e-01 2.794700000000000273e+02
1.487364418080399990e+09 7.953999999999999959e-01 2.794700000000000273e+02
1.487364418190119028e+09 7.944999999999999840e-01 2.794700000000000273e+02
1.487364418290863037e+09 7.945999999999999730e-01 2.794700000000000273e+02
1.487364418393013954e+09 7.945999999999999730e-01 2.794700000000000273e+02
1.487364418492126942e+09 7.939000000000000501e-01 2.794700000000000273e+02
1.487364418590501070e+09 7.940000000000000391e-01 2.794700000000000273e+02
1.487364418690970898e+09 7.941000000000000281e-01 2.794700000000000273e+02
1.487364418791143894e+09 7.940000000000000391e-01 2.794700000000000273e+02
1.487364418891083956e+09 7.947999999999999510e-01 2.794700000000000273e+02
1.487364419000571012e+09 7.945999999999999730e-01 2.794700000000000273e+02
1.487364419100296021e+09 7.943000000000000060e-01 2.794700000000000273e+02
1.487364419204221964e+09 7.944999999999999840e-01 2.794700000000000273e+02
1.487364419299829960e+09 7.946999999999999620e-01 2.794700000000000273e+02
1.487364419399605989e+09 7.943999999999999950e-01 2.794700000000000273e+02
1.487364419499356031e+09 7.944999999999999840e-01 2.794700000000000273e+02
1.487364419599119902e+09 7.943999999999999950e-01 2.794700000000000273e+02
1.487364419713294029e+09 7.943000000000000060e-01 2.794700000000000273e+02
1.487364419815273046e+09 7.941000000000000281e-01 2.794700000000000273e+02
1.487364419912735939e+09 7.942000000000000171e-01 2.794700000000000273e+02
1.487364420010997057e+09 7.952000000000000179e-01 2.794700000000000273e+02
1.487364420114001989e+09 7.950000000000000400e-01 2.794700000000000273e+02
1.487364420214375019e+09 7.953000000000000069e-01 2.794700000000000273e+02
1.487364420312891960e+09 7.950000000000000400e-01 2.794700000000000273e+02
1.487364420413034916e+09 7.941000000000000281e-01 2.794700000000000273e+02
1.487364420526765108e+09 7.947999999999999510e-01 2.794700000000000273e+02
1.487364420625756025e+09 7.943000000000000060e-01 2.794599999999999795e+02
1.487364420725898981e+09 7.950000000000000400e-01 2.794700000000000273e+02
1.487364420825926065e+09 7.945999999999999730e-01 2.794700000000000273e+02
1.487364420924787998e+09 7.940000000000000391e-01 2.794599999999999795e+02
1.487364421019738913e+09 7.949000000000000510e-01 2.794599999999999795e+02
1.487364421123935938e+09 7.943999999999999950e-01 2.794599999999999795e+02
1.487364421220746040e+09 7.944999999999999840e-01 2.794599999999999795e+02
1.487364421337829113e+09 7.946999999999999620e-01 2.794599999999999795e+02
1.487364421436336040e+09 7.949000000000000510e-01 2.794599999999999795e+02
1.487364421532016993e+09 7.949000000000000510e-01 2.794599999999999795e+02
1.487364421636826992e+09 7.941000000000000281e-01 2.794599999999999795e+02
1.487364421730535984e+09 7.943000000000000060e-01 2.794599999999999795e+02
1.487364421832915068e+09 7.943999999999999950e-01 2.794599999999999795e+02
1.487364421931090117e+09 7.940000000000000391e-01 2.794599999999999795e+02
1.487364422032931089e+09 7.951000000000000290e-01 2.794599999999999795e+02
1.487364422133831978e+09 7.945999999999999730e-01 2.794599999999999795e+02
1.487364422242933989e+09 7.943000000000000060e-01 2.794599999999999795e+02
1.487364422347656965e+09 7.946999999999999620e-01 2.794599999999999795e+02
1.487364422447870016e+09 7.943999999999999950e-01 2.794599999999999795e+02
1.487364422542046070e+09 7.943000000000000060e-01 2.794599999999999795e+02
1.487364422644531965e+09 7.947999999999999510e-01 2.794599999999999795e+02
1.487364422746613979e+09 7.951000000000000290e-01 2.794599999999999795e+02
1.487364422841589928e+09 7.953000000000000069e-01 2.794599999999999795e+02
1.487364422941091061e+09 7.944999999999999840e-01 2.794599999999999795e+02
1.487364423057502031e+09 7.946999999999999620e-01 2.794599999999999795e+02
1.487364423157259941e+09 7.947999999999999510e-01 2.794599999999999795e+02
1.487364423257025003e+09 7.943999999999999950e-01 2.794599999999999795e+02
1.487364423356760979e+09 7.950000000000000400e-01 2.794599999999999795e+02
1.487364423452796936e+09 7.939000000000000501e-01 2.794599999999999795e+02
1.487364423556324005e+09 7.945999999999999730e-01 2.794599999999999795e+02
1.487364423656064987e+09 7.941000000000000281e-01 2.794599999999999795e+02
1.487364423753367901e+09 7.944999999999999840e-01 2.794599999999999795e+02
1.487364423870551109e+09 7.943999999999999950e-01 2.794599999999999795e+02
1.487364423969755888e+09 7.954999999999999849e-01 2.794599999999999795e+02
1.487364424069464922e+09 7.942000000000000171e-01 2.794599999999999795e+02
1.487364424168571949e+09 7.953000000000000069e-01 2.794599999999999795e+02
1.487364424268558025e+09 7.950000000000000400e-01 2.794599999999999795e+02
1.487364424368448973e+09 7.950000000000000400e-01 2.794599999999999795e+02
1.487364424467449903e+09 7.945999999999999730e-01 2.794599999999999795e+02
1.487364424567318916e+09 7.953000000000000069e-01 2.794599999999999795e+02
1.487364424681548119e+09 7.950000000000000400e-01 2.794599999999999795e+02
1.487364424780473948e+09 7.939000000000000501e-01 2.794599999999999795e+02
1.487364424877768993e+09 7.944999999999999840e-01 2.794599999999999795e+02
1.487364424979425907e+09 7.946999999999999620e-01 2.794599999999999795e+02
1.487364425079503059e+09 7.944999999999999840e-01 2.794599999999999795e+02
1.487364425175864935e+09 7.951000000000000290e-01 2.794599999999999795e+02
1.487364425278428078e+09 7.957999999999999519e-01 2.794599999999999795e+02
1.487364425378488064e+09 7.945999999999999730e-01 2.794599999999999795e+02
1.487364425489947081e+09 7.949000000000000510e-01 2.794599999999999795e+02
1.487364425591428995e+09 7.949000000000000510e-01 2.794599999999999795e+02
1.487364425686917067e+09 7.943999999999999950e-01 2.794599999999999795e+02
1.487364425790493011e+09 7.945999999999999730e-01 2.794599999999999795e+02
1.487364425890450954e+09 7.943000000000000060e-01 2.794599999999999795e+02
1.487364425986285925e+09 7.939000000000000501e-01 2.794599999999999795e+02
1.487364426087316990e+09 7.949000000000000510e-01 2.794599999999999795e+02
1.487364426189316034e+09 7.940000000000000391e-01 2.794599999999999795e+02
1.487364426299719095e+09 7.943000000000000060e-01 2.794599999999999795e+02
1.487364426399375916e+09 7.942000000000000171e-01 2.794599999999999795e+02
1.487364426499248028e+09 7.945999999999999730e-01 2.794599999999999795e+02
1.487364426596728086e+09 7.949000000000000510e-01 2.794599999999999795e+02
1.487364426698786974e+09 7.946999999999999620e-01 2.794599999999999795e+02
1.487364426798557997e+09 7.945999999999999730e-01 2.794599999999999795e+02
1.487364426898513079e+09 7.950000000000000400e-01 2.794599999999999795e+02
1.487364426998049021e+09 7.943000000000000060e-01 2.794599999999999795e+02
1.487364427114290953e+09 7.936999999999999611e-01 2.794599999999999795e+02
1.487364427212480068e+09 7.947999999999999510e-01 2.794599999999999795e+02
1.487364427313193083e+09 7.943000000000000060e-01 2.794599999999999795e+02
1.487364427412220001e+09 7.943999999999999950e-01 2.794599999999999795e+02
1.487364427512079954e+09 7.944999999999999840e-01 2.794599999999999795e+02
1.487364427612349033e+09 7.949000000000000510e-01 2.794599999999999795e+02
1.487364427711034060e+09 7.943999999999999950e-01 2.794599999999999795e+02
1.487364427811089039e+09 7.944999999999999840e-01 2.794599999999999795e+02
1.487364427925206900e+09 7.951000000000000290e-01 2.794599999999999795e+02
1.487364428024095058e+09 7.937999999999999501e-01 2.794599999999999795e+02
1.487364428124177933e+09 7.949000000000000510e-01 2.794599999999999795e+02
1.487364428223181009e+09 7.952000000000000179e-01 2.794599999999999795e+02
1.487364428320641994e+09 7.947999999999999510e-01 2.794599999999999795e+02
1.487364428422939062e+09 7.940000000000000391e-01 2.794599999999999795e+02
1.487364428522026062e+09 7.946999999999999620e-01 2.794599999999999795e+02
1.487364428621840954e+09 7.944999999999999840e-01 2.794599999999999795e+02
1.487364428718745947e+09 7.949000000000000510e-01 2.794599999999999795e+02
1.487364428832909107e+09 7.944999999999999840e-01 2.794599999999999795e+02
1.487364428935023069e+09 7.954999999999999849e-01 2.794599999999999795e+02
1.487364429031820059e+09 7.950000000000000400e-01 2.794599999999999795e+02
1.487364429134035110e+09 7.947999999999999510e-01 2.794599999999999795e+02
1.487364429234016895e+09 7.943999999999999950e-01 2.794599999999999795e+02
1.487364429332756042e+09 7.949000000000000510e-01 2.794499999999999886e+02
1.487364429432964087e+09 7.949000000000000510e-01 2.794599999999999795e+02
1.487364429546993971e+09 7.947999999999999510e-01 2.794599999999999795e+02
1.487364429641746044e+09 7.949000000000000510e-01 2.794599999999999795e+02
1.487364429741539001e+09 7.946999999999999620e-01 2.794499999999999886e+02
1.487364429841778994e+09 7.943000000000000060e-01 2.794499999999999886e+02
1.487364429941049099e+09 7.942000000000000171e-01 2.794599999999999795e+02
1.487364430040822029e+09 7.949000000000000510e-01 2.794499999999999886e+02
1.487364430142992973e+09 7.955999999999999739e-01 2.794499999999999886e+02
1.487364430240282059e+09 7.946999999999999620e-01 2.794499999999999886e+02
1.487364430340069056e+09 7.953999999999999959e-01 2.794499999999999886e+02
1.487364430454657078e+09 7.946999999999999620e-01 2.794599999999999795e+02
1.487364430556210041e+09 7.944999999999999840e-01 2.794599999999999795e+02
1.487364430655987024e+09 7.934999999999999831e-01 2.794599999999999795e+02
1.487364430755749941e+09 7.937999999999999501e-01 2.794499999999999886e+02
1.487364430855509043e+09 7.945999999999999730e-01 2.794499999999999886e+02
1.487364430950128078e+09 7.953000000000000069e-01 2.794599999999999795e+02
1.487364431049601078e+09 7.942000000000000171e-01 2.794499999999999886e+02
1.487364431152776957e+09 7.943000000000000060e-01 2.794499999999999886e+02
1.487364431253755093e+09 7.952000000000000179e-01 2.794599999999999795e+02
1.487364431367929935e+09 7.942000000000000171e-01 2.794499999999999886e+02
1.487364431467813015e+09 7.946999999999999620e-01 2.794499999999999886e+02
1.487364431566920042e+09 7.949000000000000510e-01 2.794499999999999886e+02
1.487364431661822081e+09 7.940000000000000391e-01 2.794499999999999886e+02
1.487364431765506983e+09 7.947999999999999510e-01 2.794499999999999886e+02
1.487364431865849972e+09 7.943999999999999950e-01 2.794499999999999886e+02
1.487364431965956926e+09 7.949000000000000510e-01 2.794499999999999886e+02
1.487364432064870119e+09 7.942000000000000171e-01 2.794499999999999886e+02
1.487364432174921036e+09 7.942000000000000171e-01 2.794499999999999886e+02
1.487364432276875973e+09 7.940000000000000391e-01 2.794499999999999886e+02
1.487364432377660036e+09 7.943000000000000060e-01 2.794499999999999886e+02
1.487364432477745056e+09 7.952000000000000179e-01 2.794499999999999886e+02
1.487364432573308945e+09 7.945999999999999730e-01 2.794499999999999886e+02
1.487364432676752090e+09 7.933999999999999941e-01 2.794499999999999886e+02
1.487364432776026011e+09 7.945999999999999730e-01 2.794499999999999886e+02
1.487364432875576019e+09 7.947999999999999510e-01 2.794499999999999886e+02
1.487364432989644051e+09 7.953000000000000069e-01 2.794499999999999886e+02
1.487364433089869976e+09 7.943000000000000060e-01 2.794499999999999886e+02
1.487364433188690901e+09 7.943999999999999950e-01 2.794499999999999886e+02
1.487364433285537004e+09 7.939000000000000501e-01 2.794499999999999886e+02
1.487364433382803917e+09 7.944999999999999840e-01 2.794499999999999886e+02
1.487364433482579947e+09 7.941000000000000281e-01 2.794499999999999886e+02
1.487364433587563992e+09 7.950000000000000400e-01 2.794499999999999886e+02
1.487364433682106972e+09 7.939000000000000501e-01 2.794499999999999886e+02
1.487364433798501015e+09 7.942000000000000171e-01 2.794499999999999886e+02
1.487364433898262978e+09 7.944999999999999840e-01 2.794499999999999886e+02
1.487364433998025894e+09 7.952000000000000179e-01 2.794499999999999886e+02
1.487364434097791910e+09 7.943999999999999950e-01 2.794499999999999886e+02
1.487364434197556973e+09 7.949000000000000510e-01 2.794499999999999886e+02
1.487364434297255993e+09 7.939000000000000501e-01 2.794499999999999886e+02
1.487364434397049904e+09 7.949000000000000510e-01 2.794499999999999886e+02
1.487364434496772051e+09 7.950000000000000400e-01 2.794499999999999886e+02
1.487364434611687899e+09 7.944999999999999840e-01 2.794499999999999886e+02
1.487364434711564064e+09 7.946999999999999620e-01 2.794499999999999886e+02
1.487364434811526060e+09 7.953999999999999959e-01 2.794499999999999886e+02
1.487364434910665035e+09 7.943000000000000060e-01 2.794499999999999886e+02
1.487364435006467104e+09 7.943000000000000060e-01 2.794499999999999886e+02
1.487364435109559059e+09 7.953000000000000069e-01 2.794499999999999886e+02
1.487364435209672928e+09 7.940000000000000391e-01 2.794499999999999886e+02
1.487364435308487892e+09 7.943000000000000060e-01 2.794499999999999886e+02
1.487364435422533035e+09 7.951000000000000290e-01 2.794499999999999886e+02
1.487364435522730112e+09 7.942000000000000171e-01 2.794499999999999886e+02
1.487364435621253014e+09 7.943999999999999950e-01 2.794499999999999886e+02
1.487364435721402884e+09 7.943999999999999950e-01 2.794499999999999886e+02
1.487364435817867994e+09 7.944999999999999840e-01 2.794499999999999886e+02
1.487364435920312881e+09 7.953000000000000069e-01 2.794499999999999886e+02
1.487364436020333052e+09 7.945999999999999730e-01 2.794499999999999886e+02
1.487364436115506887e+09 7.936999999999999611e-01 2.794499999999999886e+02
1.487364436233495951e+09 7.943000000000000060e-01 2.794499999999999886e+02
1.487364436333321095e+09 7.945999999999999730e-01 2.794499999999999886e+02
1.487364436433434010e+09 7.941000000000000281e-01 2.794499999999999886e+02
