1.487364668159607887e+09 1.414999999999999869e-01 2.795899999999999750e+02
1.487364668252093077e+09 1.414999999999999869e-01 2.795899999999999750e+02
1.487364668352296114e+09 1.414999999999999869e-01 2.795899999999999750e+02
1.487364668452459097e+09 1.414999999999999869e-01 2.795899999999999750e+02
1.487364668551214933e+09 1.414999999999999869e-01 2.795899999999999750e+02
1.487364668650744915e+09 1.414999999999999869e-01 2.796000000000000227e+02
1.487364668751312017e+09 1.414999999999999869e-01 2.796000000000000227e+02
1.487364668850173950e+09 1.416000000000000036e-01 2.795899999999999750e+02
1.487364668950107098e+09 1.414999999999999869e-01 2.796000000000000227e+02
1.487364669049364090e+09 1.414999999999999869e-01 2.796000000000000227e+02
1.487364669149151087e+09 1.414999999999999869e-01 2.796000000000000227e+02
1.487364669262398958e+09 1.414999999999999869e-01 2.796000000000000227e+02
1.487364669362149954e+09 1.416000000000000036e-01 2.796000000000000227e+02
1.487364669458899975e+09 1.416000000000000036e-01 2.796000000000000227e+02
1.487364669562062025e+09 1.416000000000000036e-01 2.796000000000000227e+02
1.487364669661118984e+09 1.414999999999999869e-01 2.796000000000000227e+02
1.487364669761104107e+09 1.414999999999999869e-01 2.796000000000000227e+02
1.487364669860266924e+09 1.416000000000000036e-01 2.796000000000000227e+02
1.487364669960115910e+09 1.414999999999999869e-01 2.796000000000000227e+02
1.487364670060100079e+09 1.414999999999999869e-01 2.795899999999999750e+02
1.487364670173319101e+09 1.414999999999999869e-01 2.795899999999999750e+02
1.487364670273233891e+09 1.414999999999999869e-01 2.796000000000000227e+02
1.487364670373142958e+09 1.414999999999999869e-01 2.796000000000000227e+02
1.487364670472373009e+09 1.416000000000000036e-01 2.796000000000000227e+02
1.487364670572160959e+09 1.414999999999999869e-01 2.796000000000000227e+02
1.487364670671185970e+09 1.414999999999999869e-01 2.796000000000000227e+02
1.487364670766658068e+09 1.413999999999999979e-01 2.796000000000000227e+02
1.487364670870935917e+09 1.414999999999999869e-01 2.796000000000000227e+02
1.487364670970206022e+09 1.416000000000000036e-01 2.796000000000000227e+02
1.487364671080480099e+09 1.414999999999999869e-01 2.796000000000000227e+02
1.487364671180349112e+09 1.414999999999999869e-01 2.796000000000000227e+02
1.487364671280241013e+09 1.414999999999999869e-01 2.796000000000000227e+02
1.487364671379874945e+09 1.416000000000000036e-01 2.796000000000000227e+02
1.487364671478954077e+09 1.416000000000000036e-01 2.796000000000000227e+02
1.487364671579406977e+09 1.416000000000000036e-01 2.796000000000000227e+02
1.487364671677258015e+09 1.416000000000000036e-01 2.796000000000000227e+02
1.487364671778933048e+09 1.416000000000000036e-01 2.796000000000000227e+02
1.487364671878707886e+09 1.416000000000000036e-01 2.796000000000000227e+02
1.487364671990463972e+09 1.414999999999999869e-01 2.796000000000000227e+02
1.487364672093951941e+09 1.416000000000000036e-01 2.796000000000000227e+02
1.487364672193782091e+09 1.416000000000000036e-01 2.796000000000000227e+02
1.487364672292896032e+09 1.414999999999999869e-01 2.796000000000000227e+02
1.487364672392996073e+09 1.416000000000000036e-01 2.796000000000000227e+02
1.487364672488086939e+09 1.416000000000000036e-01 2.796000000000000227e+02
1.487364672591876030e+09 1.414999999999999869e-01 2.796000000000000227e+02
1.487364672691859961e+09 1.416000000000000036e-01 2.796000000000000227e+02
1.487364672790741920e+09 1.414999999999999869e-01 2.796000000000000227e+02
1.487364672904966116e+09 1.414999999999999869e-01 2.796000000000000227e+02
1.487364673004796982e+09 1.413000000000000089e-01 2.796000000000000227e+02
1.487364673103801966e+09 1.416000000000000036e-01 2.796000000000000227e+02
1.487364673198889017e+09 1.414999999999999869e-01 2.796000000000000227e+02
1.487364673298355103e+09 1.416999999999999926e-01 2.796000000000000227e+02
1.487364673400218010e+09 1.414999999999999869e-01 2.796000000000000227e+02
1.487364673501748085e+09 1.413999999999999979e-01 2.796000000000000227e+02
1.487364673601660013e+09 1.416000000000000036e-01 2.796000000000000227e+02
1.487364673710510969e+09 1.414999999999999869e-01 2.796000000000000227e+02
1.487364673815843105e+09 1.414999999999999869e-01 2.796000000000000227e+02
1.487364673915782928e+09 1.416999999999999926e-01 2.796000000000000227e+02
1.487364674009367943e+09 1.416999999999999926e-01 2.796000000000000227e+02
1.487364674112490892e+09 1.416000000000000036e-01 2.796000000000000227e+02
1.487364674213321924e+09 1.416000000000000036e-01 2.796000000000000227e+02
1.487364674313849926e+09 1.416000000000000036e-01 2.796000000000000227e+02
1.487364674413753986e+09 1.416000000000000036e-01 2.796000000000000227e+02
1.487364674522310019e+09 1.414999999999999869e-01 2.796000000000000227e+02
1.487364674621716022e+09 1.414999999999999869e-01 2.796000000000000227e+02
1.487364674721911907e+09 1.416999999999999926e-01 2.796000000000000227e+02
1.487364674821598053e+09 1.416000000000000036e-01 2.796000000000000227e+02
1.487364674921363115e+09 1.416000000000000036e-01 2.796000000000000227e+02
1.487364675021136045e+09 1.416000000000000036e-01 2.796000000000000227e+02
1.487364675119427919e+09 1.416000000000000036e-01 2.796000000000000227e+02
1.487364675220660925e+09 1.416000000000000036e-01 2.796000000000000227e+02
1.487364675335972071e+09 1.414999999999999869e-01 2.796000000000000227e+02
1.487364675436033964e+09 1.414999999999999869e-01 2.796000000000000227e+02
1.487364675536608934e+09 1.416000000000000036e-01 2.796000000000000227e+02
1.487364675636369944e+09 1.413999999999999979e-01 2.796000000000000227e+02
1.487364675736104965e+09 1.414999999999999869e-01 2.796000000000000227e+02
1.487364675834256887e+09 1.414999999999999869e-01 2.796000000000000227e+02
1.487364675935511112e+09 1.416000000000000036e-01 2.796000000000000227e+02
1.487364676035403967e+09 1.414999999999999869e-01 2.796000000000000227e+02
1.487364676149653912e+09 1.416000000000000036e-01 2.796000000000000227e+02
1.487364676246319056e+09 1.416000000000000036e-01 2.796000000000000227e+02
1.487364676348542929e+09 1.416000000000000036e-01 2.796000000000000227e+02
1.487364676443737984e+09 1.414999999999999869e-01 2.796000000000000227e+02
1.487364676547451019e+09 1.416000000000000036e-01 2.796000000000000227e+02
1.487364676646457911e+09 1.414999999999999869e-01 2.796000000000000227e+02
1.487364676746520996e+09 1.414999999999999869e-01 2.796000000000000227e+02
1.487364676846482038e+09 1.414999999999999869e-01 2.796000000000000227e+02
1.487364676960479021e+09 1.416000000000000036e-01 2.796000000000000227e+02
1.487364677059331894e+09 1.413999999999999979e-01 2.796000000000000227e+02
1.487364677159413099e+09 1.416000000000000036e-01 2.796000000000000227e+02
1.487364677258330107e+09 1.416000000000000036e-01 2.796000000000000227e+02
1.487364677358419895e+09 1.414999999999999869e-01 2.796000000000000227e+02
1.487364677454094887e+09 1.416000000000000036e-01 2.796100000000000136e+02
1.487364677557159901e+09 1.414999999999999869e-01 2.796100000000000136e+02
1.487364677657288074e+09 1.416999999999999926e-01 2.796100000000000136e+02
1.487364677756391048e+09 1.414999999999999869e-01 2.796100000000000136e+02
1.487364677870476961e+09 1.416000000000000036e-01 2.796100000000000136e+02
1.487364677970294952e+09 1.416999999999999926e-01 2.796000000000000227e+02
1.487364678069266081e+09 1.414999999999999869e-01 2.796000000000000227e+02
1.487364678169291973e+09 1.416000000000000036e-01 2.796100000000000136e+02
1.487364678263422012e+09 1.413999999999999979e-01 2.796100000000000136e+02
1.487364678368360996e+09 1.416999999999999926e-01 2.796100000000000136e+02
1.487364678468249083e+09 1.416000000000000036e-01 2.796100000000000136e+02
1.487364678562622070e+09 1.414999999999999869e-01 2.796100000000000136e+02
1.487364678681232929e+09 1.416000000000000036e-01 2.796100000000000136e+02
1.487364678778920889e+09 1.416000000000000036e-01 2.796100000000000136e+02
1.487364678878546953e+09 1.414999999999999869e-01 2.796100000000000136e+02
1.487364678978322029e+09 1.416000000000000036e-01 2.796100000000000136e+02
1.487364679078073025e+09 1.416000000000000036e-01 2.796100000000000136e+02
1.487364679174700975e+09 1.416000000000000036e-01 2.796100000000000136e+02
1.487364679274883032e+09 1.416000000000000036e-01 2.796100000000000136e+02
1.487364679377361059e+09 1.416000000000000036e-01 2.796100000000000136e+02
1.487364679477092981e+09 1.416000000000000036e-01 2.796100000000000136e+02
1.487364679574439049e+09 1.414999999999999869e-01 2.796100000000000136e+02
1.487364679692164898e+09 1.414999999999999869e-01 2.796100000000000136e+02
1.487364679789120913e+09 1.414999999999999869e-01 2.796100000000000136e+02
1.487364679886924982e+09 1.413999999999999979e-01 2.796100000000000136e+02
1.487364679989145994e+09 1.413000000000000089e-01 2.796100000000000136e+02
1.487364680086003065e+09 1.413999999999999979e-01 2.796100000000000136e+02
1.487364680188848019e+09 1.413999999999999979e-01 2.796100000000000136e+02
1.487364680289089918e+09 1.414999999999999869e-01 2.796100000000000136e+02
1.487364680389200926e+09 1.416000000000000036e-01 2.796100000000000136e+02
1.487364680487662077e+09 1.416000000000000036e-01 2.796100000000000136e+02
1.487364680598392963e+09 1.416000000000000036e-01 2.796100000000000136e+02
1.487364680700809956e+09 1.416000000000000036e-01 2.796100000000000136e+02
1.487364680801034927e+09 1.414999999999999869e-01 2.796100000000000136e+02
1.487364680900927067e+09 1.416000000000000036e-01 2.796100000000000136e+02
1.487364680998539925e+09 1.416999999999999926e-01 2.796100000000000136e+02
1.487364681099992990e+09 1.416000000000000036e-01 2.796100000000000136e+02
1.487364681200071096e+09 1.416000000000000036e-01 2.796100000000000136e+02
1.487364681299150944e+09 1.416000000000000036e-01 2.796100000000000136e+02
1.487364681413019896e+09 1.416000000000000036e-01 2.796100000000000136e+02
1.487364681507973909e+09 1.414999999999999869e-01 2.796100000000000136e+02
1.487364681611943007e+09 1.416000000000000036e-01 2.796100000000000136e+02
1.487364681711867094e+09 1.416000000000000036e-01 2.796100000000000136e+02
1.487364681810837984e+09 1.413999999999999979e-01 2.796100000000000136e+02
1.487364681910861015e+09 1.413999999999999979e-01 2.796100000000000136e+02
1.487364682006438971e+09 1.416000000000000036e-01 2.796100000000000136e+02
1.487364682109958887e+09 1.416000000000000036e-01 2.796100000000000136e+02
1.487364682220021963e+09 1.416000000000000036e-01 2.796100000000000136e+02
1.487364682320344925e+09 1.413999999999999979e-01 2.796100000000000136e+02
1.487364682420113087e+09 1.414999999999999869e-01 2.796100000000000136e+02
1.487364682519900084e+09 1.414999999999999869e-01 2.796100000000000136e+02
1.487364682619560003e+09 1.416000000000000036e-01 2.796100000000000136e+02
1.487364682719325066e+09 1.414999999999999869e-01 2.796100000000000136e+02
1.487364682819092989e+09 1.414999999999999869e-01 2.796100000000000136e+02
1.487364682918854952e+09 1.416000000000000036e-01 2.796100000000000136e+02
1.487364683034771919e+09 1.414999999999999869e-01 2.796100000000000136e+02
1.487364683134885073e+09 1.416000000000000036e-01 2.796100000000000136e+02
1.487364683233778954e+09 1.416000000000000036e-01 2.796100000000000136e+02
1.487364683333786964e+09 1.416000000000000036e-01 2.796100000000000136e+02
1.487364683433712959e+09 1.416000000000000036e-01 2.796100000000000136e+02
1.487364683532736063e+09 1.416000000000000036e-01 2.796100000000000136e+02
1.487364683632709980e+09 1.416000000000000036e-01 2.796100000000000136e+02
1.487364683731722116e+09 1.414999999999999869e-01 2.796100000000000136e+02
1.487364683831870079e+09 1.413999999999999979e-01 2.796100000000000136e+02
1.487364683945768118e+09 1.416000000000000036e-01 2.796100000000000136e+02
1.487364684044576883e+09 1.414999999999999869e-01 2.796100000000000136e+02
1.487364684144750118e+09 1.414999999999999869e-01 2.796100000000000136e+02
1.487364684241569996e+09 1.414999999999999869e-01 2.796100000000000136e+02
1.487364684343719006e+09 1.416000000000000036e-01 2.796200000000000045e+02
1.487364684443640947e+09 1.414999999999999869e-01 2.796100000000000136e+02
1.487364684542749882e+09 1.414999999999999869e-01 2.796200000000000045e+02
1.487364684642607927e+09 1.416000000000000036e-01 2.796200000000000045e+02
1.487364684741731882e+09 1.414999999999999869e-01 2.796100000000000136e+02
1.487364684855710030e+09 1.416000000000000036e-01 2.796200000000000045e+02
1.487364684953752995e+09 1.416000000000000036e-01 2.796200000000000045e+02
1.487364685055481911e+09 1.416000000000000036e-01 2.796200000000000045e+02
1.487364685154534101e+09 1.416000000000000036e-01 2.796200000000000045e+02
1.487364685254638910e+09 1.416000000000000036e-01 2.796200000000000045e+02
1.487364685353579998e+09 1.416000000000000036e-01 2.796200000000000045e+02
1.487364685453383923e+09 1.416999999999999926e-01 2.796200000000000045e+02
1.487364685553529978e+09 1.418000000000000094e-01 2.796200000000000045e+02
1.487364685662290096e+09 1.416999999999999926e-01 2.796200000000000045e+02
1.487364685762073994e+09 1.416999999999999926e-01 2.796200000000000045e+02
1.487364685860682011e+09 1.416000000000000036e-01 2.796200000000000045e+02
1.487364685961596012e+09 1.416000000000000036e-01 2.796200000000000045e+02
1.487364686061367989e+09 1.416000000000000036e-01 2.796200000000000045e+02
1.487364686161128998e+09 1.416000000000000036e-01 2.796200000000000045e+02
1.487364686260894060e+09 1.414999999999999869e-01 2.796200000000000045e+02
1.487364686360676050e+09 1.416000000000000036e-01 2.796200000000000045e+02
1.487364686460413933e+09 1.413999999999999979e-01 2.796200000000000045e+02
1.487364686576782942e+09 1.414999999999999869e-01 2.796200000000000045e+02
1.487364686676496983e+09 1.414999999999999869e-01 2.796200000000000045e+02
1.487364686776257038e+09 1.416000000000000036e-01 2.796200000000000045e+02
1.487364686876029968e+09 1.413999999999999979e-01 2.796200000000000045e+02
1.487364686975820065e+09 1.416000000000000036e-01 2.796200000000000045e+02
1.487364687072618961e+09 1.414999999999999869e-01 2.796200000000000045e+02
1.487364687175327063e+09 1.416999999999999926e-01 2.796200000000000045e+02
1.487364687274488926e+09 1.416000000000000036e-01 2.796200000000000045e+02
1.487364687374423027e+09 1.416000000000000036e-01 2.796200000000000045e+02
1.487364687487632990e+09 1.416999999999999926e-01 2.796200000000000045e+02
1.487364687587312937e+09 1.416000000000000036e-01 2.796200000000000045e+02
1.487364687687393904e+09 1.416999999999999926e-01 2.796200000000000045e+02
1.487364687786331892e+09 1.416000000000000036e-01 2.796200000000000045e+02
1.487364687886357069e+09 1.414999999999999869e-01 2.796200000000000045e+02
1.487364687986159086e+09 1.414999999999999869e-01 2.796200000000000045e+02
1.487364688080427885e+09 1.416000000000000036e-01 2.796200000000000045e+02
1.487364688185338020e+09 1.414999999999999869e-01 2.796200000000000045e+02
1.487364688280931950e+09 1.414999999999999869e-01 2.796200000000000045e+02
1.487364688398312092e+09 1.416999999999999926e-01 2.796200000000000045e+02
1.487364688494415998e+09 1.416000000000000036e-01 2.796200000000000045e+02
1.487364688592860937e+09 1.414999999999999869e-01 2.796200000000000045e+02
1.487364688697318077e+09 1.416000000000000036e-01 2.796200000000000045e+02
1.487364688797146082e+09 1.413999999999999979e-01 2.796200000000000045e+02
1.487364688892806053e+09 1.416000000000000036e-01 2.796200000000000045e+02
1.487364688995181084e+09 1.418000000000000094e-01 2.796200000000000045e+02
1.487364689095221043e+09 1.414999999999999869e-01 2.796200000000000045e+02
1.487364689209366083e+09 1.416000000000000036e-01 2.796200000000000045e+02
1.487364689307902098e+09 1.416000000000000036e-01 2.796200000000000045e+02
1.487364689403352976e+09 1.416000000000000036e-01 2.796200000000000045e+02
1.487364689505132914e+09 1.416000000000000036e-01 2.796200000000000045e+02
1.487364689608274937e+09 1.416000000000000036e-01 2.796200000000000045e+02
1.487364689702625036e+09 1.416000000000000036e-01 2.796200000000000045e+02
1.487364689802426100e+09 1.416000000000000036e-01 2.796200000000000045e+02
1.487364689902235985e+09 1.416000000000000036e-01 2.796200000000000045e+02
1.487364690018657923e+09 1.416000000000000036e-01 2.796200000000000045e+02
1.487364690118299961e+09 1.416000000000000036e-01 2.796200000000000045e+02
1.487364690214406967e+09 1.416999999999999926e-01 2.796200000000000045e+02
1.487364690317835093e+09 1.416999999999999926e-01 2.796200000000000045e+02
1.487364690419179916e+09 1.414999999999999869e-01 2.796200000000000045e+02
1.487364690517396927e+09 1.416999999999999926e-01 2.796200000000000045e+02
1.487364690614145994e+09 1.414999999999999869e-01 2.796200000000000045e+02
1.487364690717120886e+09 1.414999999999999869e-01 2.796200000000000045e+02
1.487364690829946995e+09 1.413999999999999979e-01 2.796200000000000045e+02
1.487364690930948973e+09 1.414999999999999869e-01 2.796200000000000045e+02
1.487364691030114889e+09 1.414999999999999869e-01 2.796200000000000045e+02
1.487364691130072117e+09 1.413999999999999979e-01 2.796200000000000045e+02
1.487364691229449987e+09 1.416000000000000036e-01 2.796200000000000045e+02
1.487364691329113960e+09 1.414999999999999869e-01 2.796200000000000045e+02
1.487364691429045916e+09 1.416000000000000036e-01 2.796200000000000045e+02
1.487364691528815985e+09 1.416000000000000036e-01 2.796200000000000045e+02
1.487364691642056942e+09 1.416000000000000036e-01 2.796200000000000045e+02
1.487364691742094994e+09 1.416000000000000036e-01 2.796200000000000045e+02
1.487364691841820002e+09 1.416999999999999926e-01 2.796200000000000045e+02
1.487364691941040039e+09 1.416999999999999926e-01 2.796200000000000045e+02
1.487364692040823936e+09 1.416000000000000036e-01 2.796200000000000045e+02
1.487364692139971018e+09 1.414999999999999869e-01 2.796200000000000045e+02
1.487364692239929914e+09 1.416000000000000036e-01 2.796299999999999955e+02
1.487364692339898109e+09 1.416000000000000036e-01 2.796299999999999955e+02
1.487364692452761889e+09 1.416999999999999926e-01 2.796200000000000045e+02
1.487364692552901983e+09 1.416000000000000036e-01 2.796200000000000045e+02
1.487364692652793884e+09 1.416999999999999926e-01 2.796299999999999955e+02
1.487364692751796961e+09 1.416000000000000036e-01 2.796299999999999955e+02
1.487364692851835966e+09 1.416000000000000036e-01 2.796299999999999955e+02
1.487364692950834036e+09 1.416000000000000036e-01 2.796299999999999955e+02
1.487364693050914049e+09 1.416999999999999926e-01 2.796299999999999955e+02
1.487364693150523901e+09 1.416999999999999926e-01 2.796299999999999955e+02
1.487364693260878086e+09 1.414999999999999869e-01 2.796299999999999955e+02
1.487364693359690905e+09 1.414999999999999869e-01 2.796299999999999955e+02
1.487364693460264921e+09 1.416000000000000036e-01 2.796299999999999955e+02
1.487364693557881117e+09 1.416000000000000036e-01 2.796299999999999955e+02
1.487364693660029888e+09 1.414999999999999869e-01 2.796299999999999955e+02
1.487364693759552956e+09 1.416000000000000036e-01 2.796299999999999955e+02
1.487364693859262943e+09 1.416000000000000036e-01 2.796299999999999955e+02
1.487364693959089041e+09 1.414999999999999869e-01 2.796299999999999955e+02
1.487364694073309898e+09 1.416000000000000036e-01 2.796299999999999955e+02
1.487364694174705982e+09 1.416999999999999926e-01 2.796299999999999955e+02
1.487364694274714947e+09 1.414999999999999869e-01 2.796299999999999955e+02
1.487364694373821974e+09 1.416999999999999926e-01 2.796299999999999955e+02
1.487364694473746061e+09 1.416999999999999926e-01 2.796299999999999955e+02
1.487364694573736906e+09 1.416999999999999926e-01 2.796299999999999955e+02
1.487364694672549963e+09 1.414999999999999869e-01 2.796299999999999955e+02
1.487364694772676945e+09 1.414999999999999869e-01 2.796299999999999955e+02
1.487364694886466980e+09 1.413999999999999979e-01 2.796299999999999955e+02
1.487364694985522985e+09 1.414999999999999869e-01 2.796299999999999955e+02
1.487364695085587025e+09 1.414999999999999869e-01 2.796299999999999955e+02
1.487364695184602022e+09 1.414999999999999869e-01 2.796299999999999955e+02
1.487364695284531116e+09 1.414999999999999869e-01 2.796299999999999955e+02
1.487364695384406090e+09 1.416000000000000036e-01 2.796299999999999955e+02
1.487364695483556032e+09 1.414999999999999869e-01 2.796299999999999955e+02
1.487364695583571911e+09 1.414999999999999869e-01 2.796299999999999955e+02
1.487364695682607889e+09 1.416000000000000036e-01 2.796299999999999955e+02
1.487364695796432972e+09 1.414999999999999869e-01 2.796299999999999955e+02
1.487364695896612883e+09 1.416000000000000036e-01 2.796299999999999955e+02
1.487364695995527029e+09 1.413999999999999979e-01 2.796299999999999955e+02
1.487364696092967987e+09 1.413999999999999979e-01 2.796299999999999955e+02
1.487364696195699930e+09 1.414999999999999869e-01 2.796299999999999955e+02
1.487364696292835951e+09 1.416000000000000036e-01 2.796299999999999955e+02
1.487364696394504070e+09 1.416999999999999926e-01 2.796299999999999955e+02
1.487364696489248991e+09 1.414999999999999869e-01 2.796299999999999955e+02
1.487364696602791071e+09 1.414999999999999869e-01 2.796299999999999955e+02
1.487364696707550049e+09 1.416000000000000036e-01 2.796299999999999955e+02
1.487364696802206993e+09 1.416000000000000036e-01 2.796299999999999955e+02
1.487364696901988983e+09 1.416000000000000036e-01 2.796299999999999955e+02
1.487364697001745939e+09 1.414999999999999869e-01 2.796299999999999955e+02
1.487364697101485968e+09 1.416000000000000036e-01 2.796299999999999955e+02
1.487364697201282024e+09 1.414999999999999869e-01 2.796299999999999955e+02
1.487364697301023006e+09 1.414999999999999869e-01 2.796299999999999955e+02
1.487364697415826082e+09 1.413999999999999979e-01 2.796299999999999955e+02
1.487364697517244101e+09 1.414999999999999869e-01 2.796299999999999955e+02
1.487364697616997957e+09 1.414999999999999869e-01 2.796299999999999955e+02
1.487364697715059042e+09 1.416000000000000036e-01 2.796299999999999955e+02
1.487364697816488028e+09 1.416000000000000036e-01 2.796299999999999955e+02
1.487364697912060976e+09 1.414999999999999869e-01 2.796299999999999955e+02
1.487364698016051054e+09 1.414999999999999869e-01 2.796299999999999955e+02
1.487364698115794897e+09 1.414999999999999869e-01 2.796299999999999955e+02
1.487364698229223967e+09 1.414999999999999869e-01 2.796299999999999955e+02
1.487364698329509974e+09 1.416999999999999926e-01 2.796299999999999955e+02
1.487364698429420948e+09 1.416000000000000036e-01 2.796299999999999955e+02
1.487364698528243065e+09 1.416000000000000036e-01 2.796299999999999955e+02
1.487364698628267050e+09 1.416999999999999926e-01 2.796299999999999955e+02
1.487364698723248959e+09 1.416000000000000036e-01 2.796299999999999955e+02
1.487364698825653076e+09 1.414999999999999869e-01 2.796299999999999955e+02
1.487364698927305937e+09 1.414999999999999869e-01 2.796299999999999955e+02
1.487364699040430069e+09 1.416000000000000036e-01 2.796399999999999864e+02
1.487364699140208960e+09 1.414999999999999869e-01 2.796399999999999864e+02
1.487364699235299110e+09 1.416000000000000036e-01 2.796299999999999955e+02
1.487364699339097023e+09 1.416999999999999926e-01 2.796299999999999955e+02
1.487364699437138081e+09 1.416000000000000036e-01 2.796299999999999955e+02
1.487364699538280010e+09 1.416000000000000036e-01 2.796299999999999955e+02
1.487364699638245106e+09 1.414999999999999869e-01 2.796299999999999955e+02
1.487364699738095999e+09 1.414999999999999869e-01 2.796399999999999864e+02
1.487364699851236105e+09 1.414999999999999869e-01 2.796399999999999864e+02
1.487364699950088024e+09 1.414999999999999869e-01 2.796299999999999955e+02
1.487364700051158905e+09 1.416000000000000036e-01 2.796399999999999864e+02
1.487364700149451017e+09 1.416000000000000036e-01 2.796399999999999864e+02
1.487364700250015020e+09 1.414999999999999869e-01 2.796399999999999864e+02
1.487364700349323988e+09 1.416000000000000036e-01 2.796399999999999864e+02
1.487364700449064016e+09 1.416999999999999926e-01 2.796399999999999864e+02
1.487364700549026966e+09 1.414999999999999869e-01 2.796399999999999864e+02
1.487364700659679890e+09 1.413999999999999979e-01 2.796399999999999864e+02
1.487364700759411097e+09 1.416000000000000036e-01 2.796399999999999864e+02
1.487364700859169960e+09 1.416000000000000036e-01 2.796399999999999864e+02
1.487364700958930969e+09 1.416999999999999926e-01 2.796399999999999864e+02
1.487364701058800936e+09 1.414999999999999869e-01 2.796399999999999864e+02
1.487364701156574011e+09 1.416999999999999926e-01 2.796399999999999864e+02
1.487364701258234978e+09 1.416999999999999926e-01 2.796399999999999864e+02
1.487364701354973078e+09 1.414999999999999869e-01 2.796399999999999864e+02
1.487364701457724094e+09 1.414999999999999869e-01 2.796399999999999864e+02
1.487364701573003054e+09 1.416000000000000036e-01 2.796399999999999864e+02
1.487364701672875881e+09 1.414999999999999869e-01 2.796399999999999864e+02
1.487364701771960020e+09 1.414999999999999869e-01 2.796399999999999864e+02
1.487364701870208025e+09 1.416000000000000036e-01 2.796399999999999864e+02
1.487364701970982075e+09 1.414999999999999869e-01 2.796399999999999864e+02
1.487364702071017981e+09 1.414999999999999869e-01 2.796399999999999864e+02
1.487364702170995951e+09 1.416000000000000036e-01 2.796399999999999864e+02
1.487364702283843040e+09 1.416000000000000036e-01 2.796399999999999864e+02
1.487364702384147882e+09 1.416000000000000036e-01 2.796399999999999864e+02
1.487364702483880043e+09 1.416000000000000036e-01 2.796399999999999864e+02
1.487364702580557108e+09 1.414999999999999869e-01 2.796399999999999864e+02
1.487364702682909966e+09 1.414999999999999869e-01 2.796399999999999864e+02
1.487364702781869888e+09 1.414999999999999869e-01 2.796399999999999864e+02
1.487364702881874084e+09 1.416000000000000036e-01 2.796399999999999864e+02
1.487364702981713057e+09 1.416999999999999926e-01 2.796399999999999864e+02
1.487364703080693007e+09 1.416000000000000036e-01 2.796399999999999864e+02
1.487364703194762945e+09 1.416999999999999926e-01 2.796399999999999864e+02
1.487364703294747114e+09 1.416999999999999926e-01 2.796399999999999864e+02
1.487364703394676924e+09 1.416999999999999926e-01 2.796399999999999864e+02
1.487364703489034891e+09 1.414999999999999869e-01 2.796399999999999864e+02
1.487364703593728065e+09 1.414999999999999869e-01 2.796399999999999864e+02
1.487364703692854881e+09 1.416999999999999926e-01 2.796399999999999864e+02
1.487364703792711020e+09 1.416999999999999926e-01 2.796399999999999864e+02
1.487364703891674995e+09 1.416000000000000036e-01 2.796399999999999864e+02
1.487364703987529039e+09 1.414999999999999869e-01 2.796399999999999864e+02
1.487364704105559111e+09 1.414999999999999869e-01 2.796399999999999864e+02
1.487364704201220036e+09 1.414999999999999869e-01 2.796399999999999864e+02
1.487364704300972939e+09 1.414999999999999869e-01 2.796399999999999864e+02
1.487364704400743961e+09 1.416000000000000036e-01 2.796399999999999864e+02
1.487364704500464916e+09 1.416000000000000036e-01 2.796399999999999864e+02
1.487364704600290060e+09 1.414999999999999869e-01 2.796399999999999864e+02
1.487364704699938059e+09 1.416000000000000036e-01 2.796399999999999864e+02
1.487364704799712896e+09 1.416999999999999926e-01 2.796399999999999864e+02
1.487364704916112900e+09 1.416000000000000036e-01 2.796399999999999864e+02
1.487364705015896082e+09 1.414999999999999869e-01 2.796399999999999864e+02
1.487364705114532948e+09 1.413999999999999979e-01 2.796399999999999864e+02
1.487364705215398073e+09 1.416000000000000036e-01 2.796399999999999864e+02
1.487364705314543962e+09 1.414999999999999869e-01 2.796399999999999864e+02
1.487364705414666891e+09 1.416999999999999926e-01 2.796399999999999864e+02
1.487364705513736010e+09 1.416999999999999926e-01 2.796399999999999864e+02
1.487364705608639002e+09 1.416999999999999926e-01 2.796399999999999864e+02
1.487364705727544069e+09 1.414999999999999869e-01 2.796399999999999864e+02
1.487364705826597929e+09 1.416000000000000036e-01 2.796399999999999864e+02
1.487364705921462059e+09 1.416999999999999926e-01 2.796399999999999864e+02
1.487364706026618958e+09 1.416999999999999926e-01 2.796399999999999864e+02
1.487364706125557899e+09 1.416000000000000036e-01 2.796399999999999864e+02
1.487364706225425959e+09 1.414999999999999869e-01 2.796399999999999864e+02
1.487364706324527025e+09 1.414999999999999869e-01 2.796399999999999864e+02
1.487364706424544096e+09 1.414999999999999869e-01 2.796399999999999864e+02
1.487364706538439035e+09 1.414999999999999869e-01 2.796399999999999864e+02
1.487364706633677006e+09 1.414999999999999869e-01 2.796399999999999864e+02
1.487364706737461090e+09 1.414999999999999869e-01 2.796399999999999864e+02
1.487364706837366104e+09 1.414999999999999869e-01 2.796399999999999864e+02
1.487364706936144114e+09 1.416000000000000036e-01 2.796399999999999864e+02
1.487364707036607027e+09 1.414999999999999869e-01 2.796399999999999864e+02
1.487364707135435104e+09 1.416000000000000036e-01 2.796399999999999864e+02
1.487364707235342979e+09 1.416000000000000036e-01 2.796399999999999864e+02
1.487364707349287987e+09 1.416000000000000036e-01 2.796399999999999864e+02
1.487364707443279028e+09 1.416999999999999926e-01 2.796399999999999864e+02
1.487364707548412085e+09 1.414999999999999869e-01 2.796399999999999864e+02
1.487364707648339987e+09 1.416999999999999926e-01 2.796399999999999864e+02
1.487364707742696047e+09 1.416000000000000036e-01 2.796399999999999864e+02
1.487364707842447996e+09 1.416000000000000036e-01 2.796399999999999864e+02
1.487364707945626020e+09 1.414999999999999869e-01 2.796399999999999864e+02
1.487364708041651011e+09 1.416000000000000036e-01 2.796399999999999864e+02
1.487364708158373117e+09 1.416999999999999926e-01 2.796399999999999864e+02
1.487364708258152008e+09 1.416999999999999926e-01 2.796499999999999773e+02
1.487364708357916117e+09 1.416999999999999926e-01 2.796499999999999773e+02
1.487364708457669020e+09 1.416000000000000036e-01 2.796499999999999773e+02
1.487364708553550959e+09 1.416999999999999926e-01 2.796499999999999773e+02
1.487364708656075954e+09 1.416000000000000036e-01 2.796499999999999773e+02
1.487364708756896019e+09 1.416000000000000036e-01 2.796499999999999773e+02
1.487364708856635094e+09 1.414999999999999869e-01 2.796499999999999773e+02
1.487364708971244097e+09 1.416000000000000036e-01 2.796499999999999773e+02
1.487364709065448046e+09 1.414999999999999869e-01 2.796499999999999773e+02
1.487364709167624950e+09 1.416999999999999926e-01 2.796499999999999773e+02
1.487364709270230055e+09 1.414999999999999869e-01 2.796499999999999773e+02
1.487364709369303942e+09 1.416000000000000036e-01 2.796499999999999773e+02
1.487364709469089985e+09 1.416000000000000036e-01 2.796499999999999773e+02
1.487364709569096088e+09 1.416000000000000036e-01 2.796499999999999773e+02
1.487364709667886972e+09 1.416000000000000036e-01 2.796499999999999773e+02
1.487364709768156052e+09 1.416000000000000036e-01 2.796499999999999773e+02
1.487364709882220984e+09 1.414999999999999869e-01 2.796499999999999773e+02
1.487364709981235981e+09 1.416999999999999926e-01 2.796499999999999773e+02
1.487364710081051111e+09 1.416000000000000036e-01 2.796499999999999773e+02
1.487364710180247068e+09 1.416999999999999926e-01 2.796499999999999773e+02
1.487364710280242920e+09 1.416000000000000036e-01 2.796499999999999773e+02
1.487364710380227089e+09 1.414999999999999869e-01 2.796499999999999773e+02
1.487364710479197025e+09 1.414999999999999869e-01 2.796499999999999773e+02
1.487364710593107939e+09 1.416000000000000036e-01 2.796499999999999773e+02
1.487364710693016052e+09 1.416999999999999926e-01 2.796499999999999773e+02
1.487364710792145014e+09 1.416000000000000036e-01 2.796499999999999773e+02
1.487364710891974926e+09 1.414999999999999869e-01 2.796499999999999773e+02
1.487364710986377954e+09 1.416000000000000036e-01 2.796499999999999773e+02
1.487364711090995073e+09 1.416999999999999926e-01 2.796499999999999773e+02
1.487364711191030979e+09 1.414999999999999869e-01 2.796499999999999773e+02
1.487364711289887905e+09 1.416999999999999926e-01 2.796499999999999773e+02
1.487364711400578976e+09 1.416000000000000036e-01 2.796499999999999773e+02
1.487364711500369072e+09 1.414999999999999869e-01 2.796499999999999773e+02
1.487364711600114107e+09 1.414999999999999869e-01 2.796499999999999773e+02
1.487364711699870110e+09 1.416000000000000036e-01 2.796499999999999773e+02
1.487364711799664021e+09 1.414999999999999869e-01 2.796499999999999773e+02
1.487364711899374008e+09 1.416000000000000036e-01 2.796499999999999773e+02
1.487364711999166012e+09 1.414999999999999869e-01 2.796499999999999773e+02
1.487364712098934889e+09 1.413999999999999979e-01 2.796499999999999773e+02
1.487364712198708057e+09 1.416999999999999926e-01 2.796499999999999773e+02
1.487364712315057993e+09 1.416999999999999926e-01 2.796499999999999773e+02
1.487364712413913965e+09 1.416000000000000036e-01 2.796499999999999773e+02
1.487364712514065981e+09 1.414999999999999869e-01 2.796499999999999773e+02
1.487364712612899065e+09 1.414999999999999869e-01 2.796499999999999773e+02
1.487364712712925911e+09 1.416999999999999926e-01 2.796499999999999773e+02
1.487364712812758923e+09 1.416000000000000036e-01 2.796499999999999773e+02
1.487364712907059908e+09 1.416000000000000036e-01 2.796499999999999773e+02
1.487364713011784077e+09 1.414999999999999869e-01 2.796499999999999773e+02
1.487364713125972986e+09 1.416000000000000036e-01 2.796499999999999773e+02
1.487364713224745989e+09 1.413000000000000089e-01 2.796499999999999773e+02
1.487364713323388100e+09 1.416000000000000036e-01 2.796499999999999773e+02
1.487364713423754930e+09 1.414999999999999869e-01 2.796499999999999773e+02
1.487364713523931980e+09 1.414999999999999869e-01 2.796499999999999773e+02
1.487364713623697996e+09 1.414999999999999869e-01 2.796499999999999773e+02
1.487364713722728014e+09 1.416000000000000036e-01 2.796499999999999773e+02
1.487364713822673082e+09 1.416000000000000036e-01 2.796499999999999773e+02
1.487364713936750889e+09 1.416000000000000036e-01 2.796499999999999773e+02
1.487364714033233881e+09 1.416000000000000036e-01 2.796499999999999773e+02
1.487364714135472059e+09 1.416999999999999926e-01 2.796499999999999773e+02
1.487364714232409000e+09 1.416000000000000036e-01 2.796499999999999773e+02
1.487364714330187082e+09 1.416000000000000036e-01 2.796499999999999773e+02
1.487364714434617043e+09 1.414999999999999869e-01 2.796499999999999773e+02
1.487364714533427954e+09 1.414999999999999869e-01 2.796499999999999773e+02
1.487364714633748055e+09 1.416999999999999926e-01 2.796499999999999773e+02
1.487364714742607117e+09 1.416000000000000036e-01 2.796499999999999773e+02
1.487364714842299938e+09 1.416000000000000036e-01 2.796499999999999773e+02
1.487364714942224026e+09 1.416999999999999926e-01 2.796600000000000250e+02
1.487364715041850090e+09 1.414999999999999869e-01 2.796600000000000250e+02
1.487364715141185999e+09 1.414999999999999869e-01 2.796600000000000250e+02
1.487364715241408110e+09 1.414999999999999869e-01 2.796499999999999773e+02
1.487364715341027021e+09 1.416000000000000036e-01 2.796499999999999773e+02
1.487364715440903902e+09 1.416000000000000036e-01 2.796499999999999773e+02
1.487364715540658951e+09 1.416000000000000036e-01 2.796600000000000250e+02
1.487364715653516054e+09 1.414999999999999869e-01 2.796600000000000250e+02
1.487364715756845951e+09 1.414999999999999869e-01 2.796600000000000250e+02
1.487364715855648994e+09 1.414999999999999869e-01 2.796499999999999773e+02
1.487364715952557087e+09 1.414999999999999869e-01 2.796499999999999773e+02
1.487364716056112051e+09 1.414999999999999869e-01 2.796499999999999773e+02
1.487364716155694962e+09 1.416999999999999926e-01 2.796499999999999773e+02
1.487364716255496979e+09 1.416000000000000036e-01 2.796499999999999773e+02
1.487364716369647980e+09 1.414999999999999869e-01 2.796600000000000250e+02
1.487364716469353914e+09 1.416000000000000036e-01 2.796600000000000250e+02
1.487364716568509102e+09 1.416000000000000036e-01 2.796499999999999773e+02
1.487364716668382883e+09 1.418000000000000094e-01 2.796600000000000250e+02
1.487364716767407894e+09 1.416000000000000036e-01 2.796600000000000250e+02
1.487364716867422104e+09 1.416999999999999926e-01 2.796600000000000250e+02
1.487364716966438055e+09 1.416999999999999926e-01 2.796600000000000250e+02
1.487364717061865091e+09 1.416000000000000036e-01 2.796600000000000250e+02
1.487364717162655115e+09 1.413999999999999979e-01 2.796600000000000250e+02
1.487364717279405117e+09 1.416000000000000036e-01 2.796600000000000250e+02
1.487364717379213095e+09 1.416000000000000036e-01 2.796600000000000250e+02
1.487364717479345083e+09 1.416000000000000036e-01 2.796600000000000250e+02
1.487364717574554920e+09 1.414999999999999869e-01 2.796600000000000250e+02
1.487364717678158045e+09 1.416000000000000036e-01 2.796600000000000250e+02
1.487364717777412891e+09 1.413999999999999979e-01 2.796600000000000250e+02
1.487364717877388000e+09 1.416000000000000036e-01 2.796600000000000250e+02
1.487364717974427938e+09 1.414999999999999869e-01 2.796600000000000250e+02
1.487364718076389074e+09 1.416000000000000036e-01 2.796600000000000250e+02
1.487364718190186024e+09 1.414999999999999869e-01 2.796600000000000250e+02
1.487364718286978960e+09 1.416000000000000036e-01 2.796600000000000250e+02
1.487364718389446020e+09 1.416999999999999926e-01 2.796600000000000250e+02
1.487364718486394882e+09 1.414999999999999869e-01 2.796600000000000250e+02
1.487364718583405018e+09 1.416000000000000036e-01 2.796600000000000250e+02
1.487364718688268900e+09 1.414999999999999869e-01 2.796600000000000250e+02
1.487364718784317970e+09 1.416999999999999926e-01 2.796600000000000250e+02
1.487364718882620096e+09 1.416999999999999926e-01 2.796600000000000250e+02
1.487364718998414040e+09 1.416000000000000036e-01 2.796600000000000250e+02
1.487364719098790884e+09 1.416000000000000036e-01 2.796600000000000250e+02
1.487364719198517084e+09 1.416000000000000036e-01 2.796600000000000250e+02
1.487364719298321009e+09 1.416999999999999926e-01 2.796600000000000250e+02
1.487364719398045063e+09 1.416999999999999926e-01 2.796600000000000250e+02
1.487364719497817993e+09 1.416000000000000036e-01 2.796600000000000250e+02
1.487364719597599983e+09 1.414999999999999869e-01 2.796600000000000250e+02
1.487364719697379112e+09 1.414999999999999869e-01 2.796600000000000250e+02
1.487364719812200069e+09 1.416000000000000036e-01 2.796600000000000250e+02
1.487364719912128925e+09 1.416999999999999926e-01 2.796600000000000250e+02
1.487364720005881071e+09 1.414999999999999869e-01 2.796600000000000250e+02
1.487364720111277103e+09 1.416000000000000036e-01 2.796600000000000250e+02
1.487364720208038092e+09 1.416000000000000036e-01 2.796600000000000250e+02
1.487364720310189009e+09 1.414999999999999869e-01 2.796600000000000250e+02
1.487364720410278082e+09 1.414999999999999869e-01 2.796600000000000250e+02
1.487364720509155035e+09 1.416000000000000036e-01 2.796600000000000250e+02
1.487364720623045921e+09 1.416000000000000036e-01 2.796600000000000250e+02
1.487364720723023891e+09 1.416000000000000036e-01 2.796600000000000250e+02
1.487364720821962118e+09 1.416000000000000036e-01 2.796600000000000250e+02
1.487364720921912909e+09 1.416000000000000036e-01 2.796600000000000250e+02
1.487364721022114992e+09 1.416000000000000036e-01 2.796600000000000250e+02
1.487364721121069908e+09 1.416000000000000036e-01 2.796600000000000250e+02
1.487364721221091986e+09 1.414999999999999869e-01 2.796600000000000250e+02
1.487364721319983959e+09 1.416000000000000036e-01 2.796600000000000250e+02
1.487364721434060097e+09 1.416000000000000036e-01 2.796600000000000250e+02
1.487364721530738115e+09 1.416000000000000036e-01 2.796600000000000250e+02
1.487364721634040117e+09 1.414999999999999869e-01 2.796600000000000250e+02
1.487364721732960939e+09 1.416999999999999926e-01 2.796600000000000250e+02
1.487364721832904100e+09 1.416999999999999926e-01 2.796600000000000250e+02
1.487364721931938887e+09 1.416000000000000036e-01 2.796600000000000250e+02
1.487364722032115936e+09 1.414999999999999869e-01 2.796600000000000250e+02
1.487364722132009983e+09 1.414999999999999869e-01 2.796600000000000250e+02
1.487364722241287947e+09 1.414999999999999869e-01 2.796600000000000250e+02
1.487364722341054916e+09 1.416000000000000036e-01 2.796600000000000250e+02
1.487364722440818071e+09 1.416000000000000036e-01 2.796600000000000250e+02
1.487364722540477037e+09 1.416000000000000036e-01 2.796600000000000250e+02
1.487364722640352011e+09 1.416000000000000036e-01 2.796600000000000250e+02
1.487364722740092039e+09 1.414999999999999869e-01 2.796600000000000250e+02
1.487364722839802980e+09 1.414999999999999869e-01 2.796600000000000250e+02
1.487364722939574003e+09 1.414999999999999869e-01 2.796600000000000250e+02
1.487364723055823088e+09 1.416000000000000036e-01 2.796600000000000250e+02
1.487364723155721903e+09 1.416999999999999926e-01 2.796600000000000250e+02
1.487364723255484104e+09 1.416999999999999926e-01 2.796600000000000250e+02
1.487364723354717016e+09 1.416999999999999926e-01 2.796600000000000250e+02
1.487364723452327967e+09 1.416000000000000036e-01 2.796600000000000250e+02
1.487364723553769112e+09 1.416000000000000036e-01 2.796600000000000250e+02
1.487364723650496960e+09 1.416000000000000036e-01 2.796600000000000250e+02
1.487364723753282070e+09 1.416000000000000036e-01 2.796600000000000250e+02
1.487364723849220991e+09 1.416000000000000036e-01 2.796600000000000250e+02
1.487364723966672897e+09 1.414999999999999869e-01 2.796600000000000250e+02
1.487364724061669111e+09 1.414999999999999869e-01 2.796600000000000250e+02
1.487364724165798903e+09 1.414999999999999869e-01 2.796700000000000159e+02
1.487364724265821934e+09 1.414999999999999869e-01 2.796700000000000159e+02
1.487364724364695072e+09 1.414999999999999869e-01 2.796700000000000159e+02
1.487364724464925051e+09 1.416000000000000036e-01 2.796600000000000250e+02
1.487364724562622070e+09 1.413999999999999979e-01 2.796600000000000250e+02
1.487364724663711071e+09 1.414999999999999869e-01 2.796600000000000250e+02
1.487364724777658939e+09 1.414999999999999869e-01 2.796600000000000250e+02
1.487364724877748966e+09 1.414999999999999869e-01 2.796700000000000159e+02
1.487364724976674080e+09 1.413999999999999979e-01 2.796700000000000159e+02
1.487364725076659918e+09 1.414999999999999869e-01 2.796700000000000159e+02
1.487364725175565958e+09 1.416000000000000036e-01 2.796700000000000159e+02
1.487364725275465965e+09 1.416000000000000036e-01 2.796700000000000159e+02
1.487364725375650883e+09 1.414999999999999869e-01 2.796700000000000159e+02
1.487364725474615097e+09 1.416000000000000036e-01 2.796700000000000159e+02
1.487364725574523926e+09 1.416000000000000036e-01 2.796700000000000159e+02
1.487364725673557997e+09 1.416999999999999926e-01 2.796700000000000159e+02
1.487364725782785892e+09 1.414999999999999869e-01 2.796700000000000159e+02
1.487364725887582064e+09 1.416999999999999926e-01 2.796700000000000159e+02
1.487364725986067057e+09 1.414999999999999869e-01 2.796700000000000159e+02
1.487364726082077980e+09 1.416000000000000036e-01 2.796700000000000159e+02
1.487364726181845903e+09 1.416999999999999926e-01 2.796700000000000159e+02
1.487364726281599045e+09 1.416000000000000036e-01 2.796700000000000159e+02
1.487364726381371975e+09 1.416000000000000036e-01 2.796700000000000159e+02
1.487364726481133938e+09 1.416000000000000036e-01 2.796700000000000159e+02
1.487364726580907106e+09 1.414999999999999869e-01 2.796700000000000159e+02
1.487364726697289944e+09 1.414999999999999869e-01 2.796700000000000159e+02
1.487364726797055006e+09 1.416000000000000036e-01 2.796700000000000159e+02
1.487364726896743059e+09 1.414999999999999869e-01 2.796700000000000159e+02
1.487364726996491909e+09 1.416000000000000036e-01 2.796700000000000159e+02
1.487364727096411943e+09 1.416000000000000036e-01 2.796700000000000159e+02
1.487364727192293882e+09 1.414999999999999869e-01 2.796700000000000159e+02
1.487364727295797110e+09 1.414999999999999869e-01 2.796700000000000159e+02
1.487364727395392895e+09 1.413999999999999979e-01 2.796700000000000159e+02
1.487364727509435892e+09 1.416000000000000036e-01 2.796700000000000159e+02
1.487364727609421968e+09 1.414999999999999869e-01 2.796700000000000159e+02
1.487364727708380938e+09 1.414999999999999869e-01 2.796700000000000159e+02
1.487364727808379889e+09 1.416999999999999926e-01 2.796700000000000159e+02
1.487364727907485008e+09 1.414999999999999869e-01 2.796700000000000159e+02
1.487364728007586956e+09 1.416999999999999926e-01 2.796700000000000159e+02
1.487364728104262114e+09 1.416000000000000036e-01 2.796700000000000159e+02
