1.487364458902434111e+09 1.416999999999999926e-01 2.794499999999999886e+02
1.487364459021461010e+09 1.418000000000000094e-01 2.794499999999999886e+02
1.487364459121196985e+09 1.416999999999999926e-01 2.794499999999999886e+02
1.487364459221019983e+09 1.416000000000000036e-01 2.794499999999999886e+02
1.487364459319822073e+09 1.416999999999999926e-01 2.794499999999999886e+02
1.487364459420491934e+09 1.416999999999999926e-01 2.794499999999999886e+02
1.487364459536900997e+09 1.418999999999999984e-01 2.794499999999999886e+02
1.487364459636672974e+09 1.416999999999999926e-01 2.794499999999999886e+02
1.487364459736462116e+09 1.418000000000000094e-01 2.794499999999999886e+02
1.487364459836204052e+09 1.416999999999999926e-01 2.794499999999999886e+02
1.487364459935964108e+09 1.418000000000000094e-01 2.794499999999999886e+02
1.487364460036237001e+09 1.416999999999999926e-01 2.794499999999999886e+02
1.487364460130455971e+09 1.416999999999999926e-01 2.794499999999999886e+02
1.487364460232729912e+09 1.416999999999999926e-01 2.794499999999999886e+02
1.487364460332531929e+09 1.416000000000000036e-01 2.794499999999999886e+02
1.487364460449130058e+09 1.416000000000000036e-01 2.794499999999999886e+02
1.487364460548086882e+09 1.416999999999999926e-01 2.794499999999999886e+02
1.487364460648211956e+09 1.416000000000000036e-01 2.794499999999999886e+02
1.487364460744781971e+09 1.416000000000000036e-01 2.794499999999999886e+02
1.487364460847068071e+09 1.416999999999999926e-01 2.794499999999999886e+02
1.487364460946041107e+09 1.416999999999999926e-01 2.794499999999999886e+02
1.487364461046112061e+09 1.418000000000000094e-01 2.794499999999999886e+02
1.487364461146286011e+09 1.416000000000000036e-01 2.794499999999999886e+02
1.487364461245165110e+09 1.416000000000000036e-01 2.794499999999999886e+02
1.487364461359035969e+09 1.418000000000000094e-01 2.794499999999999886e+02
1.487364461456299067e+09 1.416999999999999926e-01 2.794499999999999886e+02
1.487364461558022022e+09 1.418000000000000094e-01 2.794499999999999886e+02
1.487364461658236027e+09 1.416000000000000036e-01 2.794599999999999795e+02
1.487364461757083893e+09 1.418000000000000094e-01 2.794599999999999795e+02
1.487364461857019901e+09 1.416000000000000036e-01 2.794499999999999886e+02
1.487364461957003117e+09 1.418000000000000094e-01 2.794499999999999886e+02
1.487364462055948019e+09 1.418000000000000094e-01 2.794599999999999795e+02
1.487364462155932903e+09 1.418000000000000094e-01 2.794599999999999795e+02
1.487364462265451908e+09 1.416999999999999926e-01 2.794499999999999886e+02
1.487364462368789911e+09 1.416999999999999926e-01 2.794599999999999795e+02
1.487364462468806028e+09 1.416000000000000036e-01 2.794599999999999795e+02
1.487364462563579082e+09 1.416000000000000036e-01 2.794499999999999886e+02
1.487364462662985086e+09 1.416999999999999926e-01 2.794599999999999795e+02
1.487364462767800093e+09 1.416000000000000036e-01 2.794599999999999795e+02
1.487364462866662979e+09 1.416999999999999926e-01 2.794599999999999795e+02
1.487364462961541891e+09 1.416999999999999926e-01 2.794599999999999795e+02
1.487364463061414957e+09 1.418000000000000094e-01 2.794599999999999795e+02
1.487364463178170919e+09 1.418000000000000094e-01 2.794599999999999795e+02
1.487364463277944088e+09 1.416999999999999926e-01 2.794599999999999795e+02
1.487364463373929024e+09 1.416999999999999926e-01 2.794599999999999795e+02
1.487364463477495909e+09 1.416999999999999926e-01 2.794599999999999795e+02
1.487364463574136972e+09 1.416000000000000036e-01 2.794599999999999795e+02
1.487364463677037954e+09 1.416000000000000036e-01 2.794599999999999795e+02
1.487364463776768923e+09 1.416999999999999926e-01 2.794599999999999795e+02
1.487364463874067068e+09 1.416999999999999926e-01 2.794599999999999795e+02
1.487364463991863966e+09 1.416999999999999926e-01 2.794599999999999795e+02
1.487364464090735912e+09 1.418999999999999984e-01 2.794599999999999795e+02
1.487364464185872078e+09 1.416999999999999926e-01 2.794599999999999795e+02
1.487364464289971113e+09 1.416000000000000036e-01 2.794599999999999795e+02
1.487364464389748096e+09 1.416999999999999926e-01 2.794599999999999795e+02
1.487364464483994961e+09 1.416999999999999926e-01 2.794599999999999795e+02
1.487364464587620020e+09 1.416999999999999926e-01 2.794599999999999795e+02
1.487364464688942909e+09 1.416999999999999926e-01 2.794599999999999795e+02
1.487364464802737951e+09 1.416000000000000036e-01 2.794599999999999795e+02
1.487364464901473999e+09 1.416999999999999926e-01 2.794599999999999795e+02
1.487364465001653910e+09 1.416999999999999926e-01 2.794599999999999795e+02
1.487364465095717907e+09 1.418000000000000094e-01 2.794599999999999795e+02
1.487364465200027943e+09 1.416000000000000036e-01 2.794599999999999795e+02
1.487364465294934034e+09 1.416999999999999926e-01 2.794599999999999795e+02
1.487364465399616957e+09 1.416999999999999926e-01 2.794599999999999795e+02
1.487364465499573946e+09 1.416000000000000036e-01 2.794599999999999795e+02
1.487364465611102104e+09 1.418000000000000094e-01 2.794599999999999795e+02
1.487364465712646008e+09 1.414999999999999869e-01 2.794599999999999795e+02
1.487364465812798977e+09 1.416999999999999926e-01 2.794599999999999795e+02
1.487364465911566019e+09 1.416000000000000036e-01 2.794599999999999795e+02
1.487364466011610985e+09 1.418000000000000094e-01 2.794599999999999795e+02
1.487364466107048035e+09 1.416999999999999926e-01 2.794599999999999795e+02
1.487364466206785917e+09 1.416000000000000036e-01 2.794599999999999795e+02
1.487364466310462952e+09 1.416999999999999926e-01 2.794599999999999795e+02
1.487364466420393944e+09 1.416999999999999926e-01 2.794599999999999795e+02
1.487364466520164013e+09 1.418000000000000094e-01 2.794599999999999795e+02
1.487364466619935989e+09 1.416999999999999926e-01 2.794599999999999795e+02
1.487364466719880104e+09 1.414999999999999869e-01 2.794599999999999795e+02
1.487364466819439888e+09 1.416999999999999926e-01 2.794599999999999795e+02
1.487364466917567015e+09 1.418000000000000094e-01 2.794599999999999795e+02
1.487364467019005060e+09 1.418000000000000094e-01 2.794599999999999795e+02
1.487364467118766069e+09 1.418000000000000094e-01 2.794599999999999795e+02
1.487364467235146046e+09 1.416000000000000036e-01 2.794599999999999795e+02
1.487364467334491014e+09 1.416999999999999926e-01 2.794599999999999795e+02
1.487364467429405928e+09 1.416000000000000036e-01 2.794599999999999795e+02
1.487364467533430099e+09 1.418000000000000094e-01 2.794599999999999795e+02
1.487364467633361101e+09 1.416999999999999926e-01 2.794599999999999795e+02
1.487364467733483076e+09 1.416999999999999926e-01 2.794599999999999795e+02
1.487364467832515001e+09 1.416000000000000036e-01 2.794599999999999795e+02
1.487364467932418108e+09 1.416999999999999926e-01 2.794599999999999795e+02
1.487364468046315908e+09 1.418000000000000094e-01 2.794599999999999795e+02
1.487364468145513058e+09 1.416999999999999926e-01 2.794599999999999795e+02
1.487364468240696907e+09 1.418000000000000094e-01 2.794599999999999795e+02
1.487364468344377995e+09 1.418000000000000094e-01 2.794599999999999795e+02
1.487364468444288969e+09 1.416000000000000036e-01 2.794599999999999795e+02
1.487364468544467926e+09 1.416999999999999926e-01 2.794599999999999795e+02
1.487364468638698101e+09 1.418000000000000094e-01 2.794599999999999795e+02
1.487364468743340969e+09 1.416999999999999926e-01 2.794599999999999795e+02
1.487364468837676048e+09 1.418000000000000094e-01 2.794599999999999795e+02
1.487364468956321001e+09 1.416999999999999926e-01 2.794599999999999795e+02
1.487364469056382895e+09 1.416000000000000036e-01 2.794599999999999795e+02
1.487364469155236959e+09 1.416999999999999926e-01 2.794599999999999795e+02
1.487364469255242109e+09 1.416999999999999926e-01 2.794599999999999795e+02
1.487364469353454113e+09 1.416999999999999926e-01 2.794599999999999795e+02
1.487364469450015068e+09 1.416000000000000036e-01 2.794599999999999795e+02
1.487364469552422047e+09 1.416000000000000036e-01 2.794599999999999795e+02
1.487364469668222904e+09 1.418000000000000094e-01 2.794599999999999795e+02
1.487364469762445927e+09 1.418000000000000094e-01 2.794599999999999795e+02
1.487364469867247105e+09 1.418000000000000094e-01 2.794599999999999795e+02
1.487364469967158079e+09 1.416999999999999926e-01 2.794599999999999795e+02
1.487364470061749935e+09 1.418000000000000094e-01 2.794599999999999795e+02
1.487364470166358948e+09 1.416999999999999926e-01 2.794599999999999795e+02
1.487364470261230946e+09 1.418000000000000094e-01 2.794599999999999795e+02
1.487364470360986948e+09 1.416999999999999926e-01 2.794599999999999795e+02
1.487364470460736036e+09 1.416999999999999926e-01 2.794599999999999795e+02
1.487364470575216055e+09 1.418000000000000094e-01 2.794599999999999795e+02
1.487364470676892042e+09 1.416999999999999926e-01 2.794599999999999795e+02
1.487364470776658058e+09 1.416000000000000036e-01 2.794599999999999795e+02
1.487364470872277975e+09 1.418000000000000094e-01 2.794599999999999795e+02
1.487364470976180077e+09 1.416999999999999926e-01 2.794599999999999795e+02
1.487364471073436975e+09 1.416000000000000036e-01 2.794599999999999795e+02
1.487364471175724030e+09 1.418000000000000094e-01 2.794599999999999795e+02
1.487364471271173954e+09 1.416000000000000036e-01 2.794599999999999795e+02
1.487364471372205973e+09 1.416000000000000036e-01 2.794700000000000273e+02
1.487364471488518000e+09 1.416999999999999926e-01 2.794700000000000273e+02
1.487364471589014053e+09 1.418000000000000094e-01 2.794700000000000273e+02
1.487364471684556961e+09 1.416999999999999926e-01 2.794599999999999795e+02
1.487364471788105965e+09 1.416000000000000036e-01 2.794599999999999795e+02
1.487364471887033939e+09 1.416999999999999926e-01 2.794700000000000273e+02
1.487364471987117052e+09 1.416000000000000036e-01 2.794700000000000273e+02
1.487364472086973906e+09 1.418000000000000094e-01 2.794700000000000273e+02
1.487364472185975075e+09 1.416999999999999926e-01 2.794599999999999795e+02
1.487364472300019026e+09 1.416999999999999926e-01 2.794599999999999795e+02
1.487364472399993896e+09 1.418999999999999984e-01 2.794700000000000273e+02
1.487364472496082067e+09 1.418000000000000094e-01 2.794700000000000273e+02
1.487364472594803095e+09 1.418000000000000094e-01 2.794700000000000273e+02
1.487364472693217039e+09 1.418000000000000094e-01 2.794599999999999795e+02
1.487364472797846079e+09 1.416999999999999926e-01 2.794599999999999795e+02
1.487364472897872925e+09 1.418000000000000094e-01 2.794599999999999795e+02
1.487364472994549990e+09 1.416999999999999926e-01 2.794700000000000273e+02
1.487364473110899925e+09 1.416999999999999926e-01 2.794700000000000273e+02
1.487364473210850000e+09 1.416999999999999926e-01 2.794700000000000273e+02
1.487364473304572105e+09 1.418000000000000094e-01 2.794700000000000273e+02
1.487364473409600973e+09 1.416999999999999926e-01 2.794700000000000273e+02
1.487364473503686905e+09 1.416999999999999926e-01 2.794700000000000273e+02
1.487364473608902931e+09 1.416999999999999926e-01 2.794700000000000273e+02
1.487364473708818913e+09 1.416999999999999926e-01 2.794700000000000273e+02
1.487364473803615093e+09 1.416999999999999926e-01 2.794700000000000273e+02
1.487364473918365955e+09 1.416000000000000036e-01 2.794700000000000273e+02
1.487364474018857956e+09 1.416000000000000036e-01 2.794700000000000273e+02
1.487364474118712902e+09 1.416000000000000036e-01 2.794700000000000273e+02
1.487364474218686104e+09 1.418000000000000094e-01 2.794700000000000273e+02
1.487364474318180084e+09 1.416999999999999926e-01 2.794700000000000273e+02
1.487364474418071985e+09 1.418000000000000094e-01 2.794700000000000273e+02
1.487364474517627954e+09 1.416999999999999926e-01 2.794700000000000273e+02
1.487364474617491961e+09 1.416999999999999926e-01 2.794700000000000273e+02
1.487364474732989073e+09 1.418000000000000094e-01 2.794700000000000273e+02
1.487364474832741022e+09 1.418000000000000094e-01 2.794700000000000273e+02
1.487364474931691885e+09 1.418000000000000094e-01 2.794700000000000273e+02
1.487364475031918049e+09 1.416000000000000036e-01 2.794700000000000273e+02
1.487364475130834103e+09 1.416999999999999926e-01 2.794700000000000273e+02
1.487364475230786085e+09 1.416999999999999926e-01 2.794700000000000273e+02
1.487364475330701113e+09 1.418000000000000094e-01 2.794700000000000273e+02
1.487364475429606915e+09 1.416999999999999926e-01 2.794700000000000273e+02
1.487364475543658018e+09 1.418000000000000094e-01 2.794700000000000273e+02
1.487364475643882990e+09 1.416999999999999926e-01 2.794700000000000273e+02
1.487364475742539883e+09 1.416999999999999926e-01 2.794700000000000273e+02
1.487364475837656021e+09 1.416999999999999926e-01 2.794700000000000273e+02
1.487364475942634106e+09 1.416999999999999926e-01 2.794700000000000273e+02
1.487364476041627884e+09 1.416999999999999926e-01 2.794700000000000273e+02
1.487364476141343117e+09 1.418000000000000094e-01 2.794700000000000273e+02
1.487364476240605116e+09 1.416999999999999926e-01 2.794700000000000273e+02
1.487364476354693890e+09 1.418000000000000094e-01 2.794700000000000273e+02
1.487364476451807976e+09 1.416999999999999926e-01 2.794700000000000273e+02
1.487364476554738998e+09 1.416999999999999926e-01 2.794700000000000273e+02
1.487364476653544903e+09 1.418000000000000094e-01 2.794700000000000273e+02
1.487364476753582954e+09 1.418000000000000094e-01 2.794700000000000273e+02
1.487364476852555037e+09 1.418000000000000094e-01 2.794700000000000273e+02
1.487364476952512026e+09 1.418000000000000094e-01 2.794700000000000273e+02
1.487364477051462889e+09 1.416999999999999926e-01 2.794700000000000273e+02
1.487364477151556969e+09 1.416999999999999926e-01 2.794700000000000273e+02
1.487364477261200905e+09 1.418999999999999984e-01 2.794700000000000273e+02
1.487364477360940933e+09 1.418000000000000094e-01 2.794700000000000273e+02
1.487364477460717916e+09 1.418000000000000094e-01 2.794700000000000273e+02
1.487364477560461044e+09 1.416999999999999926e-01 2.794700000000000273e+02
1.487364477660224915e+09 1.416000000000000036e-01 2.794700000000000273e+02
1.487364477759989977e+09 1.416000000000000036e-01 2.794700000000000273e+02
1.487364477859766006e+09 1.416999999999999926e-01 2.794700000000000273e+02
1.487364477959521055e+09 1.416999999999999926e-01 2.794700000000000273e+02
1.487364478075906992e+09 1.416999999999999926e-01 2.794700000000000273e+02
1.487364478174871922e+09 1.416000000000000036e-01 2.794700000000000273e+02
1.487364478275463104e+09 1.418999999999999984e-01 2.794700000000000273e+02
1.487364478371968031e+09 1.418999999999999984e-01 2.794700000000000273e+02
1.487364478474452972e+09 1.416999999999999926e-01 2.794700000000000273e+02
1.487364478574511051e+09 1.416999999999999926e-01 2.794700000000000273e+02
1.487364478673342943e+09 1.418999999999999984e-01 2.794700000000000273e+02
1.487364478785176992e+09 1.416999999999999926e-01 2.794700000000000273e+02
1.487364478887300968e+09 1.418000000000000094e-01 2.794700000000000273e+02
1.487364478986398935e+09 1.416999999999999926e-01 2.794700000000000273e+02
1.487364479086373091e+09 1.416999999999999926e-01 2.794700000000000273e+02
1.487364479186275005e+09 1.418000000000000094e-01 2.794700000000000273e+02
1.487364479285314083e+09 1.418000000000000094e-01 2.794700000000000273e+02
1.487364479381686926e+09 1.416999999999999926e-01 2.794700000000000273e+02
1.487364479484463930e+09 1.416999999999999926e-01 2.794700000000000273e+02
1.487364479582143068e+09 1.416999999999999926e-01 2.794700000000000273e+02
1.487364479698431969e+09 1.416999999999999926e-01 2.794700000000000273e+02
1.487364479797374010e+09 1.416999999999999926e-01 2.794700000000000273e+02
1.487364479894136906e+09 1.416999999999999926e-01 2.794700000000000273e+02
1.487364479995903969e+09 1.418000000000000094e-01 2.794700000000000273e+02
1.487364480096262932e+09 1.416999999999999926e-01 2.794700000000000273e+02
1.487364480196335077e+09 1.416000000000000036e-01 2.794700000000000273e+02
1.487364480293992043e+09 1.418000000000000094e-01 2.794700000000000273e+02
1.487364480390662909e+09 1.416999999999999926e-01 2.794700000000000273e+02
1.487364480509253025e+09 1.418000000000000094e-01 2.794700000000000273e+02
1.487364480609128952e+09 1.418000000000000094e-01 2.794700000000000273e+02
1.487364480708183050e+09 1.416999999999999926e-01 2.794700000000000273e+02
1.487364480808104038e+09 1.418000000000000094e-01 2.794700000000000273e+02
1.487364480902483940e+09 1.418000000000000094e-01 2.794700000000000273e+02
1.487364481002224922e+09 1.418000000000000094e-01 2.794700000000000273e+02
1.487364481107151031e+09 1.416999999999999926e-01 2.794700000000000273e+02
1.487364481201746941e+09 1.416999999999999926e-01 2.794700000000000273e+02
1.487364481318140984e+09 1.418000000000000094e-01 2.794700000000000273e+02
1.487364481417906046e+09 1.416999999999999926e-01 2.794700000000000273e+02
1.487364481517671108e+09 1.418000000000000094e-01 2.794700000000000273e+02
1.487364481617428064e+09 1.416999999999999926e-01 2.794700000000000273e+02
1.487364481717262983e+09 1.416999999999999926e-01 2.794800000000000182e+02
1.487364481816958904e+09 1.414999999999999869e-01 2.794800000000000182e+02
1.487364481916732073e+09 1.416999999999999926e-01 2.794700000000000273e+02
1.487364482031111956e+09 1.416999999999999926e-01 2.794700000000000273e+02
1.487364482131160021e+09 1.416000000000000036e-01 2.794800000000000182e+02
1.487364482231178045e+09 1.416999999999999926e-01 2.794800000000000182e+02
1.487364482328007936e+09 1.416999999999999926e-01 2.794800000000000182e+02
1.487364482429945946e+09 1.416999999999999926e-01 2.794700000000000273e+02
1.487364482528960943e+09 1.416000000000000036e-01 2.794700000000000273e+02
1.487364482629067898e+09 1.418000000000000094e-01 2.794800000000000182e+02
1.487364482728990078e+09 1.418000000000000094e-01 2.794800000000000182e+02
1.487364482837233067e+09 1.416000000000000036e-01 2.794800000000000182e+02
1.487364482941853046e+09 1.416999999999999926e-01 2.794800000000000182e+02
1.487364483041892052e+09 1.418000000000000094e-01 2.794800000000000182e+02
1.487364483141066074e+09 1.416999999999999926e-01 2.794700000000000273e+02
1.487364483240252018e+09 1.416999999999999926e-01 2.794700000000000273e+02
1.487364483337264061e+09 1.416999999999999926e-01 2.794800000000000182e+02
1.487364483439913988e+09 1.416999999999999926e-01 2.794800000000000182e+02
1.487364483539956093e+09 1.416999999999999926e-01 2.794800000000000182e+02
1.487364483653032064e+09 1.416999999999999926e-01 2.794800000000000182e+02
1.487364483752094030e+09 1.416999999999999926e-01 2.794800000000000182e+02
1.487364483848179102e+09 1.416999999999999926e-01 2.794800000000000182e+02
1.487364483952073097e+09 1.416000000000000036e-01 2.794800000000000182e+02
1.487364484051904917e+09 1.416000000000000036e-01 2.794800000000000182e+02
1.487364484150882006e+09 1.416000000000000036e-01 2.794800000000000182e+02
1.487364484248656034e+09 1.416999999999999926e-01 2.794800000000000182e+02
1.487364484348963022e+09 1.416000000000000036e-01 2.794800000000000182e+02
1.487364484449780941e+09 1.416999999999999926e-01 2.794800000000000182e+02
1.487364484560353041e+09 1.418999999999999984e-01 2.794800000000000182e+02
1.487364484660115004e+09 1.416999999999999926e-01 2.794800000000000182e+02
1.487364484759887934e+09 1.416999999999999926e-01 2.794800000000000182e+02
1.487364484859651089e+09 1.418999999999999984e-01 2.794800000000000182e+02
1.487364484959425926e+09 1.416999999999999926e-01 2.794800000000000182e+02
1.487364485059176922e+09 1.416999999999999926e-01 2.794800000000000182e+02
1.487364485158936024e+09 1.416999999999999926e-01 2.794800000000000182e+02
1.487364485258708954e+09 1.416999999999999926e-01 2.794800000000000182e+02
1.487364485371639013e+09 1.418999999999999984e-01 2.794800000000000182e+02
1.487364485474761963e+09 1.418000000000000094e-01 2.794800000000000182e+02
1.487364485573777914e+09 1.418000000000000094e-01 2.794800000000000182e+02
1.487364485673820972e+09 1.416999999999999926e-01 2.794800000000000182e+02
1.487364485772973061e+09 1.416999999999999926e-01 2.794800000000000182e+02
1.487364485871408939e+09 1.416999999999999926e-01 2.794800000000000182e+02
1.487364485968333006e+09 1.416999999999999926e-01 2.794800000000000182e+02
1.487364486069396973e+09 1.416999999999999926e-01 2.794800000000000182e+02
1.487364486185873985e+09 1.416000000000000036e-01 2.794800000000000182e+02
1.487364486282668114e+09 1.418000000000000094e-01 2.794800000000000182e+02
1.487364486384588957e+09 1.416000000000000036e-01 2.794800000000000182e+02
1.487364486484791994e+09 1.418000000000000094e-01 2.794800000000000182e+02
1.487364486580754042e+09 1.416999999999999926e-01 2.794800000000000182e+02
1.487364486683746099e+09 1.416000000000000036e-01 2.794800000000000182e+02
1.487364486783631086e+09 1.416999999999999926e-01 2.794800000000000182e+02
1.487364486881535053e+09 1.418000000000000094e-01 2.794800000000000182e+02
1.487364486996685982e+09 1.418999999999999984e-01 2.794800000000000182e+02
1.487364487096586943e+09 1.418000000000000094e-01 2.794800000000000182e+02
1.487364487191807032e+09 1.418000000000000094e-01 2.794800000000000182e+02
1.487364487294888020e+09 1.416999999999999926e-01 2.794800000000000182e+02
1.487364487390927076e+09 1.416999999999999926e-01 2.794800000000000182e+02
1.487364487491480112e+09 1.418000000000000094e-01 2.794800000000000182e+02
1.487364487593095064e+09 1.418000000000000094e-01 2.794800000000000182e+02
1.487364487690207005e+09 1.416000000000000036e-01 2.794800000000000182e+02
1.487364487802644014e+09 1.416999999999999926e-01 2.794800000000000182e+02
1.487364487907591105e+09 1.418000000000000094e-01 2.794800000000000182e+02
1.487364488007577896e+09 1.416999999999999926e-01 2.794800000000000182e+02
1.487364488101927996e+09 1.416999999999999926e-01 2.794800000000000182e+02
1.487364488201894999e+09 1.416999999999999926e-01 2.794800000000000182e+02
1.487364488301497936e+09 1.416999999999999926e-01 2.794800000000000182e+02
1.487364488401201963e+09 1.418000000000000094e-01 2.794800000000000182e+02
1.487364488500924110e+09 1.418000000000000094e-01 2.794800000000000182e+02
1.487364488617306948e+09 1.416000000000000036e-01 2.794800000000000182e+02
1.487364488717088938e+09 1.418000000000000094e-01 2.794800000000000182e+02
1.487364488815479994e+09 1.418000000000000094e-01 2.794800000000000182e+02
1.487364488912260056e+09 1.418000000000000094e-01 2.794800000000000182e+02
1.487364489016381979e+09 1.418000000000000094e-01 2.794800000000000182e+02
1.487364489116137028e+09 1.418000000000000094e-01 2.794800000000000182e+02
1.487364489213490009e+09 1.418000000000000094e-01 2.794800000000000182e+02
1.487364489314476013e+09 1.418000000000000094e-01 2.794800000000000182e+02
1.487364489429322958e+09 1.418000000000000094e-01 2.794800000000000182e+02
1.487364489529572964e+09 1.416999999999999926e-01 2.794800000000000182e+02
1.487364489629448891e+09 1.418000000000000094e-01 2.794800000000000182e+02
1.487364489724148035e+09 1.416999999999999926e-01 2.794800000000000182e+02
1.487364489828434944e+09 1.418000000000000094e-01 2.794800000000000182e+02
1.487364489927190065e+09 1.418000000000000094e-01 2.794800000000000182e+02
1.487364490027348995e+09 1.416000000000000036e-01 2.794800000000000182e+02
1.487364490140831947e+09 1.416999999999999926e-01 2.794800000000000182e+02
1.487364490237571955e+09 1.416000000000000036e-01 2.794800000000000182e+02
1.487364490337143898e+09 1.416999999999999926e-01 2.794800000000000182e+02
1.487364490436147928e+09 1.416000000000000036e-01 2.794800000000000182e+02
1.487364490539199114e+09 1.418999999999999984e-01 2.794800000000000182e+02
1.487364490639221907e+09 1.418000000000000094e-01 2.794900000000000091e+02
1.487364490738267899e+09 1.416999999999999926e-01 2.794900000000000091e+02
1.487364490837006092e+09 1.416999999999999926e-01 2.794900000000000091e+02
1.487364490952141047e+09 1.418000000000000094e-01 2.794900000000000091e+02
1.487364491048299074e+09 1.418000000000000094e-01 2.794800000000000182e+02
1.487364491151293993e+09 1.416000000000000036e-01 2.794900000000000091e+02
1.487364491246027946e+09 1.418000000000000094e-01 2.794900000000000091e+02
1.487364491346837997e+09 1.418000000000000094e-01 2.794800000000000182e+02
1.487364491450073957e+09 1.418000000000000094e-01 2.794900000000000091e+02
1.487364491549177885e+09 1.418000000000000094e-01 2.794900000000000091e+02
1.487364491647241116e+09 1.418000000000000094e-01 2.794900000000000091e+02
1.487364491758600950e+09 1.418000000000000094e-01 2.794900000000000091e+02
1.487364491861802101e+09 1.416999999999999926e-01 2.794900000000000091e+02
1.487364491959494114e+09 1.416999999999999926e-01 2.794900000000000091e+02
1.487364492059135914e+09 1.416999999999999926e-01 2.794900000000000091e+02
1.487364492158911943e+09 1.416999999999999926e-01 2.794900000000000091e+02
1.487364492258658886e+09 1.418999999999999984e-01 2.794900000000000091e+02
1.487364492358437061e+09 1.418000000000000094e-01 2.794900000000000091e+02
1.487364492456321955e+09 1.416999999999999926e-01 2.794900000000000091e+02
1.487364492555095911e+09 1.416999999999999926e-01 2.794900000000000091e+02
1.487364492672933102e+09 1.416000000000000036e-01 2.794900000000000091e+02
1.487364492773024082e+09 1.416999999999999926e-01 2.794900000000000091e+02
1.487364492870681047e+09 1.416999999999999926e-01 2.794900000000000091e+02
1.487364492972058058e+09 1.418000000000000094e-01 2.794900000000000091e+02
1.487364493069149971e+09 1.416999999999999926e-01 2.794900000000000091e+02
1.487364493169775963e+09 1.416999999999999926e-01 2.794900000000000091e+02
1.487364493271080971e+09 1.418000000000000094e-01 2.794900000000000091e+02
1.487364493371359110e+09 1.418000000000000094e-01 2.794900000000000091e+02
1.487364493484030008e+09 1.416999999999999926e-01 2.794900000000000091e+02
1.487364493580854893e+09 1.418000000000000094e-01 2.794900000000000091e+02
1.487364493683931112e+09 1.418000000000000094e-01 2.794900000000000091e+02
1.487364493783024073e+09 1.418000000000000094e-01 2.794900000000000091e+02
1.487364493883047104e+09 1.418000000000000094e-01 2.794900000000000091e+02
1.487364493983088017e+09 1.418000000000000094e-01 2.794900000000000091e+02
1.487364494081996918e+09 1.418000000000000094e-01 2.794900000000000091e+02
1.487364494178421974e+09 1.418000000000000094e-01 2.794900000000000091e+02
1.487364494295778990e+09 1.416999999999999926e-01 2.794900000000000091e+02
1.487364494392417908e+09 1.418999999999999984e-01 2.794900000000000091e+02
1.487364494494842052e+09 1.416000000000000036e-01 2.794900000000000091e+02
1.487364494593981028e+09 1.416999999999999926e-01 2.794900000000000091e+02
1.487364494690649033e+09 1.416000000000000036e-01 2.794900000000000091e+02
1.487364494789074898e+09 1.416000000000000036e-01 2.794900000000000091e+02
1.487364494891532898e+09 1.416000000000000036e-01 2.794900000000000091e+02
1.487364494992827892e+09 1.418000000000000094e-01 2.794900000000000091e+02
1.487364495102173090e+09 1.418999999999999984e-01 2.794900000000000091e+02
1.487364495201591015e+09 1.416999999999999926e-01 2.794900000000000091e+02
1.487364495301357985e+09 1.416000000000000036e-01 2.794900000000000091e+02
1.487364495401151896e+09 1.416999999999999926e-01 2.794900000000000091e+02
1.487364495499758005e+09 1.416999999999999926e-01 2.794900000000000091e+02
1.487364495600333929e+09 1.416999999999999926e-01 2.794900000000000091e+02
1.487364495700428009e+09 1.416999999999999926e-01 2.794900000000000091e+02
1.487364495800189972e+09 1.418000000000000094e-01 2.794900000000000091e+02
1.487364495916578054e+09 1.418000000000000094e-01 2.794900000000000091e+02
1.487364496016339064e+09 1.416999999999999926e-01 2.794900000000000091e+02
1.487364496113352060e+09 1.416999999999999926e-01 2.794900000000000091e+02
1.487364496211550951e+09 1.418999999999999984e-01 2.794900000000000091e+02
1.487364496315644026e+09 1.418000000000000094e-01 2.794900000000000091e+02
1.487364496415322065e+09 1.418000000000000094e-01 2.794900000000000091e+02
1.487364496514661074e+09 1.416000000000000036e-01 2.794900000000000091e+02
1.487364496614671946e+09 1.416999999999999926e-01 2.794900000000000091e+02
1.487364496728799105e+09 1.416999999999999926e-01 2.794900000000000091e+02
1.487364496827616930e+09 1.416999999999999926e-01 2.794900000000000091e+02
1.487364496927427053e+09 1.416999999999999926e-01 2.794900000000000091e+02
1.487364497026578903e+09 1.416000000000000036e-01 2.794900000000000091e+02
1.487364497126631021e+09 1.416999999999999926e-01 2.794900000000000091e+02
1.487364497226733923e+09 1.416999999999999926e-01 2.794900000000000091e+02
1.487364497325890064e+09 1.416999999999999926e-01 2.794900000000000091e+02
1.487364497421808004e+09 1.416999999999999926e-01 2.794900000000000091e+02
1.487364497539659977e+09 1.418000000000000094e-01 2.794900000000000091e+02
1.487364497638676882e+09 1.416999999999999926e-01 2.794900000000000091e+02
1.487364497738177061e+09 1.418000000000000094e-01 2.794900000000000091e+02
1.487364497836775064e+09 1.418000000000000094e-01 2.794900000000000091e+02
1.487364497933540106e+09 1.416999999999999926e-01 2.794900000000000091e+02
1.487364498037740946e+09 1.418000000000000094e-01 2.794900000000000091e+02
1.487364498136651993e+09 1.418000000000000094e-01 2.794900000000000091e+02
1.487364498236619949e+09 1.416999999999999926e-01 2.794900000000000091e+02
1.487364498350539923e+09 1.416999999999999926e-01 2.795000000000000000e+02
1.487364498449429035e+09 1.416000000000000036e-01 2.795000000000000000e+02
1.487364498546319962e+09 1.418000000000000094e-01 2.795000000000000000e+02
1.487364498648406029e+09 1.416000000000000036e-01 2.794900000000000091e+02
1.487364498748555899e+09 1.416999999999999926e-01 2.795000000000000000e+02
1.487364498848393917e+09 1.416000000000000036e-01 2.795000000000000000e+02
1.487364498947735071e+09 1.416000000000000036e-01 2.795000000000000000e+02
1.487364499046777964e+09 1.416999999999999926e-01 2.795000000000000000e+02
1.487364499142051935e+09 1.416999999999999926e-01 2.795000000000000000e+02
1.487364499258558035e+09 1.418000000000000094e-01 2.795000000000000000e+02
1.487364499358326912e+09 1.416999999999999926e-01 2.795000000000000000e+02
1.487364499458082914e+09 1.418999999999999984e-01 2.795000000000000000e+02
1.487364499554879904e+09 1.418000000000000094e-01 2.795000000000000000e+02
1.487364499657531977e+09 1.418999999999999984e-01 2.795000000000000000e+02
1.487364499757410049e+09 1.418000000000000094e-01 2.795000000000000000e+02
1.487364499857152939e+09 1.418999999999999984e-01 2.795000000000000000e+02
1.487364499972655058e+09 1.416999999999999926e-01 2.795000000000000000e+02
1.487364500069704056e+09 1.416999999999999926e-01 2.795000000000000000e+02
1.487364500166549921e+09 1.418000000000000094e-01 2.795000000000000000e+02
1.487364500271534920e+09 1.416999999999999926e-01 2.795000000000000000e+02
1.487364500368855000e+09 1.418000000000000094e-01 2.795000000000000000e+02
1.487364500470314980e+09 1.416999999999999926e-01 2.795000000000000000e+02
1.487364500569356918e+09 1.416999999999999926e-01 2.795000000000000000e+02
1.487364500669440985e+09 1.416000000000000036e-01 2.795000000000000000e+02
1.487364500764470100e+09 1.416000000000000036e-01 2.795000000000000000e+02
1.487364500881283998e+09 1.416000000000000036e-01 2.795000000000000000e+02
1.487364500982417107e+09 1.416999999999999926e-01 2.795000000000000000e+02
1.487364501082222939e+09 1.416999999999999926e-01 2.795000000000000000e+02
1.487364501181384087e+09 1.416999999999999926e-01 2.795000000000000000e+02
1.487364501281367064e+09 1.416999999999999926e-01 2.795000000000000000e+02
1.487364501380469084e+09 1.416000000000000036e-01 2.795000000000000000e+02
1.487364501480236053e+09 1.418000000000000094e-01 2.795000000000000000e+02
1.487364501575213909e+09 1.416999999999999926e-01 2.795000000000000000e+02
1.487364501679290056e+09 1.416999999999999926e-01 2.795000000000000000e+02
1.487364501793236017e+09 1.416999999999999926e-01 2.795000000000000000e+02
1.487364501891196012e+09 1.418000000000000094e-01 2.795000000000000000e+02
1.487364501990811110e+09 1.418000000000000094e-01 2.795000000000000000e+02
1.487364502092150927e+09 1.418000000000000094e-01 2.795000000000000000e+02
1.487364502189491034e+09 1.418000000000000094e-01 2.795000000000000000e+02
1.487364502291171074e+09 1.416999999999999926e-01 2.795000000000000000e+02
1.487364502386930943e+09 1.416999999999999926e-01 2.795000000000000000e+02
1.487364502490117073e+09 1.416999999999999926e-01 2.795000000000000000e+02
1.487364502601931095e+09 1.418000000000000094e-01 2.795000000000000000e+02
1.487364502700325012e+09 1.416000000000000036e-01 2.795000000000000000e+02
1.487364502800065041e+09 1.416999999999999926e-01 2.795000000000000000e+02
1.487364502899878025e+09 1.416000000000000036e-01 2.795000000000000000e+02
1.487364502999598980e+09 1.416999999999999926e-01 2.795000000000000000e+02
1.487364503099368095e+09 1.416000000000000036e-01 2.795000000000000000e+02
1.487364503199142933e+09 1.416999999999999926e-01 2.795000000000000000e+02
1.487364503298876047e+09 1.416999999999999926e-01 2.795000000000000000e+02
1.487364503415158033e+09 1.416999999999999926e-01 2.795000000000000000e+02
1.487364503515055895e+09 1.416999999999999926e-01 2.795000000000000000e+02
1.487364503613846064e+09 1.416999999999999926e-01 2.795000000000000000e+02
1.487364503714363098e+09 1.416999999999999926e-01 2.795000000000000000e+02
1.487364503813163042e+09 1.416999999999999926e-01 2.795000000000000000e+02
1.487364503913129091e+09 1.416999999999999926e-01 2.795000000000000000e+02
1.487364504011126041e+09 1.418000000000000094e-01 2.795000000000000000e+02
1.487364504112091064e+09 1.418000000000000094e-01 2.795000000000000000e+02
1.487364504226092100e+09 1.418000000000000094e-01 2.795000000000000000e+02
1.487364504325968981e+09 1.418000000000000094e-01 2.795000000000000000e+02
1.487364504424977064e+09 1.416999999999999926e-01 2.795000000000000000e+02
1.487364504525032043e+09 1.418000000000000094e-01 2.795099999999999909e+02
1.487364504624888897e+09 1.418999999999999984e-01 2.795099999999999909e+02
1.487364504723829985e+09 1.416999999999999926e-01 2.795099999999999909e+02
1.487364504824042082e+09 1.418000000000000094e-01 2.795000000000000000e+02
1.487364504923052073e+09 1.418000000000000094e-01 2.795099999999999909e+02
1.487364505036961079e+09 1.416000000000000036e-01 2.795099999999999909e+02
1.487364505137054920e+09 1.416999999999999926e-01 2.795099999999999909e+02
1.487364505236917019e+09 1.416000000000000036e-01 2.795099999999999909e+02
1.487364505335329056e+09 1.416000000000000036e-01 2.795099999999999909e+02
1.487364505435576916e+09 1.416999999999999926e-01 2.795099999999999909e+02
1.487364505534965038e+09 1.416999999999999926e-01 2.795099999999999909e+02
1.487364505630259991e+09 1.416999999999999926e-01 2.795099999999999909e+02
1.487364505733813047e+09 1.416000000000000036e-01 2.795099999999999909e+02
1.487364505842828035e+09 1.418000000000000094e-01 2.795099999999999909e+02
1.487364505947963953e+09 1.418000000000000094e-01 2.795099999999999909e+02
1.487364506047698021e+09 1.418000000000000094e-01 2.795099999999999909e+02
1.487364506142100096e+09 1.418000000000000094e-01 2.795099999999999909e+02
1.487364506241894960e+09 1.416999999999999926e-01 2.795099999999999909e+02
1.487364506341644049e+09 1.416999999999999926e-01 2.795099999999999909e+02
1.487364506443212986e+09 1.418000000000000094e-01 2.795099999999999909e+02
1.487364506541115999e+09 1.418000000000000094e-01 2.795099999999999909e+02
1.487364506657509089e+09 1.418000000000000094e-01 2.795099999999999909e+02
1.487364506757280111e+09 1.416999999999999926e-01 2.795099999999999909e+02
1.487364506857040882e+09 1.418000000000000094e-01 2.795099999999999909e+02
1.487364506956818104e+09 1.416999999999999926e-01 2.795099999999999909e+02
1.487364507056571960e+09 1.418000000000000094e-01 2.795099999999999909e+02
1.487364507156335115e+09 1.416999999999999926e-01 2.795099999999999909e+02
1.487364507256145954e+09 1.416999999999999926e-01 2.795099999999999909e+02
1.487364507354676962e+09 1.416999999999999926e-01 2.795099999999999909e+02
1.487364507450745106e+09 1.416999999999999926e-01 2.795099999999999909e+02
1.487364507569598913e+09 1.416999999999999926e-01 2.795099999999999909e+02
1.487364507668642998e+09 1.418000000000000094e-01 2.795099999999999909e+02
1.487364507768430948e+09 1.418000000000000094e-01 2.795099999999999909e+02
1.487364507868642092e+09 1.416000000000000036e-01 2.795099999999999909e+02
1.487364507967614889e+09 1.418000000000000094e-01 2.795099999999999909e+02
1.487364508067581892e+09 1.416999999999999926e-01 2.795099999999999909e+02
1.487364508167828083e+09 1.416999999999999926e-01 2.795099999999999909e+02
1.487364508266789913e+09 1.418000000000000094e-01 2.795099999999999909e+02
1.487364508380177975e+09 1.418000000000000094e-01 2.795099999999999909e+02
1.487364508475425005e+09 1.416999999999999926e-01 2.795099999999999909e+02
1.487364508579550028e+09 1.418999999999999984e-01 2.795099999999999909e+02
1.487364508679660082e+09 1.418999999999999984e-01 2.795099999999999909e+02
1.487364508777333975e+09 1.416999999999999926e-01 2.795099999999999909e+02
1.487364508873523951e+09 1.416999999999999926e-01 2.795099999999999909e+02
1.487364508975151062e+09 1.418999999999999984e-01 2.795099999999999909e+02
1.487364509091541052e+09 1.416999999999999926e-01 2.795099999999999909e+02
1.487364509190130949e+09 1.416999999999999926e-01 2.795099999999999909e+02
1.487364509290529013e+09 1.416000000000000036e-01 2.795099999999999909e+02
1.487364509387839079e+09 1.416999999999999926e-01 2.795099999999999909e+02
1.487364509487665892e+09 1.416999999999999926e-01 2.795099999999999909e+02
1.487364509586381912e+09 1.418000000000000094e-01 2.795099999999999909e+02
1.487364509688517094e+09 1.416999999999999926e-01 2.795099999999999909e+02
1.487364509789489031e+09 1.416999999999999926e-01 2.795099999999999909e+02
1.487364509885600090e+09 1.418999999999999984e-01 2.795099999999999909e+02
1.487364509999267101e+09 1.416999999999999926e-01 2.795099999999999909e+02
1.487364510099375963e+09 1.416999999999999926e-01 2.795199999999999818e+02
1.487364510196188927e+09 1.416999999999999926e-01 2.795099999999999909e+02
1.487364510298858881e+09 1.416000000000000036e-01 2.795099999999999909e+02
1.487364510398647070e+09 1.416999999999999926e-01 2.795099999999999909e+02
1.487364510498325109e+09 1.416999999999999926e-01 2.795199999999999818e+02
1.487364510598087072e+09 1.416999999999999926e-01 2.795199999999999818e+02
1.487364510697865963e+09 1.418000000000000094e-01 2.795099999999999909e+02
1.487364510813572884e+09 1.418000000000000094e-01 2.795099999999999909e+02
1.487364510912497044e+09 1.418999999999999984e-01 2.795199999999999818e+02
1.487364511012398005e+09 1.418000000000000094e-01 2.795199999999999818e+02
1.487364511112454891e+09 1.418000000000000094e-01 2.795199999999999818e+02
1.487364511207458019e+09 1.416000000000000036e-01 2.795099999999999909e+02
1.487364511311428070e+09 1.416999999999999926e-01 2.795099999999999909e+02
1.487364511411465883e+09 1.416999999999999926e-01 2.795199999999999818e+02
1.487364511508528948e+09 1.416000000000000036e-01 2.795199999999999818e+02
1.487364511624669075e+09 1.416000000000000036e-01 2.795099999999999909e+02
1.487364511723737955e+09 1.416999999999999926e-01 2.795099999999999909e+02
1.487364511823312998e+09 1.416000000000000036e-01 2.795099999999999909e+02
1.487364511923166990e+09 1.416999999999999926e-01 2.795099999999999909e+02
1.487364512022330046e+09 1.418000000000000094e-01 2.795099999999999909e+02
1.487364512122158051e+09 1.416999999999999926e-01 2.795199999999999818e+02
1.487364512222210884e+09 1.416999999999999926e-01 2.795199999999999818e+02
1.487364512336316109e+09 1.416999999999999926e-01 2.795199999999999818e+02
1.487364512434988976e+09 1.418000000000000094e-01 2.795199999999999818e+02
1.487364512534977913e+09 1.416999999999999926e-01 2.795199999999999818e+02
1.487364512634151936e+09 1.418000000000000094e-01 2.795199999999999818e+02
1.487364512730612993e+09 1.418000000000000094e-01 2.795199999999999818e+02
1.487364512833134890e+09 1.416999999999999926e-01 2.795199999999999818e+02
1.487364512933115005e+09 1.416000000000000036e-01 2.795199999999999818e+02
1.487364513032847881e+09 1.416999999999999926e-01 2.795199999999999818e+02
1.487364513142180920e+09 1.418000000000000094e-01 2.795199999999999818e+02
1.487364513241780996e+09 1.416999999999999926e-01 2.795199999999999818e+02
1.487364513341617107e+09 1.416999999999999926e-01 2.795199999999999818e+02
1.487364513441317081e+09 1.418000000000000094e-01 2.795199999999999818e+02
1.487364513541090012e+09 1.416999999999999926e-01 2.795199999999999818e+02
1.487364513640850067e+09 1.418000000000000094e-01 2.795199999999999818e+02
1.487364513740510941e+09 1.416999999999999926e-01 2.795199999999999818e+02
1.487364513840270996e+09 1.418000000000000094e-01 2.795199999999999818e+02
1.487364513940155029e+09 1.416999999999999926e-01 2.795199999999999818e+02
1.487364514055000067e+09 1.416999999999999926e-01 2.795199999999999818e+02
1.487364514156321049e+09 1.416999999999999926e-01 2.795199999999999818e+02
1.487364514256059885e+09 1.416999999999999926e-01 2.795199999999999818e+02
1.487364514355823040e+09 1.416999999999999926e-01 2.795199999999999818e+02
1.487364514450681925e+09 1.418000000000000094e-01 2.795199999999999818e+02
1.487364514555037975e+09 1.416000000000000036e-01 2.795199999999999818e+02
1.487364514650139093e+09 1.416999999999999926e-01 2.795199999999999818e+02
1.487364514754057884e+09 1.418000000000000094e-01 2.795199999999999818e+02
1.487364514867963076e+09 1.416999999999999926e-01 2.795199999999999818e+02
1.487364514968055010e+09 1.416000000000000036e-01 2.795199999999999818e+02
1.487364515067045927e+09 1.418000000000000094e-01 2.795199999999999818e+02
1.487364515166939020e+09 1.416999999999999926e-01 2.795199999999999818e+02
1.487364515266937017e+09 1.418000000000000094e-01 2.795199999999999818e+02
1.487364515365920067e+09 1.418000000000000094e-01 2.795199999999999818e+02
1.487364515465922117e+09 1.416999999999999926e-01 2.795199999999999818e+02
1.487364515564954042e+09 1.418999999999999984e-01 2.795199999999999818e+02
1.487364515677798986e+09 1.416999999999999926e-01 2.795199999999999818e+02
1.487364515779069901e+09 1.416999999999999926e-01 2.795199999999999818e+02
1.487364515872885942e+09 1.416999999999999926e-01 2.795199999999999818e+02
1.487364515977895021e+09 1.418000000000000094e-01 2.795199999999999818e+02
1.487364516078038931e+09 1.418000000000000094e-01 2.795199999999999818e+02
1.487364516176868916e+09 1.418999999999999984e-01 2.795199999999999818e+02
1.487364516276901960e+09 1.416000000000000036e-01 2.795199999999999818e+02
1.487364516372251034e+09 1.416999999999999926e-01 2.795199999999999818e+02
1.487364516490016937e+09 1.418000000000000094e-01 2.795199999999999818e+02
1.487364516589767933e+09 1.418000000000000094e-01 2.795199999999999818e+02
1.487364516688688993e+09 1.416999999999999926e-01 2.795199999999999818e+02
1.487364516788750887e+09 1.416999999999999926e-01 2.795199999999999818e+02
1.487364516887968063e+09 1.418999999999999984e-01 2.795199999999999818e+02
1.487364516982825041e+09 1.416999999999999926e-01 2.795199999999999818e+02
1.487364517087752104e+09 1.418000000000000094e-01 2.795199999999999818e+02
1.487364517187388897e+09 1.416999999999999926e-01 2.795199999999999818e+02
1.487364517298752069e+09 1.416999999999999926e-01 2.795199999999999818e+02
1.487364517398572922e+09 1.418000000000000094e-01 2.795199999999999818e+02
1.487364517498284101e+09 1.418000000000000094e-01 2.795199999999999818e+02
1.487364517598047972e+09 1.416999999999999926e-01 2.795199999999999818e+02
1.487364517697807074e+09 1.418000000000000094e-01 2.795199999999999818e+02
1.487364517797576904e+09 1.416999999999999926e-01 2.795199999999999818e+02
1.487364517897376060e+09 1.418000000000000094e-01 2.795199999999999818e+02
1.487364517994128942e+09 1.416999999999999926e-01 2.795299999999999727e+02
1.487364518111875057e+09 1.416999999999999926e-01 2.795299999999999727e+02
1.487364518211688995e+09 1.416999999999999926e-01 2.795299999999999727e+02
1.487364518311743975e+09 1.418000000000000094e-01 2.795299999999999727e+02
1.487364518410756111e+09 1.416999999999999926e-01 2.795199999999999818e+02
1.487364518510689020e+09 1.416999999999999926e-01 2.795299999999999727e+02
1.487364518609761953e+09 1.416999999999999926e-01 2.795299999999999727e+02
1.487364518706233025e+09 1.416999999999999926e-01 2.795299999999999727e+02
1.487364518806329012e+09 1.416999999999999926e-01 2.795199999999999818e+02
