1.487361836703346014e+09 1.423999999999999988e-01 2.808999999999999773e+02
1.487361836802819014e+09 1.423999999999999988e-01 2.808999999999999773e+02
1.487361836902201891e+09 1.424999999999999878e-01 2.808999999999999773e+02
1.487361837002238035e+09 1.423999999999999988e-01 2.808999999999999773e+02
1.487361837100234032e+09 1.423999999999999988e-01 2.808999999999999773e+02
1.487361837218147039e+09 1.424999999999999878e-01 2.808999999999999773e+02
1.487361837318284988e+09 1.423000000000000098e-01 2.808999999999999773e+02
1.487361837417803049e+09 1.423999999999999988e-01 2.808999999999999773e+02
1.487361837517690897e+09 1.423999999999999988e-01 2.808999999999999773e+02
1.487361837617587090e+09 1.423000000000000098e-01 2.808999999999999773e+02
1.487361837716703892e+09 1.423999999999999988e-01 2.808999999999999773e+02
1.487361837811609030e+09 1.423999999999999988e-01 2.808999999999999773e+02
1.487361837916555882e+09 1.424999999999999878e-01 2.808999999999999773e+02
1.487361838029802084e+09 1.423999999999999988e-01 2.808999999999999773e+02
1.487361838126298904e+09 1.423999999999999988e-01 2.808999999999999773e+02
1.487361838225692987e+09 1.424999999999999878e-01 2.808999999999999773e+02
1.487361838328773975e+09 1.423999999999999988e-01 2.808999999999999773e+02
1.487361838428651094e+09 1.423999999999999988e-01 2.808999999999999773e+02
1.487361838527616024e+09 1.424999999999999878e-01 2.808999999999999773e+02
1.487361838627531052e+09 1.424999999999999878e-01 2.808999999999999773e+02
1.487361838723150015e+09 1.426000000000000045e-01 2.808999999999999773e+02
1.487361838840888023e+09 1.426000000000000045e-01 2.808999999999999773e+02
1.487361838940651894e+09 1.424999999999999878e-01 2.808999999999999773e+02
1.487361839040658951e+09 1.424999999999999878e-01 2.808999999999999773e+02
1.487361839139604092e+09 1.423999999999999988e-01 2.808899999999999864e+02
1.487361839239192963e+09 1.424999999999999878e-01 2.808999999999999773e+02
1.487361839338565111e+09 1.424999999999999878e-01 2.808999999999999773e+02
1.487361839438610077e+09 1.423999999999999988e-01 2.808999999999999773e+02
1.487361839538672924e+09 1.423000000000000098e-01 2.808999999999999773e+02
1.487361839646939039e+09 1.423999999999999988e-01 2.808999999999999773e+02
1.487361839747004986e+09 1.423000000000000098e-01 2.808899999999999864e+02
1.487361839851371050e+09 1.423999999999999988e-01 2.808999999999999773e+02
1.487361839950432062e+09 1.423999999999999988e-01 2.808999999999999773e+02
1.487361840050620079e+09 1.423999999999999988e-01 2.808999999999999773e+02
1.487361840144844055e+09 1.426000000000000045e-01 2.808999999999999773e+02
1.487361840244581938e+09 1.424999999999999878e-01 2.808999999999999773e+02
1.487361840344362020e+09 1.423999999999999988e-01 2.808999999999999773e+02
1.487361840444120884e+09 1.423999999999999988e-01 2.808999999999999773e+02
1.487361840560523033e+09 1.424999999999999878e-01 2.808999999999999773e+02
1.487361840660237074e+09 1.426000000000000045e-01 2.808999999999999773e+02
1.487361840760030985e+09 1.423999999999999988e-01 2.808999999999999773e+02
1.487361840859601974e+09 1.423999999999999988e-01 2.808999999999999773e+02
1.487361840956485033e+09 1.424999999999999878e-01 2.808999999999999773e+02
1.487361841059334040e+09 1.426999999999999935e-01 2.808999999999999773e+02
1.487361841159255981e+09 1.424999999999999878e-01 2.808999999999999773e+02
1.487361841256937981e+09 1.424999999999999878e-01 2.808999999999999773e+02
1.487361841368560076e+09 1.424999999999999878e-01 2.808999999999999773e+02
1.487361841473350048e+09 1.423000000000000098e-01 2.808999999999999773e+02
1.487361841572341919e+09 1.424999999999999878e-01 2.808999999999999773e+02
1.487361841672446012e+09 1.423999999999999988e-01 2.808999999999999773e+02
1.487361841771384001e+09 1.426000000000000045e-01 2.808999999999999773e+02
1.487361841866317034e+09 1.423000000000000098e-01 2.808999999999999773e+02
1.487361841968091965e+09 1.423999999999999988e-01 2.808999999999999773e+02
1.487361842070302010e+09 1.423000000000000098e-01 2.808999999999999773e+02
1.487361842184431076e+09 1.423999999999999988e-01 2.808999999999999773e+02
1.487361842284209967e+09 1.423000000000000098e-01 2.808999999999999773e+02
1.487361842378901958e+09 1.423999999999999988e-01 2.808999999999999773e+02
1.487361842479106903e+09 1.423999999999999988e-01 2.808999999999999773e+02
1.487361842582345963e+09 1.423000000000000098e-01 2.808999999999999773e+02
1.487361842679379940e+09 1.423999999999999988e-01 2.808999999999999773e+02
1.487361842782437086e+09 1.423999999999999988e-01 2.808999999999999773e+02
1.487361842876442909e+09 1.423999999999999988e-01 2.808999999999999773e+02
1.487361842995526075e+09 1.424999999999999878e-01 2.808999999999999773e+02
1.487361843095202923e+09 1.424999999999999878e-01 2.808999999999999773e+02
1.487361843194344997e+09 1.424999999999999878e-01 2.808999999999999773e+02
1.487361843294346094e+09 1.426000000000000045e-01 2.808999999999999773e+02
1.487361843394114971e+09 1.424999999999999878e-01 2.808999999999999773e+02
1.487361843493331909e+09 1.426000000000000045e-01 2.808999999999999773e+02
1.487361843593250036e+09 1.426000000000000045e-01 2.808999999999999773e+02
1.487361843692493916e+09 1.423999999999999988e-01 2.808999999999999773e+02
1.487361843802728891e+09 1.423999999999999988e-01 2.808999999999999773e+02
1.487361843901429892e+09 1.424999999999999878e-01 2.808999999999999773e+02
1.487361844000991106e+09 1.424999999999999878e-01 2.808999999999999773e+02
1.487361844104693890e+09 1.423999999999999988e-01 2.808999999999999773e+02
1.487361844201354980e+09 1.423999999999999988e-01 2.808999999999999773e+02
1.487361844300915956e+09 1.424999999999999878e-01 2.808999999999999773e+02
1.487361844401330948e+09 1.423999999999999988e-01 2.808999999999999773e+02
1.487361844501157999e+09 1.423999999999999988e-01 2.808999999999999773e+02
1.487361844617257118e+09 1.423000000000000098e-01 2.808999999999999773e+02
1.487361844713892937e+09 1.423999999999999988e-01 2.808999999999999773e+02
1.487361844812952042e+09 1.423999999999999988e-01 2.808999999999999773e+02
1.487361844915337086e+09 1.423999999999999988e-01 2.808999999999999773e+02
1.487361845013654947e+09 1.423999999999999988e-01 2.808999999999999773e+02
1.487361845113044024e+09 1.423999999999999988e-01 2.808999999999999773e+02
1.487361845214984894e+09 1.423999999999999988e-01 2.808999999999999773e+02
1.487361845314066887e+09 1.424999999999999878e-01 2.808999999999999773e+02
1.487361845427499056e+09 1.426000000000000045e-01 2.808999999999999773e+02
1.487361845528265953e+09 1.426000000000000045e-01 2.808999999999999773e+02
1.487361845626647949e+09 1.424999999999999878e-01 2.808999999999999773e+02
1.487361845723951101e+09 1.424999999999999878e-01 2.808999999999999773e+02
1.487361845826664925e+09 1.424999999999999878e-01 2.808999999999999773e+02
1.487361845924392939e+09 1.426000000000000045e-01 2.808999999999999773e+02
1.487361846026007891e+09 1.424999999999999878e-01 2.808999999999999773e+02
1.487361846123148918e+09 1.424999999999999878e-01 2.808999999999999773e+02
1.487361846225048065e+09 1.423000000000000098e-01 2.808999999999999773e+02
1.487361846338577986e+09 1.424999999999999878e-01 2.808999999999999773e+02
1.487361846438142061e+09 1.423999999999999988e-01 2.808999999999999773e+02
1.487361846534603119e+09 1.423999999999999988e-01 2.808999999999999773e+02
1.487361846633615017e+09 1.424999999999999878e-01 2.808999999999999773e+02
1.487361846737071991e+09 1.424999999999999878e-01 2.808999999999999773e+02
1.487361846833487988e+09 1.423999999999999988e-01 2.808999999999999773e+02
1.487361846936841011e+09 1.423999999999999988e-01 2.808999999999999773e+02
1.487361847031848907e+09 1.424999999999999878e-01 2.808999999999999773e+02
1.487361847148444891e+09 1.423999999999999988e-01 2.808999999999999773e+02
1.487361847246823072e+09 1.423000000000000098e-01 2.808999999999999773e+02
1.487361847346153975e+09 1.424999999999999878e-01 2.808999999999999773e+02
1.487361847444154024e+09 1.426000000000000045e-01 2.808999999999999773e+02
1.487361847543862104e+09 1.426000000000000045e-01 2.808999999999999773e+02
1.487361847647902966e+09 1.426000000000000045e-01 2.808999999999999773e+02
1.487361847744363070e+09 1.424999999999999878e-01 2.808999999999999773e+02
1.487361847842922926e+09 1.424999999999999878e-01 2.808999999999999773e+02
1.487361847941531897e+09 1.424999999999999878e-01 2.808999999999999773e+02
1.487361848042742014e+09 1.424999999999999878e-01 2.808999999999999773e+02
1.487361848154774904e+09 1.424999999999999878e-01 2.808999999999999773e+02
1.487361848258779049e+09 1.424999999999999878e-01 2.808999999999999773e+02
1.487361848357939005e+09 1.424999999999999878e-01 2.808999999999999773e+02
1.487361848458364010e+09 1.424999999999999878e-01 2.808999999999999773e+02
1.487361848557629108e+09 1.426000000000000045e-01 2.808999999999999773e+02
1.487361848655757904e+09 1.424999999999999878e-01 2.808999999999999773e+02
1.487361848754291058e+09 1.423999999999999988e-01 2.808999999999999773e+02
1.487361848856693029e+09 1.426000000000000045e-01 2.808999999999999773e+02
1.487361848956747055e+09 1.424999999999999878e-01 2.808999999999999773e+02
1.487361849070636034e+09 1.424999999999999878e-01 2.808999999999999773e+02
1.487361849165205002e+09 1.423999999999999988e-01 2.808999999999999773e+02
1.487361849269706964e+09 1.423999999999999988e-01 2.808999999999999773e+02
1.487361849369699955e+09 1.423999999999999988e-01 2.808999999999999773e+02
1.487361849467192888e+09 1.423999999999999988e-01 2.808999999999999773e+02
1.487361849568674088e+09 1.423999999999999988e-01 2.808999999999999773e+02
1.487361849667725086e+09 1.424999999999999878e-01 2.808999999999999773e+02
1.487361849767595053e+09 1.426000000000000045e-01 2.808999999999999773e+02
1.487361849881548882e+09 1.426000000000000045e-01 2.808999999999999773e+02
1.487361849981327057e+09 1.423999999999999988e-01 2.808999999999999773e+02
1.487361850076222897e+09 1.426000000000000045e-01 2.808999999999999773e+02
1.487361850180351973e+09 1.423999999999999988e-01 2.808999999999999773e+02
1.487361850279583931e+09 1.426000000000000045e-01 2.808999999999999773e+02
1.487361850379431963e+09 1.426999999999999935e-01 2.808999999999999773e+02
1.487361850478558064e+09 1.424999999999999878e-01 2.808999999999999773e+02
1.487361850578614950e+09 1.426000000000000045e-01 2.808999999999999773e+02
1.487361850691538095e+09 1.424999999999999878e-01 2.808999999999999773e+02
1.487361850792495966e+09 1.424999999999999878e-01 2.808999999999999773e+02
1.487361850891606092e+09 1.426000000000000045e-01 2.808999999999999773e+02
1.487361850991560936e+09 1.424999999999999878e-01 2.808999999999999773e+02
1.487361851090559006e+09 1.426000000000000045e-01 2.808999999999999773e+02
1.487361851190526962e+09 1.423999999999999988e-01 2.808999999999999773e+02
1.487361851284924030e+09 1.424999999999999878e-01 2.808999999999999773e+02
1.487361851384716988e+09 1.424999999999999878e-01 2.808999999999999773e+02
1.487361851501075029e+09 1.423999999999999988e-01 2.808999999999999773e+02
1.487361851600769997e+09 1.423999999999999988e-01 2.808999999999999773e+02
1.487361851700558901e+09 1.423999999999999988e-01 2.808999999999999773e+02
1.487361851797873974e+09 1.424999999999999878e-01 2.809100000000000250e+02
1.487361851900069952e+09 1.426000000000000045e-01 2.808999999999999773e+02
1.487361851999528885e+09 1.424999999999999878e-01 2.808999999999999773e+02
1.487361852098432064e+09 1.424999999999999878e-01 2.808999999999999773e+02
1.487361852197773933e+09 1.426000000000000045e-01 2.809100000000000250e+02
1.487361852313968897e+09 1.424999999999999878e-01 2.809100000000000250e+02
1.487361852414375067e+09 1.426000000000000045e-01 2.809100000000000250e+02
1.487361852513269901e+09 1.426000000000000045e-01 2.809100000000000250e+02
1.487361852613486052e+09 1.426000000000000045e-01 2.808999999999999773e+02
1.487361852712385893e+09 1.426000000000000045e-01 2.808999999999999773e+02
1.487361852812484980e+09 1.424999999999999878e-01 2.809100000000000250e+02
1.487361852911370993e+09 1.426000000000000045e-01 2.809100000000000250e+02
1.487361853011442900e+09 1.426000000000000045e-01 2.809100000000000250e+02
1.487361853125299931e+09 1.426000000000000045e-01 2.809100000000000250e+02
1.487361853224556923e+09 1.424999999999999878e-01 2.809100000000000250e+02
1.487361853321052074e+09 1.426000000000000045e-01 2.809100000000000250e+02
1.487361853424251080e+09 1.424999999999999878e-01 2.809100000000000250e+02
1.487361853520379066e+09 1.424999999999999878e-01 2.809100000000000250e+02
1.487361853619425058e+09 1.424999999999999878e-01 2.809100000000000250e+02
1.487361853722239017e+09 1.426000000000000045e-01 2.809100000000000250e+02
1.487361853822249889e+09 1.424999999999999878e-01 2.809100000000000250e+02
1.487361853935820103e+09 1.424999999999999878e-01 2.809100000000000250e+02
1.487361854035160065e+09 1.426999999999999935e-01 2.809100000000000250e+02
1.487361854131402969e+09 1.426000000000000045e-01 2.809100000000000250e+02
1.487361854235013008e+09 1.424999999999999878e-01 2.809100000000000250e+02
1.487361854334270000e+09 1.424999999999999878e-01 2.809100000000000250e+02
1.487361854434175968e+09 1.424999999999999878e-01 2.809100000000000250e+02
1.487361854534358978e+09 1.424999999999999878e-01 2.809100000000000250e+02
1.487361854633121967e+09 1.426000000000000045e-01 2.809100000000000250e+02
1.487361854743372917e+09 1.426999999999999935e-01 2.809100000000000250e+02
1.487361854843075037e+09 1.426000000000000045e-01 2.809100000000000250e+02
1.487361854942836046e+09 1.426000000000000045e-01 2.809100000000000250e+02
1.487361855041608095e+09 1.426000000000000045e-01 2.809100000000000250e+02
1.487361855142389059e+09 1.424999999999999878e-01 2.809100000000000250e+02
1.487361855242176056e+09 1.426000000000000045e-01 2.809100000000000250e+02
1.487361855341869116e+09 1.423999999999999988e-01 2.809100000000000250e+02
1.487361855441663027e+09 1.424999999999999878e-01 2.809100000000000250e+02
1.487361855554667950e+09 1.426000000000000045e-01 2.809100000000000250e+02
1.487361855657764912e+09 1.426000000000000045e-01 2.809100000000000250e+02
1.487361855751928091e+09 1.426000000000000045e-01 2.809100000000000250e+02
1.487361855853149891e+09 1.424999999999999878e-01 2.809100000000000250e+02
1.487361855956059933e+09 1.423999999999999988e-01 2.809100000000000250e+02
1.487361856056123972e+09 1.424999999999999878e-01 2.809100000000000250e+02
1.487361856153358936e+09 1.426000000000000045e-01 2.809100000000000250e+02
1.487361856254647970e+09 1.426000000000000045e-01 2.809100000000000250e+02
1.487361856369069099e+09 1.424999999999999878e-01 2.809100000000000250e+02
1.487361856468995094e+09 1.426000000000000045e-01 2.809100000000000250e+02
1.487361856568058014e+09 1.424999999999999878e-01 2.809100000000000250e+02
1.487361856667969942e+09 1.424999999999999878e-01 2.809100000000000250e+02
1.487361856768186092e+09 1.426000000000000045e-01 2.809100000000000250e+02
1.487361856867005110e+09 1.424999999999999878e-01 2.809100000000000250e+02
1.487361856965167999e+09 1.424999999999999878e-01 2.809100000000000250e+02
1.487361857066004992e+09 1.426999999999999935e-01 2.809100000000000250e+02
1.487361857179524899e+09 1.426999999999999935e-01 2.809100000000000250e+02
1.487361857279988050e+09 1.426000000000000045e-01 2.809100000000000250e+02
1.487361857378882885e+09 1.424999999999999878e-01 2.809100000000000250e+02
1.487361857479137897e+09 1.424999999999999878e-01 2.809100000000000250e+02
1.487361857577126980e+09 1.426000000000000045e-01 2.809100000000000250e+02
1.487361857677926064e+09 1.423999999999999988e-01 2.809100000000000250e+02
1.487361857777782917e+09 1.423999999999999988e-01 2.809100000000000250e+02
1.487361857876864910e+09 1.426000000000000045e-01 2.809100000000000250e+02
1.487361857976826906e+09 1.426000000000000045e-01 2.809100000000000250e+02
1.487361858087305069e+09 1.424999999999999878e-01 2.809100000000000250e+02
1.487361858184962988e+09 1.426999999999999935e-01 2.809100000000000250e+02
1.487361858284835100e+09 1.424999999999999878e-01 2.809100000000000250e+02
1.487361858388863087e+09 1.426000000000000045e-01 2.809100000000000250e+02
1.487361858484364033e+09 1.423999999999999988e-01 2.809100000000000250e+02
1.487361858583949089e+09 1.426000000000000045e-01 2.809100000000000250e+02
1.487361858683893919e+09 1.426000000000000045e-01 2.809100000000000250e+02
1.487361858800293922e+09 1.424999999999999878e-01 2.809100000000000250e+02
1.487361858900084019e+09 1.426000000000000045e-01 2.809100000000000250e+02
1.487361858999820948e+09 1.426000000000000045e-01 2.809100000000000250e+02
1.487361859099584103e+09 1.426000000000000045e-01 2.809100000000000250e+02
1.487361859197314024e+09 1.426000000000000045e-01 2.809100000000000250e+02
1.487361859295732021e+09 1.426000000000000045e-01 2.809100000000000250e+02
1.487361859397444010e+09 1.426000000000000045e-01 2.809200000000000159e+02
1.487361859498639107e+09 1.426000000000000045e-01 2.809200000000000159e+02
1.487361859598342896e+09 1.426999999999999935e-01 2.809200000000000159e+02
1.487361859712743998e+09 1.426000000000000045e-01 2.809200000000000159e+02
1.487361859811682940e+09 1.426000000000000045e-01 2.809100000000000250e+02
1.487361859907166958e+09 1.426000000000000045e-01 2.809200000000000159e+02
1.487361860007494926e+09 1.426000000000000045e-01 2.809200000000000159e+02
1.487361860110774994e+09 1.424999999999999878e-01 2.809200000000000159e+02
1.487361860210762024e+09 1.426000000000000045e-01 2.809200000000000159e+02
1.487361860309684992e+09 1.426000000000000045e-01 2.809200000000000159e+02
1.487361860409670115e+09 1.424999999999999878e-01 2.809200000000000159e+02
1.487361860509805918e+09 1.426000000000000045e-01 2.809200000000000159e+02
1.487361860622592926e+09 1.426000000000000045e-01 2.809200000000000159e+02
1.487361860722544909e+09 1.424999999999999878e-01 2.809200000000000159e+02
1.487361860822942972e+09 1.424999999999999878e-01 2.809200000000000159e+02
1.487361860921614885e+09 1.426999999999999935e-01 2.809200000000000159e+02
1.487361861021569014e+09 1.426000000000000045e-01 2.809200000000000159e+02
1.487361861120601892e+09 1.426999999999999935e-01 2.809200000000000159e+02
1.487361861220717907e+09 1.426000000000000045e-01 2.809200000000000159e+02
1.487361861320566893e+09 1.426000000000000045e-01 2.809200000000000159e+02
1.487361861433486938e+09 1.426000000000000045e-01 2.809200000000000159e+02
1.487361861533622980e+09 1.428999999999999992e-01 2.809200000000000159e+02
1.487361861633564949e+09 1.426000000000000045e-01 2.809200000000000159e+02
1.487361861732533932e+09 1.426000000000000045e-01 2.809200000000000159e+02
1.487361861828588009e+09 1.428000000000000103e-01 2.809200000000000159e+02
1.487361861932580948e+09 1.426000000000000045e-01 2.809200000000000159e+02
1.487361862031550884e+09 1.426000000000000045e-01 2.809200000000000159e+02
1.487361862131474018e+09 1.423999999999999988e-01 2.809200000000000159e+02
1.487361862242069960e+09 1.426000000000000045e-01 2.809200000000000159e+02
1.487361862341789961e+09 1.424999999999999878e-01 2.809200000000000159e+02
1.487361862441571951e+09 1.426000000000000045e-01 2.809200000000000159e+02
1.487361862539519072e+09 1.426000000000000045e-01 2.809200000000000159e+02
1.487361862641104937e+09 1.426000000000000045e-01 2.809200000000000159e+02
1.487361862740858078e+09 1.426000000000000045e-01 2.809200000000000159e+02
1.487361862838046074e+09 1.426000000000000045e-01 2.809200000000000159e+02
1.487361862937889099e+09 1.426000000000000045e-01 2.809200000000000159e+02
1.487361863056478024e+09 1.424999999999999878e-01 2.809200000000000159e+02
1.487361863153181076e+09 1.426000000000000045e-01 2.809200000000000159e+02
1.487361863255445004e+09 1.426000000000000045e-01 2.809200000000000159e+02
1.487361863354434013e+09 1.424999999999999878e-01 2.809200000000000159e+02
1.487361863449906111e+09 1.426000000000000045e-01 2.809200000000000159e+02
1.487361863552320004e+09 1.426999999999999935e-01 2.809200000000000159e+02
1.487361863653418064e+09 1.426000000000000045e-01 2.809200000000000159e+02
1.487361863753540039e+09 1.426000000000000045e-01 2.809200000000000159e+02
1.487361863866931915e+09 1.426999999999999935e-01 2.809200000000000159e+02
1.487361863961854935e+09 1.426000000000000045e-01 2.809200000000000159e+02
1.487361864064265966e+09 1.428000000000000103e-01 2.809200000000000159e+02
1.487361864165374994e+09 1.426000000000000045e-01 2.809200000000000159e+02
1.487361864265419006e+09 1.426999999999999935e-01 2.809200000000000159e+02
1.487361864365366936e+09 1.424999999999999878e-01 2.809200000000000159e+02
1.487361864464274883e+09 1.426999999999999935e-01 2.809200000000000159e+02
1.487361864564294100e+09 1.424999999999999878e-01 2.809200000000000159e+02
1.487361864678467035e+09 1.426000000000000045e-01 2.809200000000000159e+02
1.487361864777434111e+09 1.424999999999999878e-01 2.809300000000000068e+02
1.487361864876869917e+09 1.426000000000000045e-01 2.809300000000000068e+02
1.487361864976202965e+09 1.424999999999999878e-01 2.809200000000000159e+02
1.487361865076303005e+09 1.426000000000000045e-01 2.809200000000000159e+02
1.487361865176311016e+09 1.426000000000000045e-01 2.809200000000000159e+02
1.487361865275331020e+09 1.424999999999999878e-01 2.809200000000000159e+02
1.487361865370244026e+09 1.424999999999999878e-01 2.809200000000000159e+02
1.487361865489406109e+09 1.426000000000000045e-01 2.809300000000000068e+02
1.487361865584127903e+09 1.426999999999999935e-01 2.809300000000000068e+02
1.487361865683809996e+09 1.424999999999999878e-01 2.809300000000000068e+02
1.487361865783549070e+09 1.428000000000000103e-01 2.809200000000000159e+02
1.487361865883337975e+09 1.426000000000000045e-01 2.809200000000000159e+02
1.487361865983093977e+09 1.426000000000000045e-01 2.809300000000000068e+02
1.487361866082860947e+09 1.426000000000000045e-01 2.809300000000000068e+02
1.487361866182653904e+09 1.426999999999999935e-01 2.809300000000000068e+02
1.487361866282372952e+09 1.426000000000000045e-01 2.809300000000000068e+02
1.487361866398787975e+09 1.426000000000000045e-01 2.809300000000000068e+02
1.487361866493942022e+09 1.426999999999999935e-01 2.809300000000000068e+02
1.487361866598216057e+09 1.428000000000000103e-01 2.809300000000000068e+02
1.487361866698082924e+09 1.426000000000000045e-01 2.809200000000000159e+02
1.487361866797849894e+09 1.426999999999999935e-01 2.809200000000000159e+02
1.487361866897097111e+09 1.426999999999999935e-01 2.809200000000000159e+02
1.487361866997060061e+09 1.426999999999999935e-01 2.809300000000000068e+02
1.487361867106631994e+09 1.426999999999999935e-01 2.809300000000000068e+02
1.487361867209877014e+09 1.426999999999999935e-01 2.809300000000000068e+02
1.487361867307118893e+09 1.426000000000000045e-01 2.809300000000000068e+02
1.487361867404650927e+09 1.426000000000000045e-01 2.809300000000000068e+02
1.487361867503590107e+09 1.426999999999999935e-01 2.809300000000000068e+02
1.487361867608652115e+09 1.426000000000000045e-01 2.809300000000000068e+02
1.487361867703319073e+09 1.426000000000000045e-01 2.809300000000000068e+02
1.487361867807537079e+09 1.426999999999999935e-01 2.809300000000000068e+02
1.487361867921582937e+09 1.426999999999999935e-01 2.809300000000000068e+02
1.487361868020979881e+09 1.428000000000000103e-01 2.809300000000000068e+02
1.487361868120956898e+09 1.426000000000000045e-01 2.809300000000000068e+02
1.487361868215610027e+09 1.426999999999999935e-01 2.809300000000000068e+02
1.487361868319078922e+09 1.426999999999999935e-01 2.809300000000000068e+02
1.487361868415283918e+09 1.426999999999999935e-01 2.809300000000000068e+02
1.487361868518893957e+09 1.426000000000000045e-01 2.809300000000000068e+02
1.487361868614204884e+09 1.426999999999999935e-01 2.809300000000000068e+02
1.487361868717012882e+09 1.426999999999999935e-01 2.809300000000000068e+02
1.487361868827827930e+09 1.426999999999999935e-01 2.809300000000000068e+02
1.487361868931790113e+09 1.426999999999999935e-01 2.809300000000000068e+02
1.487361869029741049e+09 1.426999999999999935e-01 2.809300000000000068e+02
1.487361869130764961e+09 1.426000000000000045e-01 2.809300000000000068e+02
1.487361869226021051e+09 1.424999999999999878e-01 2.809300000000000068e+02
1.487361869324686050e+09 1.426999999999999935e-01 2.809300000000000068e+02
1.487361869426531076e+09 1.424999999999999878e-01 2.809300000000000068e+02
1.487361869526760101e+09 1.426000000000000045e-01 2.809300000000000068e+02
1.487361869639697075e+09 1.426999999999999935e-01 2.809300000000000068e+02
1.487361869737740993e+09 1.426999999999999935e-01 2.809300000000000068e+02
1.487361869839545965e+09 1.426000000000000045e-01 2.809300000000000068e+02
1.487361869940337896e+09 1.426000000000000045e-01 2.809300000000000068e+02
1.487361870040117979e+09 1.426000000000000045e-01 2.809300000000000068e+02
1.487361870139843941e+09 1.426000000000000045e-01 2.809300000000000068e+02
1.487361870236468077e+09 1.426000000000000045e-01 2.809300000000000068e+02
1.487361870338813066e+09 1.426999999999999935e-01 2.809300000000000068e+02
1.487361870451512098e+09 1.428000000000000103e-01 2.809300000000000068e+02
1.487361870551515102e+09 1.426999999999999935e-01 2.809399999999999977e+02
1.487361870653882027e+09 1.426999999999999935e-01 2.809300000000000068e+02
1.487361870748543978e+09 1.426000000000000045e-01 2.809300000000000068e+02
1.487361870852217913e+09 1.426000000000000045e-01 2.809300000000000068e+02
1.487361870946218014e+09 1.426000000000000045e-01 2.809399999999999977e+02
1.487361871051345110e+09 1.426000000000000045e-01 2.809300000000000068e+02
1.487361871162257910e+09 1.426999999999999935e-01 2.809300000000000068e+02
1.487361871263871908e+09 1.424999999999999878e-01 2.809300000000000068e+02
1.487361871364825010e+09 1.426000000000000045e-01 2.809300000000000068e+02
1.487361871463439941e+09 1.426000000000000045e-01 2.809300000000000068e+02
1.487361871563651085e+09 1.426999999999999935e-01 2.809300000000000068e+02
1.487361871663666964e+09 1.426999999999999935e-01 2.809300000000000068e+02
1.487361871762619972e+09 1.426999999999999935e-01 2.809300000000000068e+02
1.487361871862548113e+09 1.426000000000000045e-01 2.809399999999999977e+02
1.487361871973104954e+09 1.424999999999999878e-01 2.809399999999999977e+02
1.487361872070789099e+09 1.424999999999999878e-01 2.809399999999999977e+02
1.487361872173645020e+09 1.426000000000000045e-01 2.809399999999999977e+02
1.487361872275666952e+09 1.426999999999999935e-01 2.809399999999999977e+02
1.487361872374558926e+09 1.426999999999999935e-01 2.809399999999999977e+02
1.487361872473396063e+09 1.426999999999999935e-01 2.809399999999999977e+02
1.487361872569551945e+09 1.428000000000000103e-01 2.809399999999999977e+02
1.487361872668570995e+09 1.428000000000000103e-01 2.809399999999999977e+02
1.487361872783592939e+09 1.426999999999999935e-01 2.809399999999999977e+02
1.487361872883291006e+09 1.426000000000000045e-01 2.809399999999999977e+02
1.487361872983067036e+09 1.426999999999999935e-01 2.809399999999999977e+02
1.487361873082732916e+09 1.426999999999999935e-01 2.809399999999999977e+02
1.487361873182600975e+09 1.428000000000000103e-01 2.809399999999999977e+02
1.487361873280503988e+09 1.426999999999999935e-01 2.809399999999999977e+02
1.487361873382143974e+09 1.426999999999999935e-01 2.809399999999999977e+02
1.487361873481923103e+09 1.426999999999999935e-01 2.809399999999999977e+02
1.487361873581651926e+09 1.426999999999999935e-01 2.809399999999999977e+02
1.487361873697412968e+09 1.426000000000000045e-01 2.809399999999999977e+02
1.487361873792639971e+09 1.426000000000000045e-01 2.809399999999999977e+02
1.487361873896454096e+09 1.426000000000000045e-01 2.809399999999999977e+02
1.487361873992605925e+09 1.426000000000000045e-01 2.809399999999999977e+02
1.487361874096456051e+09 1.424999999999999878e-01 2.809399999999999977e+02
1.487361874196314096e+09 1.424999999999999878e-01 2.809399999999999977e+02
1.487361874295519114e+09 1.424999999999999878e-01 2.809399999999999977e+02
1.487361874395395994e+09 1.426999999999999935e-01 2.809399999999999977e+02
1.487361874509562969e+09 1.426999999999999935e-01 2.809399999999999977e+02
1.487361874604120016e+09 1.426999999999999935e-01 2.809399999999999977e+02
1.487361874707956076e+09 1.426999999999999935e-01 2.809399999999999977e+02
1.487361874808466911e+09 1.426999999999999935e-01 2.809399999999999977e+02
1.487361874907568932e+09 1.426000000000000045e-01 2.809399999999999977e+02
1.487361875007373095e+09 1.428000000000000103e-01 2.809399999999999977e+02
1.487361875103082895e+09 1.428000000000000103e-01 2.809399999999999977e+02
1.487361875206417084e+09 1.426000000000000045e-01 2.809399999999999977e+02
1.487361875320210934e+09 1.426999999999999935e-01 2.809399999999999977e+02
1.487361875419460058e+09 1.428000000000000103e-01 2.809399999999999977e+02
1.487361875519244909e+09 1.424999999999999878e-01 2.809499999999999886e+02
1.487361875614253998e+09 1.428999999999999992e-01 2.809499999999999886e+02
1.487361875718223095e+09 1.426000000000000045e-01 2.809399999999999977e+02
1.487361875818216085e+09 1.426000000000000045e-01 2.809399999999999977e+02
1.487361875917373896e+09 1.426000000000000045e-01 2.809399999999999977e+02
1.487361876017362118e+09 1.426999999999999935e-01 2.809399999999999977e+02
1.487361876128500938e+09 1.426000000000000045e-01 2.809499999999999886e+02
1.487361876225311995e+09 1.426000000000000045e-01 2.809499999999999886e+02
1.487361876330202103e+09 1.426000000000000045e-01 2.809499999999999886e+02
1.487361876424869061e+09 1.426000000000000045e-01 2.809499999999999886e+02
1.487361876524615049e+09 1.426999999999999935e-01 2.809499999999999886e+02
1.487361876624459028e+09 1.426000000000000045e-01 2.809499999999999886e+02
1.487361876724145889e+09 1.426000000000000045e-01 2.809499999999999886e+02
1.487361876823913097e+09 1.426999999999999935e-01 2.809499999999999886e+02
1.487361876940311909e+09 1.428000000000000103e-01 2.809499999999999886e+02
1.487361877040071964e+09 1.426000000000000045e-01 2.809499999999999886e+02
1.487361877139671087e+09 1.426999999999999935e-01 2.809499999999999886e+02
1.487361877239701033e+09 1.428000000000000103e-01 2.809499999999999886e+02
1.487361877339675903e+09 1.426999999999999935e-01 2.809499999999999886e+02
1.487361877439124107e+09 1.426999999999999935e-01 2.809499999999999886e+02
1.487361877538880110e+09 1.426999999999999935e-01 2.809499999999999886e+02
1.487361877638679028e+09 1.426999999999999935e-01 2.809499999999999886e+02
1.487361877753098965e+09 1.426999999999999935e-01 2.809499999999999886e+02
1.487361877847875118e+09 1.428000000000000103e-01 2.809499999999999886e+02
1.487361877952168941e+09 1.426000000000000045e-01 2.809499999999999886e+02
1.487361878050313950e+09 1.426999999999999935e-01 2.809499999999999886e+02
1.487361878150755882e+09 1.426999999999999935e-01 2.809499999999999886e+02
1.487361878251070023e+09 1.426999999999999935e-01 2.809499999999999886e+02
1.487361878350251913e+09 1.426999999999999935e-01 2.809499999999999886e+02
1.487361878449630976e+09 1.426000000000000045e-01 2.809499999999999886e+02
1.487361878563987017e+09 1.426000000000000045e-01 2.809499999999999886e+02
1.487361878659383059e+09 1.428000000000000103e-01 2.809499999999999886e+02
1.487361878763178110e+09 1.426999999999999935e-01 2.809499999999999886e+02
1.487361878861892939e+09 1.426999999999999935e-01 2.809499999999999886e+02
1.487361878957153082e+09 1.426999999999999935e-01 2.809499999999999886e+02
1.487361879062092066e+09 1.426000000000000045e-01 2.809499999999999886e+02
1.487361879161138058e+09 1.426000000000000045e-01 2.809499999999999886e+02
1.487361879258744955e+09 1.426999999999999935e-01 2.809599999999999795e+02
1.487361879369848967e+09 1.426999999999999935e-01 2.809499999999999886e+02
1.487361879474098921e+09 1.426999999999999935e-01 2.809499999999999886e+02
1.487361879574192047e+09 1.426999999999999935e-01 2.809599999999999795e+02
1.487361879671381950e+09 1.426999999999999935e-01 2.809499999999999886e+02
1.487361879769187927e+09 1.426999999999999935e-01 2.809499999999999886e+02
1.487361879872545958e+09 1.428000000000000103e-01 2.809599999999999795e+02
1.487361879971873045e+09 1.426999999999999935e-01 2.809599999999999795e+02
1.487361880071701050e+09 1.428000000000000103e-01 2.809599999999999795e+02
1.487361880167256117e+09 1.424999999999999878e-01 2.809599999999999795e+02
1.487361880282313108e+09 1.426999999999999935e-01 2.809599999999999795e+02
1.487361880381340981e+09 1.426999999999999935e-01 2.809599999999999795e+02
1.487361880482048988e+09 1.426999999999999935e-01 2.809599999999999795e+02
1.487361880581585884e+09 1.426000000000000045e-01 2.809599999999999795e+02
1.487361880681356907e+09 1.426000000000000045e-01 2.809599999999999795e+02
1.487361880781100988e+09 1.426999999999999935e-01 2.809599999999999795e+02
1.487361880880615950e+09 1.426999999999999935e-01 2.809599999999999795e+02
1.487361880996855974e+09 1.426999999999999935e-01 2.809599999999999795e+02
1.487361881096790075e+09 1.426000000000000045e-01 2.809599999999999795e+02
1.487361881195992947e+09 1.426999999999999935e-01 2.809599999999999795e+02
1.487361881295347929e+09 1.426999999999999935e-01 2.809599999999999795e+02
1.487361881394928932e+09 1.426000000000000045e-01 2.809599999999999795e+02
1.487361881494780064e+09 1.426000000000000045e-01 2.809599999999999795e+02
1.487361881593950987e+09 1.428000000000000103e-01 2.809599999999999795e+02
1.487361881690865993e+09 1.428000000000000103e-01 2.809599999999999795e+02
1.487361881791218042e+09 1.428000000000000103e-01 2.809599999999999795e+02
1.487361881907749891e+09 1.428000000000000103e-01 2.809599999999999795e+02
1.487361882006812096e+09 1.426999999999999935e-01 2.809599999999999795e+02
1.487361882101919889e+09 1.426999999999999935e-01 2.809599999999999795e+02
1.487361882205686092e+09 1.426999999999999935e-01 2.809599999999999795e+02
1.487361882305655003e+09 1.428000000000000103e-01 2.809599999999999795e+02
1.487361882404625893e+09 1.428000000000000103e-01 2.809599999999999795e+02
1.487361882500629902e+09 1.426999999999999935e-01 2.809599999999999795e+02
1.487361882604787111e+09 1.426999999999999935e-01 2.809599999999999795e+02
1.487361882701164007e+09 1.426999999999999935e-01 2.809599999999999795e+02
1.487361882817642927e+09 1.426999999999999935e-01 2.809599999999999795e+02
1.487361882917773008e+09 1.426000000000000045e-01 2.809599999999999795e+02
1.487361883011535883e+09 1.426999999999999935e-01 2.809599999999999795e+02
1.487361883116640091e+09 1.426000000000000045e-01 2.809599999999999795e+02
1.487361883211972952e+09 1.426000000000000045e-01 2.809599999999999795e+02
1.487361883315670013e+09 1.426999999999999935e-01 2.809599999999999795e+02
1.487361883415533066e+09 1.428000000000000103e-01 2.809599999999999795e+02
1.487361883514797926e+09 1.428000000000000103e-01 2.809599999999999795e+02
1.487361883624249935e+09 1.428000000000000103e-01 2.809599999999999795e+02
1.487361883724030018e+09 1.426999999999999935e-01 2.809700000000000273e+02
1.487361883823848963e+09 1.428000000000000103e-01 2.809700000000000273e+02
1.487361883923585892e+09 1.426000000000000045e-01 2.809700000000000273e+02
1.487361884023353100e+09 1.428000000000000103e-01 2.809700000000000273e+02
1.487361884123131037e+09 1.426999999999999935e-01 2.809700000000000273e+02
1.487361884222589970e+09 1.428999999999999992e-01 2.809700000000000273e+02
1.487361884322648048e+09 1.426999999999999935e-01 2.809700000000000273e+02
1.487361884439038038e+09 1.426000000000000045e-01 2.809700000000000273e+02
1.487361884538809061e+09 1.426999999999999935e-01 2.809700000000000273e+02
1.487361884634946108e+09 1.428000000000000103e-01 2.809700000000000273e+02
1.487361884738329887e+09 1.426999999999999935e-01 2.809700000000000273e+02
1.487361884838094950e+09 1.426999999999999935e-01 2.809700000000000273e+02
1.487361884934676886e+09 1.426999999999999935e-01 2.809700000000000273e+02
1.487361885037611961e+09 1.426999999999999935e-01 2.809700000000000273e+02
1.487361885137389898e+09 1.426000000000000045e-01 2.809700000000000273e+02
1.487361885250003099e+09 1.426000000000000045e-01 2.809700000000000273e+02
1.487361885350590944e+09 1.426999999999999935e-01 2.809700000000000273e+02
1.487361885449347019e+09 1.426000000000000045e-01 2.809700000000000273e+02
1.487361885549524069e+09 1.426999999999999935e-01 2.809700000000000273e+02
1.487361885649414062e+09 1.426999999999999935e-01 2.809700000000000273e+02
1.487361885748322964e+09 1.426000000000000045e-01 2.809700000000000273e+02
1.487361885846971035e+09 1.426999999999999935e-01 2.809700000000000273e+02
1.487361885948322058e+09 1.426999999999999935e-01 2.809700000000000273e+02
1.487361886061476946e+09 1.428000000000000103e-01 2.809700000000000273e+02
1.487361886161290884e+09 1.426999999999999935e-01 2.809700000000000273e+02
1.487361886261465073e+09 1.428000000000000103e-01 2.809700000000000273e+02
1.487361886356473923e+09 1.426999999999999935e-01 2.809700000000000273e+02
1.487361886460197926e+09 1.428000000000000103e-01 2.809700000000000273e+02
1.487361886559465885e+09 1.426999999999999935e-01 2.809700000000000273e+02
1.487361886659295082e+09 1.426999999999999935e-01 2.809700000000000273e+02
1.487361886758800030e+09 1.426999999999999935e-01 2.809700000000000273e+02
1.487361886872416973e+09 1.426999999999999935e-01 2.809800000000000182e+02
1.487361886971798897e+09 1.426999999999999935e-01 2.809800000000000182e+02
1.487361887072360992e+09 1.426999999999999935e-01 2.809800000000000182e+02
1.487361887171267986e+09 1.428000000000000103e-01 2.809700000000000273e+02
1.487361887269464970e+09 1.426000000000000045e-01 2.809800000000000182e+02
1.487361887365400076e+09 1.426999999999999935e-01 2.809800000000000182e+02
1.487361887467128992e+09 1.426999999999999935e-01 2.809800000000000182e+02
1.487361887570560932e+09 1.424999999999999878e-01 2.809800000000000182e+02
1.487361887681349039e+09 1.426999999999999935e-01 2.809800000000000182e+02
1.487361887781073093e+09 1.426000000000000045e-01 2.809800000000000182e+02
1.487361887880774975e+09 1.426999999999999935e-01 2.809800000000000182e+02
1.487361887977348089e+09 1.426000000000000045e-01 2.809800000000000182e+02
1.487361888077318907e+09 1.426999999999999935e-01 2.809800000000000182e+02
1.487361888175921917e+09 1.426999999999999935e-01 2.809800000000000182e+02
1.487361888277595997e+09 1.426999999999999935e-01 2.809800000000000182e+02
1.487361888377178907e+09 1.426999999999999935e-01 2.809800000000000182e+02
1.487361888476759911e+09 1.426000000000000045e-01 2.809800000000000182e+02
1.487361888594225883e+09 1.426999999999999935e-01 2.809800000000000182e+02
1.487361888694096088e+09 1.428000000000000103e-01 2.809800000000000182e+02
1.487361888793217897e+09 1.426000000000000045e-01 2.809800000000000182e+02
1.487361888893064022e+09 1.426999999999999935e-01 2.809800000000000182e+02
1.487361888992309093e+09 1.428000000000000103e-01 2.809800000000000182e+02
1.487361889089099884e+09 1.426999999999999935e-01 2.809800000000000182e+02
1.487361889187339067e+09 1.426999999999999935e-01 2.809800000000000182e+02
1.487361889291414976e+09 1.428000000000000103e-01 2.809800000000000182e+02
1.487361889401287079e+09 1.426999999999999935e-01 2.809800000000000182e+02
1.487361889504977942e+09 1.426000000000000045e-01 2.809800000000000182e+02
1.487361889604130983e+09 1.426999999999999935e-01 2.809800000000000182e+02
1.487361889703346014e+09 1.426999999999999935e-01 2.809800000000000182e+02
1.487361889803293943e+09 1.426000000000000045e-01 2.809800000000000182e+02
1.487361889901077032e+09 1.426999999999999935e-01 2.809800000000000182e+02
1.487361889997967958e+09 1.426999999999999935e-01 2.809800000000000182e+02
1.487361890102039099e+09 1.426999999999999935e-01 2.809900000000000091e+02
1.487361890215873957e+09 1.426000000000000045e-01 2.809900000000000091e+02
1.487361890313041925e+09 1.426000000000000045e-01 2.809800000000000182e+02
1.487361890414839029e+09 1.426999999999999935e-01 2.809900000000000091e+02
1.487361890514909029e+09 1.428000000000000103e-01 2.809900000000000091e+02
1.487361890613662958e+09 1.426999999999999935e-01 2.809800000000000182e+02
1.487361890714015007e+09 1.426999999999999935e-01 2.809800000000000182e+02
1.487361890814137936e+09 1.428000000000000103e-01 2.809800000000000182e+02
1.487361890912369967e+09 1.428000000000000103e-01 2.809900000000000091e+02
1.487361891023330927e+09 1.428999999999999992e-01 2.809900000000000091e+02
1.487361891123095989e+09 1.426999999999999935e-01 2.809900000000000091e+02
1.487361891225528955e+09 1.428000000000000103e-01 2.809900000000000091e+02
1.487361891322603941e+09 1.428000000000000103e-01 2.809900000000000091e+02
1.487361891422369003e+09 1.428000000000000103e-01 2.809900000000000091e+02
1.487361891522171974e+09 1.426999999999999935e-01 2.809900000000000091e+02
1.487361891622194052e+09 1.426999999999999935e-01 2.809900000000000091e+02
1.487361891721685886e+09 1.426999999999999935e-01 2.809900000000000091e+02
1.487361891837982893e+09 1.426999999999999935e-01 2.809900000000000091e+02
1.487361891937669039e+09 1.426000000000000045e-01 2.809900000000000091e+02
1.487361892036747932e+09 1.426000000000000045e-01 2.809900000000000091e+02
1.487361892136703968e+09 1.426999999999999935e-01 2.809900000000000091e+02
1.487361892236265898e+09 1.426999999999999935e-01 2.809900000000000091e+02
1.487361892335727930e+09 1.428000000000000103e-01 2.809900000000000091e+02
1.487361892431915045e+09 1.426999999999999935e-01 2.809900000000000091e+02
1.487361892530360937e+09 1.428000000000000103e-01 2.809900000000000091e+02
1.487361892648705959e+09 1.428000000000000103e-01 2.809900000000000091e+02
1.487361892744848013e+09 1.426999999999999935e-01 2.809900000000000091e+02
1.487361892848813057e+09 1.428000000000000103e-01 2.809900000000000091e+02
1.487361892947175980e+09 1.426000000000000045e-01 2.809900000000000091e+02
1.487361893043901920e+09 1.428000000000000103e-01 2.809900000000000091e+02
1.487361893146665096e+09 1.428000000000000103e-01 2.809900000000000091e+02
1.487361893246594906e+09 1.426000000000000045e-01 2.809900000000000091e+02
1.487361893345725060e+09 1.426999999999999935e-01 2.809900000000000091e+02
1.487361893456971884e+09 1.426999999999999935e-01 2.809900000000000091e+02
1.487361893555764914e+09 1.428000000000000103e-01 2.809900000000000091e+02
1.487361893658480883e+09 1.426999999999999935e-01 2.809900000000000091e+02
1.487361893754973888e+09 1.426999999999999935e-01 2.809900000000000091e+02
1.487361893859030962e+09 1.426999999999999935e-01 2.809900000000000091e+02
1.487361893952656984e+09 1.426000000000000045e-01 2.809900000000000091e+02
1.487361894057651043e+09 1.428000000000000103e-01 2.809900000000000091e+02
1.487361894152539968e+09 1.426999999999999935e-01 2.810000000000000000e+02
1.487361894251501083e+09 1.426000000000000045e-01 2.810000000000000000e+02
1.487361894365669966e+09 1.426999999999999935e-01 2.810000000000000000e+02
1.487361894465095043e+09 1.426999999999999935e-01 2.810000000000000000e+02
1.487361894564853907e+09 1.426000000000000045e-01 2.810000000000000000e+02
1.487361894664628983e+09 1.426999999999999935e-01 2.810000000000000000e+02
1.487361894764288902e+09 1.426000000000000045e-01 2.810000000000000000e+02
1.487361894864147902e+09 1.428000000000000103e-01 2.810000000000000000e+02
1.487361894963915110e+09 1.428000000000000103e-01 2.810000000000000000e+02
1.487361895080311060e+09 1.428000000000000103e-01 2.810000000000000000e+02
1.487361895176618099e+09 1.426999999999999935e-01 2.810000000000000000e+02
1.487361895279839993e+09 1.426999999999999935e-01 2.810000000000000000e+02
1.487361895379628897e+09 1.428000000000000103e-01 2.810000000000000000e+02
1.487361895479367971e+09 1.426999999999999935e-01 2.810000000000000000e+02
1.487361895579133987e+09 1.426000000000000045e-01 2.810000000000000000e+02
1.487361895678906918e+09 1.426000000000000045e-01 2.810000000000000000e+02
1.487361895775918961e+09 1.428000000000000103e-01 2.810000000000000000e+02
1.487361895878376961e+09 1.426999999999999935e-01 2.810000000000000000e+02
1.487361895992607117e+09 1.426999999999999935e-01 2.810000000000000000e+02
1.487361896091612101e+09 1.426999999999999935e-01 2.810000000000000000e+02
1.487361896191416979e+09 1.426000000000000045e-01 2.810000000000000000e+02
1.487361896286746979e+09 1.428000000000000103e-01 2.810000000000000000e+02
1.487361896387856007e+09 1.426999999999999935e-01 2.810000000000000000e+02
1.487361896486344099e+09 1.426999999999999935e-01 2.810000000000000000e+02
1.487361896584460020e+09 1.426999999999999935e-01 2.810000000000000000e+02
1.487361896689234018e+09 1.426999999999999935e-01 2.810000000000000000e+02
