1.487359233595791101e+09 7.340999999999999748e-01 2.865899999999999750e+02
1.487359233685273886e+09 7.332999999999999519e-01 2.865899999999999750e+02
1.487359233785151958e+09 7.344000000000000528e-01 2.865899999999999750e+02
1.487359233878904104e+09 7.332999999999999519e-01 2.865899999999999750e+02
1.487359233981252909e+09 7.341999999999999638e-01 2.865899999999999750e+02
1.487359234083574057e+09 7.334000000000000519e-01 2.865899999999999750e+02
1.487359234183128119e+09 7.338000000000000078e-01 2.865899999999999750e+02
1.487359234283114910e+09 7.331999999999999629e-01 2.865899999999999750e+02
1.487359234397079945e+09 7.337000000000000188e-01 2.865899999999999750e+02
1.487359234493263960e+09 7.335000000000000409e-01 2.865899999999999750e+02
1.487359234591639996e+09 7.338000000000000078e-01 2.865899999999999750e+02
1.487359234691703081e+09 7.334000000000000519e-01 2.865899999999999750e+02
1.487359234791168928e+09 7.341999999999999638e-01 2.865899999999999750e+02
1.487359234890952110e+09 7.338000000000000078e-01 2.865899999999999750e+02
1.487359234993313074e+09 7.337000000000000188e-01 2.865899999999999750e+02
1.487359235090460062e+09 7.338000000000000078e-01 2.865899999999999750e+02
1.487359235206880093e+09 7.331999999999999629e-01 2.865899999999999750e+02
1.487359235306628942e+09 7.330999999999999739e-01 2.865899999999999750e+02
1.487359235406400919e+09 7.331999999999999629e-01 2.865899999999999750e+02
1.487359235504331112e+09 7.339999999999999858e-01 2.865899999999999750e+02
1.487359235605851889e+09 7.342999999999999527e-01 2.865899999999999750e+02
1.487359235700021029e+09 7.341999999999999638e-01 2.865899999999999750e+02
1.487359235805104017e+09 7.342999999999999527e-01 2.865899999999999750e+02
1.487359235901315928e+09 7.336000000000000298e-01 2.865899999999999750e+02
1.487359236003963947e+09 7.332999999999999519e-01 2.865899999999999750e+02
1.487359236117947102e+09 7.332999999999999519e-01 2.865899999999999750e+02
1.487359236217938900e+09 7.338000000000000078e-01 2.865899999999999750e+02
1.487359236316941977e+09 7.340999999999999748e-01 2.865899999999999750e+02
1.487359236417128086e+09 7.341999999999999638e-01 2.865899999999999750e+02
1.487359236515968084e+09 7.338999999999999968e-01 2.865899999999999750e+02
1.487359236615444899e+09 7.328000000000000069e-01 2.865899999999999750e+02
1.487359236715886116e+09 7.337000000000000188e-01 2.865899999999999750e+02
1.487359236814938068e+09 7.338000000000000078e-01 2.865899999999999750e+02
1.487359236926383972e+09 7.336000000000000298e-01 2.865899999999999750e+02
1.487359237024538040e+09 7.338000000000000078e-01 2.865899999999999750e+02
1.487359237127970934e+09 7.338999999999999968e-01 2.865899999999999750e+02
1.487359237225424051e+09 7.341999999999999638e-01 2.865799999999999841e+02
1.487359237326916933e+09 7.338999999999999968e-01 2.865799999999999841e+02
1.487359237427020073e+09 7.338999999999999968e-01 2.865799999999999841e+02
1.487359237526905060e+09 7.336000000000000298e-01 2.865799999999999841e+02
1.487359237625664949e+09 7.339999999999999858e-01 2.865799999999999841e+02
1.487359237739913940e+09 7.338999999999999968e-01 2.865799999999999841e+02
1.487359237839185953e+09 7.338999999999999968e-01 2.865799999999999841e+02
1.487359237938746929e+09 7.334000000000000519e-01 2.865799999999999841e+02
1.487359238038878918e+09 7.336000000000000298e-01 2.865799999999999841e+02
1.487359238138803959e+09 7.336000000000000298e-01 2.865799999999999841e+02
1.487359238232906103e+09 7.338999999999999968e-01 2.865799999999999841e+02
1.487359238332667112e+09 7.334000000000000519e-01 2.865799999999999841e+02
1.487359238432512999e+09 7.342999999999999527e-01 2.865799999999999841e+02
1.487359238547755957e+09 7.334000000000000519e-01 2.865799999999999841e+02
1.487359238648807049e+09 7.338999999999999968e-01 2.865799999999999841e+02
1.487359238746786118e+09 7.335000000000000409e-01 2.865799999999999841e+02
1.487359238849195004e+09 7.338999999999999968e-01 2.865799999999999841e+02
1.487359238947907925e+09 7.338000000000000078e-01 2.865799999999999841e+02
1.487359239047673941e+09 7.337000000000000188e-01 2.865799999999999841e+02
1.487359239145931959e+09 7.338000000000000078e-01 2.865799999999999841e+02
1.487359239245579958e+09 7.337000000000000188e-01 2.865799999999999841e+02
1.487359239358448029e+09 7.332999999999999519e-01 2.865799999999999841e+02
1.487359239459589005e+09 7.328999999999999959e-01 2.865799999999999841e+02
1.487359239558521986e+09 7.338000000000000078e-01 2.865799999999999841e+02
1.487359239659387112e+09 7.339999999999999858e-01 2.865799999999999841e+02
1.487359239760751963e+09 7.336000000000000298e-01 2.865799999999999841e+02
1.487359239858014107e+09 7.336000000000000298e-01 2.865799999999999841e+02
1.487359239959044933e+09 7.328000000000000069e-01 2.865799999999999841e+02
1.487359240059570074e+09 7.338000000000000078e-01 2.865799999999999841e+02
1.487359240172368050e+09 7.339999999999999858e-01 2.865799999999999841e+02
1.487359240272579908e+09 7.339999999999999858e-01 2.865799999999999841e+02
1.487359240372757912e+09 7.339999999999999858e-01 2.865799999999999841e+02
1.487359240471551895e+09 7.334000000000000519e-01 2.865799999999999841e+02
1.487359240571544886e+09 7.339999999999999858e-01 2.865799999999999841e+02
1.487359240670697927e+09 7.331999999999999629e-01 2.865699999999999932e+02
1.487359240770657063e+09 7.338000000000000078e-01 2.865799999999999841e+02
1.487359240870572090e+09 7.331999999999999629e-01 2.865699999999999932e+02
1.487359240983366966e+09 7.345000000000000417e-01 2.865699999999999932e+02
1.487359241083127975e+09 7.342999999999999527e-01 2.865699999999999932e+02
1.487359241183597088e+09 7.330999999999999739e-01 2.865699999999999932e+02
1.487359241282563925e+09 7.336000000000000298e-01 2.865699999999999932e+02
1.487359241382545948e+09 7.336000000000000298e-01 2.865699999999999932e+02
1.487359241481555939e+09 7.344000000000000528e-01 2.865699999999999932e+02
1.487359241581418037e+09 7.334000000000000519e-01 2.865699999999999932e+02
1.487359241681554079e+09 7.335000000000000409e-01 2.865699999999999932e+02
1.487359241780388117e+09 7.329999999999999849e-01 2.865699999999999932e+02
1.487359241890845060e+09 7.332999999999999519e-01 2.865799999999999841e+02
1.487359241993933916e+09 7.338000000000000078e-01 2.865799999999999841e+02
1.487359242090274096e+09 7.339999999999999858e-01 2.865699999999999932e+02
1.487359242190141916e+09 7.335000000000000409e-01 2.865699999999999932e+02
1.487359242287719011e+09 7.336000000000000298e-01 2.865699999999999932e+02
1.487359242389677048e+09 7.332999999999999519e-01 2.865699999999999932e+02
1.487359242488224983e+09 7.335000000000000409e-01 2.865699999999999932e+02
1.487359242589133024e+09 7.338999999999999968e-01 2.865699999999999932e+02
1.487359242705318928e+09 7.334000000000000519e-01 2.865699999999999932e+02
1.487359242802164078e+09 7.338000000000000078e-01 2.865699999999999932e+02
1.487359242904551983e+09 7.337000000000000188e-01 2.865699999999999932e+02
1.487359242999315977e+09 7.340999999999999748e-01 2.865699999999999932e+02
1.487359243103296041e+09 7.334000000000000519e-01 2.865699999999999932e+02
1.487359243203330040e+09 7.338000000000000078e-01 2.865699999999999932e+02
1.487359243299649000e+09 7.335000000000000409e-01 2.865699999999999932e+02
1.487359243416340113e+09 7.337000000000000188e-01 2.865699999999999932e+02
1.487359243514061928e+09 7.334000000000000519e-01 2.865699999999999932e+02
1.487359243616460085e+09 7.337000000000000188e-01 2.865699999999999932e+02
1.487359243715317011e+09 7.334000000000000519e-01 2.865699999999999932e+02
1.487359243811616898e+09 7.330999999999999739e-01 2.865699999999999932e+02
1.487359243913626909e+09 7.341999999999999638e-01 2.865699999999999932e+02
1.487359244014323950e+09 7.337000000000000188e-01 2.865699999999999932e+02
1.487359244111238003e+09 7.340999999999999748e-01 2.865699999999999932e+02
1.487359244213223934e+09 7.331999999999999629e-01 2.865699999999999932e+02
1.487359244323659897e+09 7.334000000000000519e-01 2.865699999999999932e+02
1.487359244426044941e+09 7.328000000000000069e-01 2.865699999999999932e+02
1.487359244526139021e+09 7.334000000000000519e-01 2.865699999999999932e+02
1.487359244626343012e+09 7.341999999999999638e-01 2.865699999999999932e+02
1.487359244726330042e+09 7.337000000000000188e-01 2.865699999999999932e+02
1.487359244825192928e+09 7.340999999999999748e-01 2.865699999999999932e+02
1.487359244925131083e+09 7.338000000000000078e-01 2.865699999999999932e+02
1.487359245024208069e+09 7.338999999999999968e-01 2.865699999999999932e+02
1.487359245133147001e+09 7.338999999999999968e-01 2.865699999999999932e+02
1.487359245238236904e+09 7.342999999999999527e-01 2.865699999999999932e+02
1.487359245332710028e+09 7.344000000000000528e-01 2.865699999999999932e+02
1.487359245432442904e+09 7.339999999999999858e-01 2.865699999999999932e+02
1.487359245532210112e+09 7.346000000000000307e-01 2.865699999999999932e+02
1.487359245631915092e+09 7.339999999999999858e-01 2.865699999999999932e+02
1.487359245731673956e+09 7.338000000000000078e-01 2.865699999999999932e+02
1.487359245831437111e+09 7.344000000000000528e-01 2.865699999999999932e+02
1.487359245944416046e+09 7.335000000000000409e-01 2.865699999999999932e+02
1.487359246047601938e+09 7.339999999999999858e-01 2.865699999999999932e+02
1.487359246143978119e+09 7.338000000000000078e-01 2.865699999999999932e+02
1.487359246247123003e+09 7.340999999999999748e-01 2.865699999999999932e+02
1.487359246346882105e+09 7.338000000000000078e-01 2.865699999999999932e+02
1.487359246446657896e+09 7.342999999999999527e-01 2.865699999999999932e+02
1.487359246546412945e+09 7.335000000000000409e-01 2.865699999999999932e+02
1.487359246646127939e+09 7.339999999999999858e-01 2.865699999999999932e+02
1.487359246760133982e+09 7.329999999999999849e-01 2.865699999999999932e+02
1.487359246855820894e+09 7.338999999999999968e-01 2.865699999999999932e+02
1.487359246959395885e+09 7.337000000000000188e-01 2.865699999999999932e+02
1.487359247058887005e+09 7.338999999999999968e-01 2.865699999999999932e+02
1.487359247158988953e+09 7.329999999999999849e-01 2.865699999999999932e+02
1.487359247257941961e+09 7.332999999999999519e-01 2.865699999999999932e+02
1.487359247358083010e+09 7.337000000000000188e-01 2.865699999999999932e+02
1.487359247452919960e+09 7.338000000000000078e-01 2.865699999999999932e+02
1.487359247556899071e+09 7.342999999999999527e-01 2.865699999999999932e+02
1.487359247670942068e+09 7.338999999999999968e-01 2.865699999999999932e+02
1.487359247769433022e+09 7.331999999999999629e-01 2.865699999999999932e+02
1.487359247869905949e+09 7.336000000000000298e-01 2.865699999999999932e+02
1.487359247969808102e+09 7.334000000000000519e-01 2.865699999999999932e+02
1.487359248068814993e+09 7.332999999999999519e-01 2.865699999999999932e+02
1.487359248165709972e+09 7.328999999999999959e-01 2.865699999999999932e+02
1.487359248267685890e+09 7.341999999999999638e-01 2.865699999999999932e+02
1.487359248381853104e+09 7.339999999999999858e-01 2.865699999999999932e+02
1.487359248481677055e+09 7.334000000000000519e-01 2.865699999999999932e+02
1.487359248577229977e+09 7.341999999999999638e-01 2.865699999999999932e+02
1.487359248676181078e+09 7.337000000000000188e-01 2.865699999999999932e+02
1.487359248780831099e+09 7.337000000000000188e-01 2.865699999999999932e+02
1.487359248879844904e+09 7.337000000000000188e-01 2.865699999999999932e+02
1.487359248979696035e+09 7.331999999999999629e-01 2.865699999999999932e+02
1.487359249078948021e+09 7.328999999999999959e-01 2.865699999999999932e+02
1.487359249178988934e+09 7.338000000000000078e-01 2.865699999999999932e+02
1.487359249289926052e+09 7.337000000000000188e-01 2.865699999999999932e+02
1.487359249389674902e+09 7.339999999999999858e-01 2.865699999999999932e+02
1.487359249489414930e+09 7.336000000000000298e-01 2.865699999999999932e+02
1.487359249589019060e+09 7.338999999999999968e-01 2.865699999999999932e+02
1.487359249688904047e+09 7.336000000000000298e-01 2.865699999999999932e+02
1.487359249788650990e+09 7.330999999999999739e-01 2.865699999999999932e+02
1.487359249888395071e+09 7.338000000000000078e-01 2.865699999999999932e+02
1.487359249988184929e+09 7.341999999999999638e-01 2.865699999999999932e+02
1.487359250087956905e+09 7.334000000000000519e-01 2.865699999999999932e+02
1.487359250202610016e+09 7.322999999999999510e-01 2.865699999999999932e+02
1.487359250302979946e+09 7.334000000000000519e-01 2.865699999999999932e+02
1.487359250402827978e+09 7.330999999999999739e-01 2.865699999999999932e+02
1.487359250501771927e+09 7.340999999999999748e-01 2.865699999999999932e+02
1.487359250601613998e+09 7.335000000000000409e-01 2.865699999999999932e+02
1.487359250701627970e+09 7.339999999999999858e-01 2.865699999999999932e+02
1.487359250800713062e+09 7.335000000000000409e-01 2.865699999999999932e+02
1.487359250900696039e+09 7.334000000000000519e-01 2.865699999999999932e+02
1.487359251014591932e+09 7.338000000000000078e-01 2.865699999999999932e+02
1.487359251113652945e+09 7.328000000000000069e-01 2.865699999999999932e+02
1.487359251213483095e+09 7.326000000000000290e-01 2.865699999999999932e+02
1.487359251309243917e+09 7.334000000000000519e-01 2.865699999999999932e+02
1.487359251412147999e+09 7.336000000000000298e-01 2.865699999999999932e+02
1.487359251512545109e+09 7.334000000000000519e-01 2.865699999999999932e+02
1.487359251611562014e+09 7.336000000000000298e-01 2.865699999999999932e+02
1.487359251711374044e+09 7.329999999999999849e-01 2.865699999999999932e+02
1.487359251825515032e+09 7.339999999999999858e-01 2.865699999999999932e+02
1.487359251924509048e+09 7.341999999999999638e-01 2.865699999999999932e+02
1.487359252024550915e+09 7.339999999999999858e-01 2.865699999999999932e+02
1.487359252123549938e+09 7.336000000000000298e-01 2.865699999999999932e+02
1.487359252223472118e+09 7.329999999999999849e-01 2.865699999999999932e+02
1.487359252323394060e+09 7.334000000000000519e-01 2.865699999999999932e+02
1.487359252422477007e+09 7.329999999999999849e-01 2.865699999999999932e+02
1.487359252522510052e+09 7.332999999999999519e-01 2.865699999999999932e+02
1.487359252631782055e+09 7.327000000000000179e-01 2.865699999999999932e+02
1.487359252731587887e+09 7.332999999999999519e-01 2.865699999999999932e+02
1.487359252831413031e+09 7.330999999999999739e-01 2.865699999999999932e+02
1.487359252931183100e+09 7.347000000000000197e-01 2.865699999999999932e+02
1.487359253031028986e+09 7.348000000000000087e-01 2.865699999999999932e+02
1.487359253130606890e+09 7.338000000000000078e-01 2.865699999999999932e+02
1.487359253230468035e+09 7.338999999999999968e-01 2.865699999999999932e+02
1.487359253330250978e+09 7.337000000000000188e-01 2.865699999999999932e+02
1.487359253446629047e+09 7.328000000000000069e-01 2.865699999999999932e+02
1.487359253546333075e+09 7.336000000000000298e-01 2.865699999999999932e+02
1.487359253642123938e+09 7.337000000000000188e-01 2.865699999999999932e+02
1.487359253744740963e+09 7.338000000000000078e-01 2.865699999999999932e+02
1.487359253845333099e+09 7.335000000000000409e-01 2.865699999999999932e+02
1.487359253945442915e+09 7.325000000000000400e-01 2.865699999999999932e+02
1.487359254044297934e+09 7.336000000000000298e-01 2.865699999999999932e+02
1.487359254144220114e+09 7.330999999999999739e-01 2.865699999999999932e+02
1.487359254256565094e+09 7.331999999999999629e-01 2.865699999999999932e+02
1.487359254353075981e+09 7.338000000000000078e-01 2.865699999999999932e+02
1.487359254454108000e+09 7.334000000000000519e-01 2.865699999999999932e+02
1.487359254555143118e+09 7.337000000000000188e-01 2.865699999999999932e+02
1.487359254656200886e+09 7.337000000000000188e-01 2.865699999999999932e+02
1.487359254752408981e+09 7.337000000000000188e-01 2.865699999999999932e+02
1.487359254855241060e+09 7.344000000000000528e-01 2.865699999999999932e+02
1.487359254954348087e+09 7.337000000000000188e-01 2.865699999999999932e+02
1.487359255069590092e+09 7.338000000000000078e-01 2.865699999999999932e+02
1.487359255168164015e+09 7.331999999999999629e-01 2.865699999999999932e+02
1.487359255267859936e+09 7.336000000000000298e-01 2.865699999999999932e+02
1.487359255367257118e+09 7.331999999999999629e-01 2.865699999999999932e+02
1.487359255467159986e+09 7.328999999999999959e-01 2.865699999999999932e+02
1.487359255566871881e+09 7.334000000000000519e-01 2.865699999999999932e+02
1.487359255666311979e+09 7.344000000000000528e-01 2.865699999999999932e+02
1.487359255766226053e+09 7.332999999999999519e-01 2.865699999999999932e+02
1.487359255861918926e+09 7.336000000000000298e-01 2.865799999999999841e+02
1.487359255979245901e+09 7.334000000000000519e-01 2.865799999999999841e+02
1.487359256079188108e+09 7.332999999999999519e-01 2.865699999999999932e+02
1.487359256173444033e+09 7.326000000000000290e-01 2.865699999999999932e+02
1.487359256273175001e+09 7.328000000000000069e-01 2.865699999999999932e+02
1.487359256378070116e+09 7.339999999999999858e-01 2.865699999999999932e+02
1.487359256472697973e+09 7.326000000000000290e-01 2.865699999999999932e+02
1.487359256572499037e+09 7.336000000000000298e-01 2.865699999999999932e+02
1.487359256672105074e+09 7.331999999999999629e-01 2.865699999999999932e+02
1.487359256788620949e+09 7.327000000000000179e-01 2.865699999999999932e+02
1.487359256887319088e+09 7.330999999999999739e-01 2.865699999999999932e+02
1.487359256988204002e+09 7.334000000000000519e-01 2.865799999999999841e+02
1.487359257086333990e+09 7.328999999999999959e-01 2.865699999999999932e+02
1.487359257187674046e+09 7.338999999999999968e-01 2.865699999999999932e+02
1.487359257287456989e+09 7.336000000000000298e-01 2.865799999999999841e+02
1.487359257387217999e+09 7.336000000000000298e-01 2.865799999999999841e+02
1.487359257502114058e+09 7.335000000000000409e-01 2.865799999999999841e+02
1.487359257600925922e+09 7.336000000000000298e-01 2.865799999999999841e+02
1.487359257701097012e+09 7.340999999999999748e-01 2.865799999999999841e+02
1.487359257801042080e+09 7.331999999999999629e-01 2.865799999999999841e+02
1.487359257896589994e+09 7.329999999999999849e-01 2.865799999999999841e+02
1.487359257994961977e+09 7.338999999999999968e-01 2.865799999999999841e+02
1.487359258098984957e+09 7.336000000000000298e-01 2.865799999999999841e+02
1.487359258194171906e+09 7.338000000000000078e-01 2.865799999999999841e+02
1.487359258298645020e+09 7.340999999999999748e-01 2.865799999999999841e+02
1.487359258411921024e+09 7.338000000000000078e-01 2.865799999999999841e+02
1.487359258511848927e+09 7.334000000000000519e-01 2.865799999999999841e+02
1.487359258611783028e+09 7.328000000000000069e-01 2.865799999999999841e+02
1.487359258709204912e+09 7.344000000000000528e-01 2.865799999999999841e+02
1.487359258810909986e+09 7.330999999999999739e-01 2.865799999999999841e+02
1.487359258909864902e+09 7.331999999999999629e-01 2.865799999999999841e+02
1.487359259009922028e+09 7.326000000000000290e-01 2.865799999999999841e+02
1.487359259110110044e+09 7.330999999999999739e-01 2.865799999999999841e+02
1.487359259223923922e+09 7.332999999999999519e-01 2.865799999999999841e+02
1.487359259321271896e+09 7.335000000000000409e-01 2.865799999999999841e+02
1.487359259422842026e+09 7.332999999999999519e-01 2.865799999999999841e+02
1.487359259518848896e+09 7.330999999999999739e-01 2.865799999999999841e+02
1.487359259620732069e+09 7.334000000000000519e-01 2.865799999999999841e+02
1.487359259720676899e+09 7.328000000000000069e-01 2.865799999999999841e+02
1.487359259820749044e+09 7.329999999999999849e-01 2.865799999999999841e+02
1.487359259920406103e+09 7.338000000000000078e-01 2.865799999999999841e+02
1.487359260030929089e+09 7.327000000000000179e-01 2.865799999999999841e+02
1.487359260130618095e+09 7.338999999999999968e-01 2.865799999999999841e+02
1.487359260229192972e+09 7.332999999999999519e-01 2.865799999999999841e+02
1.487359260330495119e+09 7.330999999999999739e-01 2.865799999999999841e+02
1.487359260429924011e+09 7.340999999999999748e-01 2.865799999999999841e+02
1.487359260529680967e+09 7.329999999999999849e-01 2.865799999999999841e+02
1.487359260628335953e+09 7.326000000000000290e-01 2.865799999999999841e+02
1.487359260729212999e+09 7.329999999999999849e-01 2.865799999999999841e+02
1.487359260840801001e+09 7.331999999999999629e-01 2.865799999999999841e+02
1.487359260944766998e+09 7.341999999999999638e-01 2.865799999999999841e+02
1.487359261040069103e+09 7.330999999999999739e-01 2.865799999999999841e+02
1.487359261141020060e+09 7.338000000000000078e-01 2.865799999999999841e+02
1.487359261243544102e+09 7.331999999999999629e-01 2.865799999999999841e+02
1.487359261342873096e+09 7.337000000000000188e-01 2.865799999999999841e+02
1.487359261442681074e+09 7.334000000000000519e-01 2.865799999999999841e+02
1.487359261541215897e+09 7.332999999999999519e-01 2.865799999999999841e+02
1.487359261641604900e+09 7.330999999999999739e-01 2.865799999999999841e+02
1.487359261755609035e+09 7.337000000000000188e-01 2.865799999999999841e+02
1.487359261855611086e+09 7.328000000000000069e-01 2.865799999999999841e+02
1.487359261954776049e+09 7.335000000000000409e-01 2.865799999999999841e+02
1.487359262054559946e+09 7.335000000000000409e-01 2.865799999999999841e+02
1.487359262153621912e+09 7.335000000000000409e-01 2.865799999999999841e+02
1.487359262253537893e+09 7.336000000000000298e-01 2.865799999999999841e+02
1.487359262353437901e+09 7.327000000000000179e-01 2.865799999999999841e+02
1.487359262467658997e+09 7.331999999999999629e-01 2.865799999999999841e+02
1.487359262562704086e+09 7.330999999999999739e-01 2.865799999999999841e+02
1.487359262666785002e+09 7.335000000000000409e-01 2.865799999999999841e+02
1.487359262765393019e+09 7.335000000000000409e-01 2.865799999999999841e+02
1.487359262865564108e+09 7.335000000000000409e-01 2.865799999999999841e+02
1.487359262960469007e+09 7.336000000000000298e-01 2.865799999999999841e+02
1.487359263063096046e+09 7.336000000000000298e-01 2.865799999999999841e+02
1.487359263164488077e+09 7.334000000000000519e-01 2.865799999999999841e+02
1.487359263261924982e+09 7.328999999999999959e-01 2.865799999999999841e+02
1.487359263372814894e+09 7.338999999999999968e-01 2.865799999999999841e+02
1.487359263472475052e+09 7.327000000000000179e-01 2.865799999999999841e+02
1.487359263574945927e+09 7.328000000000000069e-01 2.865799999999999841e+02
1.487359263672249079e+09 7.321999999999999620e-01 2.865799999999999841e+02
1.487359263771927118e+09 7.327000000000000179e-01 2.865799999999999841e+02
1.487359263871587038e+09 7.338000000000000078e-01 2.865799999999999841e+02
1.487359263975202084e+09 7.318999999999999950e-01 2.865799999999999841e+02
1.487359264071232080e+09 7.336000000000000298e-01 2.865799999999999841e+02
1.487359264170484066e+09 7.334000000000000519e-01 2.865799999999999841e+02
1.487359264283746958e+09 7.332999999999999519e-01 2.865799999999999841e+02
1.487359264387208939e+09 7.334000000000000519e-01 2.865799999999999841e+02
1.487359264486905098e+09 7.327000000000000179e-01 2.865799999999999841e+02
1.487359264583906889e+09 7.329999999999999849e-01 2.865799999999999841e+02
1.487359264686256886e+09 7.336000000000000298e-01 2.865799999999999841e+02
1.487359264786190033e+09 7.328000000000000069e-01 2.865799999999999841e+02
1.487359264885490894e+09 7.324000000000000510e-01 2.865799999999999841e+02
1.487359264985270977e+09 7.341999999999999638e-01 2.865799999999999841e+02
1.487359265096148014e+09 7.332999999999999519e-01 2.865799999999999841e+02
1.487359265199306965e+09 7.328999999999999959e-01 2.865799999999999841e+02
1.487359265298381090e+09 7.335000000000000409e-01 2.865799999999999841e+02
1.487359265398365974e+09 7.334000000000000519e-01 2.865799999999999841e+02
1.487359265493331909e+09 7.336000000000000298e-01 2.865799999999999841e+02
1.487359265597129107e+09 7.328000000000000069e-01 2.865799999999999841e+02
1.487359265697405100e+09 7.327000000000000179e-01 2.865799999999999841e+02
1.487359265796243906e+09 7.328000000000000069e-01 2.865799999999999841e+02
1.487359265910164118e+09 7.338999999999999968e-01 2.865799999999999841e+02
1.487359266004884005e+09 7.327000000000000179e-01 2.865799999999999841e+02
1.487359266105022907e+09 7.335000000000000409e-01 2.865799999999999841e+02
1.487359266208931923e+09 7.329999999999999849e-01 2.865799999999999841e+02
1.487359266304542065e+09 7.334000000000000519e-01 2.865799999999999841e+02
1.487359266408036947e+09 7.337000000000000188e-01 2.865799999999999841e+02
1.487359266504532099e+09 7.326000000000000290e-01 2.865799999999999841e+02
1.487359266602219105e+09 7.328999999999999959e-01 2.865799999999999841e+02
1.487359266720237970e+09 7.334000000000000519e-01 2.865799999999999841e+02
1.487359266820640087e+09 7.337000000000000188e-01 2.865799999999999841e+02
1.487359266914923906e+09 7.331999999999999629e-01 2.865799999999999841e+02
1.487359267020159006e+09 7.339999999999999858e-01 2.865799999999999841e+02
1.487359267114368916e+09 7.336000000000000298e-01 2.865799999999999841e+02
1.487359267219110012e+09 7.339999999999999858e-01 2.865799999999999841e+02
1.487359267318845987e+09 7.331999999999999629e-01 2.865899999999999750e+02
1.487359267418251038e+09 7.330999999999999739e-01 2.865799999999999841e+02
1.487359267529628992e+09 7.329999999999999849e-01 2.865799999999999841e+02
1.487359267629367113e+09 7.336000000000000298e-01 2.865799999999999841e+02
1.487359267725977898e+09 7.337000000000000188e-01 2.865899999999999750e+02
1.487359267828977108e+09 7.334000000000000519e-01 2.865799999999999841e+02
1.487359267928647995e+09 7.334000000000000519e-01 2.865799999999999841e+02
1.487359268028759956e+09 7.326000000000000290e-01 2.865899999999999750e+02
1.487359268128062963e+09 7.328999999999999959e-01 2.865899999999999750e+02
1.487359268227977037e+09 7.338000000000000078e-01 2.865899999999999750e+02
1.487359268338382006e+09 7.332999999999999519e-01 2.865899999999999750e+02
1.487359268443161011e+09 7.335000000000000409e-01 2.865899999999999750e+02
1.487359268542180061e+09 7.334000000000000519e-01 2.865899999999999750e+02
1.487359268641932011e+09 7.332999999999999519e-01 2.865899999999999750e+02
1.487359268741964102e+09 7.330999999999999739e-01 2.865899999999999750e+02
1.487359268840944052e+09 7.328000000000000069e-01 2.865899999999999750e+02
1.487359268940911055e+09 7.329999999999999849e-01 2.865899999999999750e+02
1.487359269035962105e+09 7.331999999999999629e-01 2.865899999999999750e+02
1.487359269149983883e+09 7.338999999999999968e-01 2.865899999999999750e+02
1.487359269254089117e+09 7.328999999999999959e-01 2.865899999999999750e+02
1.487359269348216057e+09 7.328999999999999959e-01 2.865899999999999750e+02
1.487359269453057051e+09 7.327000000000000179e-01 2.865899999999999750e+02
1.487359269552917957e+09 7.328000000000000069e-01 2.865799999999999841e+02
1.487359269651949883e+09 7.337000000000000188e-01 2.865799999999999841e+02
1.487359269751811981e+09 7.329999999999999849e-01 2.865899999999999750e+02
1.487359269850797892e+09 7.330999999999999739e-01 2.865899999999999750e+02
1.487359269951021910e+09 7.332999999999999519e-01 2.865899999999999750e+02
1.487359270064783096e+09 7.330999999999999739e-01 2.865899999999999750e+02
1.487359270163856030e+09 7.328999999999999959e-01 2.865899999999999750e+02
1.487359270263976097e+09 7.328999999999999959e-01 2.865899999999999750e+02
1.487359270363794088e+09 7.328999999999999959e-01 2.865899999999999750e+02
1.487359270458621025e+09 7.324000000000000510e-01 2.865899999999999750e+02
1.487359270560954094e+09 7.330999999999999739e-01 2.865899999999999750e+02
1.487359270660676956e+09 7.328999999999999959e-01 2.865899999999999750e+02
1.487359270761800051e+09 7.328000000000000069e-01 2.865899999999999750e+02
1.487359270872507095e+09 7.325000000000000400e-01 2.865899999999999750e+02
1.487359270971508980e+09 7.330999999999999739e-01 2.865899999999999750e+02
1.487359271071183920e+09 7.326000000000000290e-01 2.865899999999999750e+02
1.487359271170949936e+09 7.329999999999999849e-01 2.865899999999999750e+02
1.487359271270709038e+09 7.330999999999999739e-01 2.865899999999999750e+02
1.487359271370378017e+09 7.334000000000000519e-01 2.865899999999999750e+02
1.487359271470218897e+09 7.327000000000000179e-01 2.865899999999999750e+02
1.487359271584108114e+09 7.334000000000000519e-01 2.865899999999999750e+02
1.487359271684854984e+09 7.331999999999999629e-01 2.865899999999999750e+02
1.487359271782314062e+09 7.331999999999999629e-01 2.865899999999999750e+02
1.487359271885741949e+09 7.330999999999999739e-01 2.865899999999999750e+02
1.487359271980889082e+09 7.330999999999999739e-01 2.865899999999999750e+02
1.487359272083683968e+09 7.331999999999999629e-01 2.865899999999999750e+02
1.487359272183412075e+09 7.336000000000000298e-01 2.865899999999999750e+02
1.487359272283550978e+09 7.327000000000000179e-01 2.865899999999999750e+02
1.487359272381424904e+09 7.328999999999999959e-01 2.865899999999999750e+02
1.487359272493212938e+09 7.332999999999999519e-01 2.865899999999999750e+02
1.487359272596720934e+09 7.328999999999999959e-01 2.865899999999999750e+02
1.487359272696685076e+09 7.331999999999999629e-01 2.865899999999999750e+02
1.487359272794446945e+09 7.328999999999999959e-01 2.865899999999999750e+02
1.487359272892899990e+09 7.329999999999999849e-01 2.865899999999999750e+02
1.487359272994000912e+09 7.319999999999999840e-01 2.865899999999999750e+02
1.487359273091581106e+09 7.339999999999999858e-01 2.865899999999999750e+02
1.487359273193892956e+09 7.327000000000000179e-01 2.865899999999999750e+02
1.487359273308294058e+09 7.329999999999999849e-01 2.865899999999999750e+02
1.487359273405447006e+09 7.328000000000000069e-01 2.865899999999999750e+02
1.487359273503171921e+09 7.327000000000000179e-01 2.865899999999999750e+02
1.487359273607618093e+09 7.334000000000000519e-01 2.865899999999999750e+02
1.487359273706676006e+09 7.336000000000000298e-01 2.865899999999999750e+02
1.487359273803299904e+09 7.331999999999999629e-01 2.865899999999999750e+02
1.487359273905491114e+09 7.325000000000000400e-01 2.865899999999999750e+02
1.487359274001441956e+09 7.325000000000000400e-01 2.865899999999999750e+02
1.487359274119563103e+09 7.330999999999999739e-01 2.865899999999999750e+02
1.487359274213679075e+09 7.322999999999999510e-01 2.865899999999999750e+02
1.487359274318423033e+09 7.329999999999999849e-01 2.865899999999999750e+02
1.487359274418566942e+09 7.332999999999999519e-01 2.865899999999999750e+02
1.487359274512969017e+09 7.329999999999999849e-01 2.865899999999999750e+02
1.487359274612709045e+09 7.328000000000000069e-01 2.865899999999999750e+02
1.487359274717608929e+09 7.336000000000000298e-01 2.865899999999999750e+02
1.487359274812238932e+09 7.328000000000000069e-01 2.865899999999999750e+02
1.487359274928632021e+09 7.330999999999999739e-01 2.865899999999999750e+02
1.487359275028759956e+09 7.326000000000000290e-01 2.865899999999999750e+02
1.487359275127295017e+09 7.336000000000000298e-01 2.865899999999999750e+02
1.487359275227924109e+09 7.324000000000000510e-01 2.865899999999999750e+02
1.487359275327687979e+09 7.328999999999999959e-01 2.865899999999999750e+02
1.487359275427458048e+09 7.328000000000000069e-01 2.865899999999999750e+02
1.487359275527215004e+09 7.334000000000000519e-01 2.865899999999999750e+02
1.487359275626921892e+09 7.326000000000000290e-01 2.865899999999999750e+02
1.487359275726689100e+09 7.332999999999999519e-01 2.865899999999999750e+02
1.487359275841259003e+09 7.325000000000000400e-01 2.865899999999999750e+02
1.487359275940295935e+09 7.328000000000000069e-01 2.865899999999999750e+02
1.487359276040292025e+09 7.340999999999999748e-01 2.865899999999999750e+02
1.487359276135270119e+09 7.337000000000000188e-01 2.865899999999999750e+02
1.487359276239455938e+09 7.329999999999999849e-01 2.865899999999999750e+02
1.487359276339023113e+09 7.329999999999999849e-01 2.865899999999999750e+02
1.487359276438473940e+09 7.327000000000000179e-01 2.865899999999999750e+02
1.487359276552170038e+09 7.327000000000000179e-01 2.865899999999999750e+02
1.487359276652365923e+09 7.325000000000000400e-01 2.865899999999999750e+02
1.487359276751323938e+09 7.336000000000000298e-01 2.865899999999999750e+02
1.487359276851279020e+09 7.329999999999999849e-01 2.865899999999999750e+02
1.487359276950114965e+09 7.328999999999999959e-01 2.865899999999999750e+02
1.487359277050172091e+09 7.332999999999999519e-01 2.865899999999999750e+02
1.487359277150165081e+09 7.324000000000000510e-01 2.865899999999999750e+02
1.487359277249239922e+09 7.328999999999999959e-01 2.865899999999999750e+02
1.487359277349236012e+09 7.334000000000000519e-01 2.865899999999999750e+02
1.487359277458375931e+09 7.334000000000000519e-01 2.865899999999999750e+02
1.487359277562060118e+09 7.325000000000000400e-01 2.865899999999999750e+02
1.487359277662130117e+09 7.328999999999999959e-01 2.865899999999999750e+02
1.487359277761061907e+09 7.331999999999999629e-01 2.865899999999999750e+02
1.487359277860780001e+09 7.336000000000000298e-01 2.865899999999999750e+02
1.487359277958319902e+09 7.330999999999999739e-01 2.865899999999999750e+02
1.487359278060101032e+09 7.328000000000000069e-01 2.865899999999999750e+02
1.487359278160171032e+09 7.330999999999999739e-01 2.865899999999999750e+02
1.487359278259095907e+09 7.331999999999999629e-01 2.865899999999999750e+02
1.487359278370320082e+09 7.330999999999999739e-01 2.865899999999999750e+02
1.487359278470163107e+09 7.330999999999999739e-01 2.865899999999999750e+02
1.487359278569921970e+09 7.332999999999999519e-01 2.865899999999999750e+02
1.487359278669703960e+09 7.338000000000000078e-01 2.865899999999999750e+02
1.487359278769459009e+09 7.336000000000000298e-01 2.865899999999999750e+02
1.487359278868731976e+09 7.338000000000000078e-01 2.865899999999999750e+02
1.487359278969007969e+09 7.328000000000000069e-01 2.865899999999999750e+02
1.487359279068747997e+09 7.328999999999999959e-01 2.865899999999999750e+02
1.487359279183479071e+09 7.328000000000000069e-01 2.865899999999999750e+02
1.487359279279865026e+09 7.332999999999999519e-01 2.865899999999999750e+02
1.487359279383145094e+09 7.324000000000000510e-01 2.865899999999999750e+02
1.487359279482907057e+09 7.328000000000000069e-01 2.865899999999999750e+02
1.487359279583077908e+09 7.331999999999999629e-01 2.865899999999999750e+02
1.487359279682007074e+09 7.327000000000000179e-01 2.865899999999999750e+02
1.487359279781867981e+09 7.328000000000000069e-01 2.865899999999999750e+02
1.487359279878431082e+09 7.338999999999999968e-01 2.865899999999999750e+02
1.487359279992650986e+09 7.330999999999999739e-01 2.865899999999999750e+02
1.487359280094851017e+09 7.328999999999999959e-01 2.865899999999999750e+02
1.487359280194039106e+09 7.330999999999999739e-01 2.865899999999999750e+02
1.487359280293867111e+09 7.324000000000000510e-01 2.865899999999999750e+02
1.487359280393790960e+09 7.330999999999999739e-01 2.865899999999999750e+02
1.487359280491914034e+09 7.325000000000000400e-01 2.865899999999999750e+02
1.487359280592786074e+09 7.325000000000000400e-01 2.865899999999999750e+02
1.487359280692878008e+09 7.330999999999999739e-01 2.865899999999999750e+02
1.487359280803056955e+09 7.328999999999999959e-01 2.865899999999999750e+02
1.487359280905839920e+09 7.330999999999999739e-01 2.865899999999999750e+02
1.487359281001271963e+09 7.322999999999999510e-01 2.865899999999999750e+02
1.487359281104880095e+09 7.329999999999999849e-01 2.865899999999999750e+02
1.487359281204952002e+09 7.331999999999999629e-01 2.865899999999999750e+02
1.487359281301966906e+09 7.327000000000000179e-01 2.865899999999999750e+02
1.487359281403283119e+09 7.338999999999999968e-01 2.865899999999999750e+02
1.487359281512864113e+09 7.328000000000000069e-01 2.865899999999999750e+02
1.487359281612641096e+09 7.332999999999999519e-01 2.865899999999999750e+02
1.487359281712532997e+09 7.329999999999999849e-01 2.865899999999999750e+02
1.487359281812145948e+09 7.331999999999999629e-01 2.865899999999999750e+02
1.487359281911920071e+09 7.336000000000000298e-01 2.865899999999999750e+02
1.487359282011709929e+09 7.329999999999999849e-01 2.865899999999999750e+02
1.487359282111181974e+09 7.322999999999999510e-01 2.865899999999999750e+02
1.487359282211215973e+09 7.331999999999999629e-01 2.865899999999999750e+02
1.487359282309716940e+09 7.330999999999999739e-01 2.865899999999999750e+02
1.487359282427370071e+09 7.334000000000000519e-01 2.865899999999999750e+02
1.487359282527132988e+09 7.328000000000000069e-01 2.865899999999999750e+02
1.487359282623955965e+09 7.326000000000000290e-01 2.865899999999999750e+02
1.487359282724049091e+09 7.330999999999999739e-01 2.865899999999999750e+02
1.487359282826467037e+09 7.329999999999999849e-01 2.865899999999999750e+02
1.487359282925700903e+09 7.327000000000000179e-01 2.865899999999999750e+02
1.487359283025943995e+09 7.327000000000000179e-01 2.865899999999999750e+02
1.487359283125653028e+09 7.326000000000000290e-01 2.865899999999999750e+02
1.487359283224667072e+09 7.324000000000000510e-01 2.865899999999999750e+02
1.487359283338514090e+09 7.329999999999999849e-01 2.865899999999999750e+02
1.487359283438699961e+09 7.334000000000000519e-01 2.865899999999999750e+02
1.487359283537666082e+09 7.328999999999999959e-01 2.865899999999999750e+02
1.487359283637532949e+09 7.320999999999999730e-01 2.865899999999999750e+02
1.487359283736596107e+09 7.324000000000000510e-01 2.865899999999999750e+02
1.487359283836694002e+09 7.322999999999999510e-01 2.865899999999999750e+02
1.487359283936523914e+09 7.322999999999999510e-01 2.865899999999999750e+02
1.487359284035764933e+09 7.330999999999999739e-01 2.865899999999999750e+02
1.487359284146855116e+09 7.338999999999999968e-01 2.865899999999999750e+02
1.487359284249768972e+09 7.326000000000000290e-01 2.865899999999999750e+02
1.487359284348534107e+09 7.335000000000000409e-01 2.865899999999999750e+02
1.487359284448664904e+09 7.329999999999999849e-01 2.865899999999999750e+02
1.487359284547487974e+09 7.331999999999999629e-01 2.865899999999999750e+02
1.487359284646769047e+09 7.328000000000000069e-01 2.865899999999999750e+02
1.487359284747647047e+09 7.330999999999999739e-01 2.865899999999999750e+02
1.487359284845612049e+09 7.324000000000000510e-01 2.865899999999999750e+02
1.487359284958159924e+09 7.334000000000000519e-01 2.865899999999999750e+02
1.487359285060359955e+09 7.322999999999999510e-01 2.865899999999999750e+02
1.487359285157898903e+09 7.328000000000000069e-01 2.865899999999999750e+02
1.487359285256539106e+09 7.322999999999999510e-01 2.865899999999999750e+02
1.487359285353705883e+09 7.322999999999999510e-01 2.865899999999999750e+02
1.487359285458122969e+09 7.322999999999999510e-01 2.865899999999999750e+02
1.487359285558577061e+09 7.325000000000000400e-01 2.865899999999999750e+02
1.487359285652975082e+09 7.330999999999999739e-01 2.865899999999999750e+02
1.487359285769386053e+09 7.330999999999999739e-01 2.865899999999999750e+02
1.487359285869162083e+09 7.335000000000000409e-01 2.865899999999999750e+02
1.487359285968897104e+09 7.328000000000000069e-01 2.865899999999999750e+02
1.487359286068662882e+09 7.327000000000000179e-01 2.865899999999999750e+02
1.487359286168440104e+09 7.338000000000000078e-01 2.865899999999999750e+02
1.487359286268207073e+09 7.336000000000000298e-01 2.865899999999999750e+02
1.487359286367959023e+09 7.326000000000000290e-01 2.865899999999999750e+02
1.487359286467737913e+09 7.328000000000000069e-01 2.865899999999999750e+02
1.487359286582448959e+09 7.328000000000000069e-01 2.865899999999999750e+02
1.487359286682507992e+09 7.331999999999999629e-01 2.865899999999999750e+02
1.487359286782263994e+09 7.330999999999999739e-01 2.865899999999999750e+02
1.487359286881444931e+09 7.330999999999999739e-01 2.865899999999999750e+02
1.487359286977138996e+09 7.332999999999999519e-01 2.865899999999999750e+02
1.487359287076514959e+09 7.337000000000000188e-01 2.865899999999999750e+02
1.487359287180274010e+09 7.329999999999999849e-01 2.865899999999999750e+02
1.487359287279288054e+09 7.326000000000000290e-01 2.865899999999999750e+02
1.487359287393362045e+09 7.321999999999999620e-01 2.865899999999999750e+02
1.487359287492259979e+09 7.324000000000000510e-01 2.865899999999999750e+02
1.487359287592334032e+09 7.328999999999999959e-01 2.865899999999999750e+02
1.487359287692143917e+09 7.334000000000000519e-01 2.865899999999999750e+02
1.487359287792242050e+09 7.329999999999999849e-01 2.865899999999999750e+02
1.487359287890050888e+09 7.326000000000000290e-01 2.865899999999999750e+02
1.487359287991287947e+09 7.329999999999999849e-01 2.865899999999999750e+02
1.487359288090120077e+09 7.330999999999999739e-01 2.865899999999999750e+02
1.487359288203988075e+09 7.334000000000000519e-01 2.865899999999999750e+02
1.487359288301691055e+09 7.327000000000000179e-01 2.865899999999999750e+02
1.487359288404298067e+09 7.326000000000000290e-01 2.865899999999999750e+02
1.487359288499845982e+09 7.325000000000000400e-01 2.865899999999999750e+02
1.487359288603113890e+09 7.324000000000000510e-01 2.865899999999999750e+02
1.487359288702177048e+09 7.331999999999999629e-01 2.865899999999999750e+02
1.487359288800549030e+09 7.331999999999999629e-01 2.865899999999999750e+02
1.487359288911936998e+09 7.327000000000000179e-01 2.865899999999999750e+02
1.487359289011697054e+09 7.328999999999999959e-01 2.865899999999999750e+02
1.487359289111424923e+09 7.324000000000000510e-01 2.865899999999999750e+02
1.487359289211179018e+09 7.322999999999999510e-01 2.865899999999999750e+02
1.487359289310964108e+09 7.328999999999999959e-01 2.865899999999999750e+02
1.487359289410718918e+09 7.330999999999999739e-01 2.865899999999999750e+02
1.487359289510420084e+09 7.328000000000000069e-01 2.865899999999999750e+02
1.487359289610090971e+09 7.329999999999999849e-01 2.865899999999999750e+02
1.487359289726612091e+09 7.329999999999999849e-01 2.865899999999999750e+02
1.487359289826037884e+09 7.335000000000000409e-01 2.865899999999999750e+02
1.487359289925945997e+09 7.329999999999999849e-01 2.865899999999999750e+02
1.487359290025597095e+09 7.326000000000000290e-01 2.865899999999999750e+02
1.487359290125122070e+09 7.324000000000000510e-01 2.865899999999999750e+02
1.487359290225104094e+09 7.328000000000000069e-01 2.865899999999999750e+02
1.487359290323942900e+09 7.322999999999999510e-01 2.865899999999999750e+02
1.487359290423890114e+09 7.324000000000000510e-01 2.865899999999999750e+02
1.487359290536108017e+09 7.330999999999999739e-01 2.865899999999999750e+02
1.487359290637022972e+09 7.319999999999999840e-01 2.865899999999999750e+02
1.487359290737106085e+09 7.328000000000000069e-01 2.865899999999999750e+02
1.487359290836888075e+09 7.328000000000000069e-01 2.865899999999999750e+02
1.487359290935951948e+09 7.328000000000000069e-01 2.865899999999999750e+02
1.487359291035873890e+09 7.329999999999999849e-01 2.865899999999999750e+02
1.487359291131998062e+09 7.324000000000000510e-01 2.865899999999999750e+02
1.487359291234972954e+09 7.328000000000000069e-01 2.865899999999999750e+02
1.487359291334019899e+09 7.335000000000000409e-01 2.866000000000000227e+02
1.487359291447913885e+09 7.326000000000000290e-01 2.865899999999999750e+02
1.487359291547569036e+09 7.328999999999999959e-01 2.865899999999999750e+02
1.487359291647867918e+09 7.328999999999999959e-01 2.865899999999999750e+02
1.487359291741333961e+09 7.330999999999999739e-01 2.866000000000000227e+02
1.487359291846867085e+09 7.324000000000000510e-01 2.866000000000000227e+02
1.487359291942219973e+09 7.334000000000000519e-01 2.865899999999999750e+02
1.487359292042748928e+09 7.327000000000000179e-01 2.865899999999999750e+02
1.487359292145318985e+09 7.325000000000000400e-01 2.866000000000000227e+02
1.487359292253894091e+09 7.321999999999999620e-01 2.866000000000000227e+02
1.487359292358890057e+09 7.324000000000000510e-01 2.866000000000000227e+02
1.487359292458000898e+09 7.325000000000000400e-01 2.866000000000000227e+02
1.487359292553220034e+09 7.320999999999999730e-01 2.866000000000000227e+02
1.487359292652965069e+09 7.321999999999999620e-01 2.866000000000000227e+02
1.487359292757939100e+09 7.326000000000000290e-01 2.866000000000000227e+02
1.487359292852479935e+09 7.327000000000000179e-01 2.866000000000000227e+02
1.487359292952212095e+09 7.326000000000000290e-01 2.866000000000000227e+02
1.487359293066826105e+09 7.325000000000000400e-01 2.866000000000000227e+02
1.487359293168466091e+09 7.320999999999999730e-01 2.866000000000000227e+02
1.487359293268179893e+09 7.327000000000000179e-01 2.866000000000000227e+02
1.487359293367964983e+09 7.328000000000000069e-01 2.866000000000000227e+02
1.487359293468036890e+09 7.321999999999999620e-01 2.866000000000000227e+02
1.487359293567413092e+09 7.334000000000000519e-01 2.866000000000000227e+02
