1.487364587251703024e+09 7.936999999999999611e-01 2.795699999999999932e+02
1.487364587340477943e+09 7.939000000000000501e-01 2.795699999999999932e+02
1.487364587456384897e+09 7.947999999999999510e-01 2.795699999999999932e+02
1.487364587555330992e+09 7.934999999999999831e-01 2.795699999999999932e+02
1.487364587655164003e+09 7.936999999999999611e-01 2.795699999999999932e+02
1.487364587755305052e+09 7.935999999999999721e-01 2.795699999999999932e+02
1.487364587853988886e+09 7.937999999999999501e-01 2.795699999999999932e+02
1.487364587954262018e+09 7.937999999999999501e-01 2.795699999999999932e+02
1.487364588050261021e+09 7.944999999999999840e-01 2.795699999999999932e+02
1.487364588153264046e+09 7.943999999999999950e-01 2.795699999999999932e+02
1.487364588248714924e+09 7.933000000000000052e-01 2.795699999999999932e+02
1.487364588362214088e+09 7.934999999999999831e-01 2.795699999999999932e+02
1.487364588462013006e+09 7.933000000000000052e-01 2.795699999999999932e+02
1.487364588561763048e+09 7.939000000000000501e-01 2.795699999999999932e+02
1.487364588661462069e+09 7.936999999999999611e-01 2.795699999999999932e+02
1.487364588761234045e+09 7.940000000000000391e-01 2.795699999999999932e+02
1.487364588861010075e+09 7.933999999999999941e-01 2.795699999999999932e+02
1.487364588960763931e+09 7.937999999999999501e-01 2.795699999999999932e+02
1.487364589060525894e+09 7.934999999999999831e-01 2.795699999999999932e+02
1.487364589160290003e+09 7.941000000000000281e-01 2.795699999999999932e+02
1.487364589272099018e+09 7.940000000000000391e-01 2.795699999999999932e+02
1.487364589376482964e+09 7.934999999999999831e-01 2.795699999999999932e+02
1.487364589475739002e+09 7.933000000000000052e-01 2.795699999999999932e+02
1.487364589575970888e+09 7.942000000000000171e-01 2.795699999999999932e+02
1.487364589675739050e+09 7.942000000000000171e-01 2.795699999999999932e+02
1.487364589774847031e+09 7.937999999999999501e-01 2.795699999999999932e+02
1.487364589875036001e+09 7.940000000000000391e-01 2.795699999999999932e+02
1.487364589974036932e+09 7.939000000000000501e-01 2.795699999999999932e+02
1.487364590069318056e+09 7.933999999999999941e-01 2.795699999999999932e+02
1.487364590174185991e+09 7.943999999999999950e-01 2.795699999999999932e+02
1.487364590281969070e+09 7.939000000000000501e-01 2.795699999999999932e+02
1.487364590384025097e+09 7.940000000000000391e-01 2.795699999999999932e+02
1.487364590486526966e+09 7.936999999999999611e-01 2.795699999999999932e+02
1.487364590585937977e+09 7.943999999999999950e-01 2.795699999999999932e+02
1.487364590685924053e+09 7.935999999999999721e-01 2.795699999999999932e+02
1.487364590784984112e+09 7.943999999999999950e-01 2.795699999999999932e+02
1.487364590882711887e+09 7.940000000000000391e-01 2.795699999999999932e+02
1.487364590984997034e+09 7.937999999999999501e-01 2.795699999999999932e+02
1.487364591097913027e+09 7.933999999999999941e-01 2.795699999999999932e+02
1.487364591197350979e+09 7.944999999999999840e-01 2.795699999999999932e+02
1.487364591293550014e+09 7.937999999999999501e-01 2.795699999999999932e+02
1.487364591397245884e+09 7.945999999999999730e-01 2.795699999999999932e+02
1.487364591492386103e+09 7.934999999999999831e-01 2.795699999999999932e+02
1.487364591595948935e+09 7.936999999999999611e-01 2.795699999999999932e+02
1.487364591695848942e+09 7.939000000000000501e-01 2.795699999999999932e+02
1.487364591795811892e+09 7.933999999999999941e-01 2.795699999999999932e+02
1.487364591903810024e+09 7.936999999999999611e-01 2.795699999999999932e+02
1.487364592008879900e+09 7.940000000000000391e-01 2.795699999999999932e+02
1.487364592108964920e+09 7.934999999999999831e-01 2.795699999999999932e+02
1.487364592203135014e+09 7.942000000000000171e-01 2.795699999999999932e+02
1.487364592302782059e+09 7.935999999999999721e-01 2.795699999999999932e+02
1.487364592404345989e+09 7.941000000000000281e-01 2.795699999999999932e+02
1.487364592502230883e+09 7.937999999999999501e-01 2.795699999999999932e+02
1.487364592602044106e+09 7.936999999999999611e-01 2.795699999999999932e+02
1.487364592701781988e+09 7.936999999999999611e-01 2.795699999999999932e+02
1.487364592818193913e+09 7.937999999999999501e-01 2.795699999999999932e+02
1.487364592918052912e+09 7.935999999999999721e-01 2.795699999999999932e+02
1.487364593016699076e+09 7.940000000000000391e-01 2.795699999999999932e+02
1.487364593115948915e+09 7.941000000000000281e-01 2.795699999999999932e+02
1.487364593217236042e+09 7.933000000000000052e-01 2.795699999999999932e+02
1.487364593312735081e+09 7.941000000000000281e-01 2.795699999999999932e+02
1.487364593416805029e+09 7.941000000000000281e-01 2.795699999999999932e+02
1.487364593516531944e+09 7.942000000000000171e-01 2.795699999999999932e+02
1.487364593630633116e+09 7.941000000000000281e-01 2.795699999999999932e+02
1.487364593727683067e+09 7.925999999999999712e-01 2.795699999999999932e+02
1.487364593829678059e+09 7.937999999999999501e-01 2.795699999999999932e+02
1.487364593925242901e+09 7.939000000000000501e-01 2.795699999999999932e+02
1.487364594024969101e+09 7.942000000000000171e-01 2.795699999999999932e+02
1.487364594128581047e+09 7.937999999999999501e-01 2.795699999999999932e+02
1.487364594228952885e+09 7.939000000000000501e-01 2.795699999999999932e+02
1.487364594327656031e+09 7.931000000000000272e-01 2.795699999999999932e+02
1.487364594437242985e+09 7.932000000000000162e-01 2.795699999999999932e+02
1.487364594541599035e+09 7.941000000000000281e-01 2.795699999999999932e+02
1.487364594640503883e+09 7.941000000000000281e-01 2.795699999999999932e+02
1.487364594740482092e+09 7.939000000000000501e-01 2.795699999999999932e+02
1.487364594839036942e+09 7.939000000000000501e-01 2.795699999999999932e+02
1.487364594937427998e+09 7.933000000000000052e-01 2.795699999999999932e+02
1.487364595039550066e+09 7.944999999999999840e-01 2.795799999999999841e+02
1.487364595138499975e+09 7.933999999999999941e-01 2.795699999999999932e+02
1.487364595252449036e+09 7.941000000000000281e-01 2.795699999999999932e+02
1.487364595352475882e+09 7.944999999999999840e-01 2.795699999999999932e+02
1.487364595451653004e+09 7.933000000000000052e-01 2.795699999999999932e+02
1.487364595549081087e+09 7.941000000000000281e-01 2.795699999999999932e+02
1.487364595649117947e+09 7.941000000000000281e-01 2.795699999999999932e+02
1.487364595750746012e+09 7.950000000000000400e-01 2.795699999999999932e+02
1.487364595847249985e+09 7.934999999999999831e-01 2.795699999999999932e+02
1.487364595949563026e+09 7.936999999999999611e-01 2.795699999999999932e+02
1.487364596060478926e+09 7.937999999999999501e-01 2.795699999999999932e+02
1.487364596160243988e+09 7.935999999999999721e-01 2.795699999999999932e+02
1.487364596260014057e+09 7.935999999999999721e-01 2.795699999999999932e+02
1.487364596360059977e+09 7.940000000000000391e-01 2.795699999999999932e+02
1.487364596459614992e+09 7.941000000000000281e-01 2.795699999999999932e+02
1.487364596559221029e+09 7.934999999999999831e-01 2.795699999999999932e+02
1.487364596656276941e+09 7.947999999999999510e-01 2.795699999999999932e+02
1.487364596758779049e+09 7.941000000000000281e-01 2.795699999999999932e+02
1.487364596858525038e+09 7.940000000000000391e-01 2.795699999999999932e+02
1.487364596974363089e+09 7.934999999999999831e-01 2.795699999999999932e+02
1.487364597074470043e+09 7.940000000000000391e-01 2.795699999999999932e+02
1.487364597173325062e+09 7.934999999999999831e-01 2.795699999999999932e+02
1.487364597273156881e+09 7.941000000000000281e-01 2.795699999999999932e+02
1.487364597372390985e+09 7.943000000000000060e-01 2.795699999999999932e+02
1.487364597472300053e+09 7.935999999999999721e-01 2.795699999999999932e+02
1.487364597571332932e+09 7.943000000000000060e-01 2.795699999999999932e+02
1.487364597671469927e+09 7.940000000000000391e-01 2.795699999999999932e+02
1.487364597785270929e+09 7.941000000000000281e-01 2.795699999999999932e+02
1.487364597885351896e+09 7.930000000000000382e-01 2.795699999999999932e+02
1.487364597984272003e+09 7.933999999999999941e-01 2.795699999999999932e+02
1.487364598084297895e+09 7.934999999999999831e-01 2.795699999999999932e+02
1.487364598183474064e+09 7.937999999999999501e-01 2.795699999999999932e+02
1.487364598282469988e+09 7.941000000000000281e-01 2.795699999999999932e+02
1.487364598382266045e+09 7.939000000000000501e-01 2.795699999999999932e+02
1.487364598480643034e+09 7.941000000000000281e-01 2.795699999999999932e+02
1.487364598596168995e+09 7.943000000000000060e-01 2.795699999999999932e+02
1.487364598695086956e+09 7.937999999999999501e-01 2.795699999999999932e+02
1.487364598793179035e+09 7.935999999999999721e-01 2.795699999999999932e+02
1.487364598895204067e+09 7.941000000000000281e-01 2.795699999999999932e+02
1.487364598994168043e+09 7.940000000000000391e-01 2.795699999999999932e+02
1.487364599094244957e+09 7.933999999999999941e-01 2.795699999999999932e+02
1.487364599190676928e+09 7.942000000000000171e-01 2.795699999999999932e+02
1.487364599288275957e+09 7.930000000000000382e-01 2.795699999999999932e+02
1.487364599401808023e+09 7.937999999999999501e-01 2.795699999999999932e+02
1.487364599502226114e+09 7.941000000000000281e-01 2.795699999999999932e+02
1.487364599601882935e+09 7.937999999999999501e-01 2.795699999999999932e+02
1.487364599701778889e+09 7.940000000000000391e-01 2.795699999999999932e+02
1.487364599801531076e+09 7.939000000000000501e-01 2.795699999999999932e+02
1.487364599901287079e+09 7.939000000000000501e-01 2.795699999999999932e+02
1.487364600000674009e+09 7.934999999999999831e-01 2.795699999999999932e+02
1.487364600100806952e+09 7.936999999999999611e-01 2.795699999999999932e+02
1.487364600214819908e+09 7.936999999999999611e-01 2.795699999999999932e+02
1.487364600317012072e+09 7.935999999999999721e-01 2.795699999999999932e+02
1.487364600416624069e+09 7.940000000000000391e-01 2.795699999999999932e+02
1.487364600512284040e+09 7.939000000000000501e-01 2.795699999999999932e+02
1.487364600615991116e+09 7.939000000000000501e-01 2.795699999999999932e+02
1.487364600715941906e+09 7.935999999999999721e-01 2.795699999999999932e+02
1.487364600814974070e+09 7.935999999999999721e-01 2.795699999999999932e+02
1.487364600915082932e+09 7.931000000000000272e-01 2.795699999999999932e+02
1.487364601024419069e+09 7.937999999999999501e-01 2.795699999999999932e+02
1.487364601128935099e+09 7.934999999999999831e-01 2.795699999999999932e+02
1.487364601227896929e+09 7.942000000000000171e-01 2.795699999999999932e+02
1.487364601328110933e+09 7.936999999999999611e-01 2.795699999999999932e+02
1.487364601423522949e+09 7.943000000000000060e-01 2.795699999999999932e+02
1.487364601522291899e+09 7.947999999999999510e-01 2.795699999999999932e+02
1.487364601626979113e+09 7.942000000000000171e-01 2.795699999999999932e+02
1.487364601726007938e+09 7.935999999999999721e-01 2.795699999999999932e+02
1.487364601840034962e+09 7.940000000000000391e-01 2.795699999999999932e+02
1.487364601939886093e+09 7.929000000000000492e-01 2.795699999999999932e+02
1.487364602038899899e+09 7.934999999999999831e-01 2.795699999999999932e+02
1.487364602138993979e+09 7.936999999999999611e-01 2.795699999999999932e+02
1.487364602237957954e+09 7.937999999999999501e-01 2.795699999999999932e+02
1.487364602335484982e+09 7.931000000000000272e-01 2.795799999999999841e+02
1.487364602437820911e+09 7.941000000000000281e-01 2.795799999999999841e+02
1.487364602536983013e+09 7.939000000000000501e-01 2.795699999999999932e+02
1.487364602636885881e+09 7.939000000000000501e-01 2.795699999999999932e+02
1.487364602750735998e+09 7.940000000000000391e-01 2.795699999999999932e+02
1.487364602849782944e+09 7.941000000000000281e-01 2.795699999999999932e+02
1.487364602949815035e+09 7.935999999999999721e-01 2.795699999999999932e+02
1.487364603049649000e+09 7.940000000000000391e-01 2.795699999999999932e+02
1.487364603148751020e+09 7.931000000000000272e-01 2.795699999999999932e+02
1.487364603248771906e+09 7.933000000000000052e-01 2.795699999999999932e+02
1.487364603343065023e+09 7.934999999999999831e-01 2.795699999999999932e+02
1.487364603447912931e+09 7.946999999999999620e-01 2.795699999999999932e+02
1.487364603559200048e+09 7.949000000000000510e-01 2.795699999999999932e+02
1.487364603658962011e+09 7.939000000000000501e-01 2.795699999999999932e+02
1.487364603757175922e+09 7.933999999999999941e-01 2.795699999999999932e+02
1.487364603858490944e+09 7.939000000000000501e-01 2.795699999999999932e+02
1.487364603956075907e+09 7.943999999999999950e-01 2.795699999999999932e+02
1.487364604056030989e+09 7.944999999999999840e-01 2.795699999999999932e+02
1.487364604155312061e+09 7.939000000000000501e-01 2.795699999999999932e+02
1.487364604257551908e+09 7.933999999999999941e-01 2.795699999999999932e+02
1.487364604357321978e+09 7.943000000000000060e-01 2.795799999999999841e+02
1.487364604457110882e+09 7.934999999999999831e-01 2.795699999999999932e+02
1.487364604567831993e+09 7.942000000000000171e-01 2.795699999999999932e+02
1.487364604671739101e+09 7.944999999999999840e-01 2.795699999999999932e+02
1.487364604766638994e+09 7.943000000000000060e-01 2.795699999999999932e+02
1.487364604870784044e+09 7.934999999999999831e-01 2.795699999999999932e+02
1.487364604969516039e+09 7.942000000000000171e-01 2.795699999999999932e+02
1.487364605065324068e+09 7.936999999999999611e-01 2.795699999999999932e+02
1.487364605168653011e+09 7.937999999999999501e-01 2.795799999999999841e+02
1.487364605268748999e+09 7.941000000000000281e-01 2.795799999999999841e+02
1.487364605368422031e+09 7.936999999999999611e-01 2.795799999999999841e+02
1.487364605482528925e+09 7.934999999999999831e-01 2.795799999999999841e+02
1.487364605581599951e+09 7.937999999999999501e-01 2.795799999999999841e+02
1.487364605681372881e+09 7.939000000000000501e-01 2.795799999999999841e+02
1.487364605780252934e+09 7.934999999999999831e-01 2.795799999999999841e+02
1.487364605880527973e+09 7.939000000000000501e-01 2.795799999999999841e+02
1.487364605979532003e+09 7.935999999999999721e-01 2.795799999999999841e+02
1.487364606076752901e+09 7.937999999999999501e-01 2.795799999999999841e+02
1.487364606175935030e+09 7.939000000000000501e-01 2.795699999999999932e+02
1.487364606279699087e+09 7.934999999999999831e-01 2.795699999999999932e+02
1.487364606392640114e+09 7.933000000000000052e-01 2.795699999999999932e+02
1.487364606492513895e+09 7.942000000000000171e-01 2.795699999999999932e+02
1.487364606590316057e+09 7.937999999999999501e-01 2.795699999999999932e+02
1.487364606691483974e+09 7.943000000000000060e-01 2.795799999999999841e+02
1.487364606791265965e+09 7.941000000000000281e-01 2.795799999999999841e+02
1.487364606890408993e+09 7.932000000000000162e-01 2.795699999999999932e+02
1.487364606990389109e+09 7.929000000000000492e-01 2.795699999999999932e+02
1.487364607084304094e+09 7.934999999999999831e-01 2.795699999999999932e+02
1.487364607200469017e+09 7.935999999999999721e-01 2.795799999999999841e+02
1.487364607300096035e+09 7.933999999999999941e-01 2.795799999999999841e+02
1.487364607400000095e+09 7.932000000000000162e-01 2.795699999999999932e+02
1.487364607499761105e+09 7.933999999999999941e-01 2.795799999999999841e+02
1.487364607599525928e+09 7.933999999999999941e-01 2.795799999999999841e+02
1.487364607699316025e+09 7.944999999999999840e-01 2.795699999999999932e+02
1.487364607799300909e+09 7.934999999999999831e-01 2.795799999999999841e+02
1.487364607898801088e+09 7.943000000000000060e-01 2.795799999999999841e+02
1.487364608014307022e+09 7.934999999999999831e-01 2.795799999999999841e+02
1.487364608109188080e+09 7.939000000000000501e-01 2.795699999999999932e+02
1.487364608214324951e+09 7.930000000000000382e-01 2.795799999999999841e+02
1.487364608313335896e+09 7.936999999999999611e-01 2.795799999999999841e+02
1.487364608413475990e+09 7.944999999999999840e-01 2.795799999999999841e+02
1.487364608509365082e+09 7.947999999999999510e-01 2.795799999999999841e+02
1.487364608611346960e+09 7.943000000000000060e-01 2.795799999999999841e+02
1.487364608712280989e+09 7.944999999999999840e-01 2.795799999999999841e+02
1.487364608811314106e+09 7.934999999999999831e-01 2.795799999999999841e+02
1.487364608925163031e+09 7.935999999999999721e-01 2.795799999999999841e+02
1.487364609021325111e+09 7.937999999999999501e-01 2.795799999999999841e+02
1.487364609122865915e+09 7.942000000000000171e-01 2.795699999999999932e+02
1.487364609224153996e+09 7.935999999999999721e-01 2.795699999999999932e+02
1.487364609318684101e+09 7.947999999999999510e-01 2.795699999999999932e+02
1.487364609423213005e+09 7.944999999999999840e-01 2.795699999999999932e+02
1.487364609523175001e+09 7.947999999999999510e-01 2.795799999999999841e+02
1.487364609622175932e+09 7.936999999999999611e-01 2.795799999999999841e+02
1.487364609736244917e+09 7.933999999999999941e-01 2.795799999999999841e+02
1.487364609836278915e+09 7.942000000000000171e-01 2.795799999999999841e+02
1.487364609935156107e+09 7.933999999999999941e-01 2.795799999999999841e+02
1.487364610035197973e+09 7.935999999999999721e-01 2.795799999999999841e+02
1.487364610129347086e+09 7.933000000000000052e-01 2.795699999999999932e+02
1.487364610234251976e+09 7.933999999999999941e-01 2.795799999999999841e+02
1.487364610333962917e+09 7.941000000000000281e-01 2.795699999999999932e+02
1.487364610433114052e+09 7.943000000000000060e-01 2.795699999999999932e+02
1.487364610542126894e+09 7.935999999999999721e-01 2.795799999999999841e+02
1.487364610646625996e+09 7.935999999999999721e-01 2.795699999999999932e+02
1.487364610741836071e+09 7.939000000000000501e-01 2.795699999999999932e+02
1.487364610841712952e+09 7.933999999999999941e-01 2.795799999999999841e+02
1.487364610941260099e+09 7.941000000000000281e-01 2.795699999999999932e+02
1.487364611041259050e+09 7.931000000000000272e-01 2.795699999999999932e+02
1.487364611141014099e+09 7.933000000000000052e-01 2.795699999999999932e+02
1.487364611240830898e+09 7.936999999999999611e-01 2.795799999999999841e+02
1.487364611357147932e+09 7.935999999999999721e-01 2.795799999999999841e+02
1.487364611456933022e+09 7.942000000000000171e-01 2.795799999999999841e+02
1.487364611556708097e+09 7.940000000000000391e-01 2.795799999999999841e+02
1.487364611656466007e+09 7.944999999999999840e-01 2.795799999999999841e+02
1.487364611755955935e+09 7.945999999999999730e-01 2.795799999999999841e+02
1.487364611855979919e+09 7.936999999999999611e-01 2.795699999999999932e+02
1.487364611955763102e+09 7.942000000000000171e-01 2.795799999999999841e+02
1.487364612054922104e+09 7.942000000000000171e-01 2.795799999999999841e+02
1.487364612168883085e+09 7.941000000000000281e-01 2.795799999999999841e+02
1.487364612268898010e+09 7.942000000000000171e-01 2.795799999999999841e+02
1.487364612365508080e+09 7.940000000000000391e-01 2.795799999999999841e+02
1.487364612462807894e+09 7.941000000000000281e-01 2.795799999999999841e+02
1.487364612566991091e+09 7.933999999999999941e-01 2.795799999999999841e+02
1.487364612666789055e+09 7.939000000000000501e-01 2.795799999999999841e+02
1.487364612766727924e+09 7.936999999999999611e-01 2.795799999999999841e+02
1.487364612865812063e+09 7.942000000000000171e-01 2.795799999999999841e+02
1.487364612979715109e+09 7.935999999999999721e-01 2.795799999999999841e+02
1.487364613079786062e+09 7.933999999999999941e-01 2.795799999999999841e+02
1.487364613175760984e+09 7.940000000000000391e-01 2.795799999999999841e+02
1.487364613273468971e+09 7.942000000000000171e-01 2.795799999999999841e+02
1.487364613373904943e+09 7.937999999999999501e-01 2.795799999999999841e+02
1.487364613472783089e+09 7.935999999999999721e-01 2.795799999999999841e+02
1.487364613572691917e+09 7.936999999999999611e-01 2.795799999999999841e+02
1.487364613676779985e+09 7.936999999999999611e-01 2.795799999999999841e+02
1.487364613790678978e+09 7.936999999999999611e-01 2.795799999999999841e+02
1.487364613890747070e+09 7.944999999999999840e-01 2.795799999999999841e+02
1.487364613985914946e+09 7.936999999999999611e-01 2.795799999999999841e+02
1.487364614084646940e+09 7.943000000000000060e-01 2.795799999999999841e+02
1.487364614189677954e+09 7.942000000000000171e-01 2.795799999999999841e+02
1.487364614283693075e+09 7.939000000000000501e-01 2.795799999999999841e+02
1.487364614388858080e+09 7.941000000000000281e-01 2.795799999999999841e+02
1.487364614483048916e+09 7.945999999999999730e-01 2.795699999999999932e+02
1.487364614582794905e+09 7.936999999999999611e-01 2.795699999999999932e+02
1.487364614699126959e+09 7.933000000000000052e-01 2.795799999999999841e+02
1.487364614798891068e+09 7.935999999999999721e-01 2.795699999999999932e+02
1.487364614898678064e+09 7.944999999999999840e-01 2.795699999999999932e+02
1.487364614998425961e+09 7.941000000000000281e-01 2.795799999999999841e+02
1.487364615098175049e+09 7.933999999999999941e-01 2.795799999999999841e+02
1.487364615197948933e+09 7.939000000000000501e-01 2.795799999999999841e+02
1.487364615297719955e+09 7.933000000000000052e-01 2.795799999999999841e+02
1.487364615397490025e+09 7.937999999999999501e-01 2.795799999999999841e+02
1.487364615512597084e+09 7.927999999999999492e-01 2.795799999999999841e+02
1.487364615611545086e+09 7.936999999999999611e-01 2.795799999999999841e+02
1.487364615711503983e+09 7.936999999999999611e-01 2.795799999999999841e+02
1.487364615811564922e+09 7.942000000000000171e-01 2.795799999999999841e+02
1.487364615910715103e+09 7.933999999999999941e-01 2.795799999999999841e+02
1.487364616010623932e+09 7.930000000000000382e-01 2.795799999999999841e+02
1.487364616109158993e+09 7.942000000000000171e-01 2.795799999999999841e+02
1.487364616223479986e+09 7.939000000000000501e-01 2.795799999999999841e+02
1.487364616323523045e+09 7.939000000000000501e-01 2.795799999999999841e+02
1.487364616422460079e+09 7.939000000000000501e-01 2.795799999999999841e+02
1.487364616522635937e+09 7.931000000000000272e-01 2.795799999999999841e+02
1.487364616622250080e+09 7.937999999999999501e-01 2.795799999999999841e+02
1.487364616717237949e+09 7.945999999999999730e-01 2.795799999999999841e+02
1.487364616816984892e+09 7.943999999999999950e-01 2.795799999999999841e+02
1.487364616920250893e+09 7.940000000000000391e-01 2.795799999999999841e+02
1.487364617020382881e+09 7.934999999999999831e-01 2.795799999999999841e+02
1.487364617133620024e+09 7.939000000000000501e-01 2.795799999999999841e+02
1.487364617233468056e+09 7.940000000000000391e-01 2.795799999999999841e+02
1.487364617333287954e+09 7.942000000000000171e-01 2.795799999999999841e+02
1.487364617433284044e+09 7.935999999999999721e-01 2.795799999999999841e+02
1.487364617532373905e+09 7.942000000000000171e-01 2.795799999999999841e+02
1.487364617632244110e+09 7.933000000000000052e-01 2.795799999999999841e+02
1.487364617731324911e+09 7.943999999999999950e-01 2.795799999999999841e+02
1.487364617830640078e+09 7.942000000000000171e-01 2.795799999999999841e+02
1.487364617941406012e+09 7.937999999999999501e-01 2.795799999999999841e+02
1.487364618040107012e+09 7.936999999999999611e-01 2.795799999999999841e+02
1.487364618140925884e+09 7.937999999999999501e-01 2.795799999999999841e+02
1.487364618240583897e+09 7.934999999999999831e-01 2.795799999999999841e+02
1.487364618339638948e+09 7.943000000000000060e-01 2.795799999999999841e+02
1.487364618440488100e+09 7.937999999999999501e-01 2.795799999999999841e+02
1.487364618539995909e+09 7.939000000000000501e-01 2.795799999999999841e+02
1.487364618639763117e+09 7.942000000000000171e-01 2.795799999999999841e+02
1.487364618756066084e+09 7.941000000000000281e-01 2.795799999999999841e+02
1.487364618851943970e+09 7.939000000000000501e-01 2.795799999999999841e+02
1.487364618954350948e+09 7.933999999999999941e-01 2.795799999999999841e+02
1.487364619055342913e+09 7.943999999999999950e-01 2.795799999999999841e+02
1.487364619154450893e+09 7.935999999999999721e-01 2.795799999999999841e+02
1.487364619254143000e+09 7.936999999999999611e-01 2.795799999999999841e+02
1.487364619354150057e+09 7.941000000000000281e-01 2.795799999999999841e+02
1.487364619453130007e+09 7.933999999999999941e-01 2.795799999999999841e+02
1.487364619562416077e+09 7.942000000000000171e-01 2.795799999999999841e+02
1.487364619667244911e+09 7.934999999999999831e-01 2.795799999999999841e+02
1.487364619764524937e+09 7.931000000000000272e-01 2.795799999999999841e+02
1.487364619866103888e+09 7.934999999999999831e-01 2.795799999999999841e+02
1.487364619965018988e+09 7.942000000000000171e-01 2.795799999999999841e+02
1.487364620064886093e+09 7.935999999999999721e-01 2.795799999999999841e+02
1.487364620160733938e+09 7.940000000000000391e-01 2.795799999999999841e+02
1.487364620264149904e+09 7.940000000000000391e-01 2.795799999999999841e+02
1.487364620364274979e+09 7.931000000000000272e-01 2.795799999999999841e+02
1.487364620478230953e+09 7.934999999999999831e-01 2.795799999999999841e+02
1.487364620577254057e+09 7.946999999999999620e-01 2.795799999999999841e+02
1.487364620674290895e+09 7.936999999999999611e-01 2.795799999999999841e+02
1.487364620776232958e+09 7.937999999999999501e-01 2.795799999999999841e+02
1.487364620873079062e+09 7.934999999999999831e-01 2.795799999999999841e+02
1.487364620976017952e+09 7.941000000000000281e-01 2.795799999999999841e+02
1.487364621075016022e+09 7.943000000000000060e-01 2.795799999999999841e+02
1.487364621189125061e+09 7.935999999999999721e-01 2.795799999999999841e+02
1.487364621288980961e+09 7.933000000000000052e-01 2.795799999999999841e+02
1.487364621383121014e+09 7.939000000000000501e-01 2.795799999999999841e+02
1.487364621487962961e+09 7.940000000000000391e-01 2.795799999999999841e+02
1.487364621582650900e+09 7.940000000000000391e-01 2.795799999999999841e+02
1.487364621682420969e+09 7.937999999999999501e-01 2.795799999999999841e+02
1.487364621782147884e+09 7.939000000000000501e-01 2.795799999999999841e+02
1.487364621881974936e+09 7.933999999999999941e-01 2.795799999999999841e+02
1.487364621981715918e+09 7.933000000000000052e-01 2.795799999999999841e+02
1.487364622098125935e+09 7.943999999999999950e-01 2.795799999999999841e+02
1.487364622197869062e+09 7.935999999999999721e-01 2.795799999999999841e+02
1.487364622297632933e+09 7.940000000000000391e-01 2.795799999999999841e+02
1.487364622397399902e+09 7.940000000000000391e-01 2.795799999999999841e+02
1.487364622497916937e+09 7.933999999999999941e-01 2.795799999999999841e+02
1.487364622596942902e+09 7.936999999999999611e-01 2.795799999999999841e+02
1.487364622696191072e+09 7.932000000000000162e-01 2.795799999999999841e+02
1.487364622796381950e+09 7.941000000000000281e-01 2.795799999999999841e+02
1.487364622895787001e+09 7.935999999999999721e-01 2.795799999999999841e+02
1.487364623009762049e+09 7.939000000000000501e-01 2.795799999999999841e+02
1.487364623109858990e+09 7.937999999999999501e-01 2.795799999999999841e+02
1.487364623208836079e+09 7.942000000000000171e-01 2.795799999999999841e+02
1.487364623308717966e+09 7.939000000000000501e-01 2.795799999999999841e+02
1.487364623404541016e+09 7.943999999999999950e-01 2.795799999999999841e+02
1.487364623507836103e+09 7.941000000000000281e-01 2.795799999999999841e+02
1.487364623607690096e+09 7.939000000000000501e-01 2.795799999999999841e+02
1.487364623706758976e+09 7.931000000000000272e-01 2.795799999999999841e+02
1.487364623820780993e+09 7.936999999999999611e-01 2.795799999999999841e+02
1.487364623920876026e+09 7.936999999999999611e-01 2.795799999999999841e+02
1.487364624015140057e+09 7.941000000000000281e-01 2.795799999999999841e+02
1.487364624114753008e+09 7.936999999999999611e-01 2.795799999999999841e+02
1.487364624217580080e+09 7.927999999999999492e-01 2.795799999999999841e+02
1.487364624318747997e+09 7.934999999999999831e-01 2.795799999999999841e+02
1.487364624416390896e+09 7.942000000000000171e-01 2.795799999999999841e+02
1.487364624518682957e+09 7.946999999999999620e-01 2.795799999999999841e+02
1.487364624631819963e+09 7.939000000000000501e-01 2.795799999999999841e+02
1.487364624731512070e+09 7.935999999999999721e-01 2.795799999999999841e+02
1.487364624830630064e+09 7.941000000000000281e-01 2.795799999999999841e+02
1.487364624930052996e+09 7.933000000000000052e-01 2.795799999999999841e+02
1.487364625030711889e+09 7.937999999999999501e-01 2.795799999999999841e+02
1.487364625129743099e+09 7.941000000000000281e-01 2.795799999999999841e+02
1.487364625224725008e+09 7.934999999999999831e-01 2.795799999999999841e+02
1.487364625328186989e+09 7.939000000000000501e-01 2.795799999999999841e+02
1.487364625440064907e+09 7.934999999999999831e-01 2.795799999999999841e+02
1.487364625539719105e+09 7.941000000000000281e-01 2.795799999999999841e+02
1.487364625639585972e+09 7.943999999999999950e-01 2.795799999999999841e+02
1.487364625739356041e+09 7.943000000000000060e-01 2.795799999999999841e+02
1.487364625839112997e+09 7.937999999999999501e-01 2.795799999999999841e+02
1.487364625938888073e+09 7.933000000000000052e-01 2.795799999999999841e+02
1.487364626040473938e+09 7.931000000000000272e-01 2.795799999999999841e+02
1.487364626138421059e+09 7.941000000000000281e-01 2.795799999999999841e+02
1.487364626253350973e+09 7.940000000000000391e-01 2.795799999999999841e+02
1.487364626353516102e+09 7.940000000000000391e-01 2.795799999999999841e+02
1.487364626448683977e+09 7.937999999999999501e-01 2.795799999999999841e+02
1.487364626552265882e+09 7.940000000000000391e-01 2.795799999999999841e+02
1.487364626652493954e+09 7.937999999999999501e-01 2.795799999999999841e+02
1.487364626751347065e+09 7.931000000000000272e-01 2.795799999999999841e+02
1.487364626851321936e+09 7.937999999999999501e-01 2.795799999999999841e+02
1.487364626951509953e+09 7.936999999999999611e-01 2.795799999999999841e+02
1.487364627064402103e+09 7.943000000000000060e-01 2.795799999999999841e+02
1.487364627164544106e+09 7.941000000000000281e-01 2.795799999999999841e+02
1.487364627264554024e+09 7.933999999999999941e-01 2.795799999999999841e+02
1.487364627363363028e+09 7.937999999999999501e-01 2.795799999999999841e+02
1.487364627463412046e+09 7.934999999999999831e-01 2.795799999999999841e+02
1.487364627562309027e+09 7.929000000000000492e-01 2.795799999999999841e+02
1.487364627662410021e+09 7.940000000000000391e-01 2.795799999999999841e+02
1.487364627762341022e+09 7.939000000000000501e-01 2.795799999999999841e+02
1.487364627876378059e+09 7.937999999999999501e-01 2.795799999999999841e+02
1.487364627975428104e+09 7.937999999999999501e-01 2.795799999999999841e+02
1.487364628075242043e+09 7.941000000000000281e-01 2.795799999999999841e+02
1.487364628169680119e+09 7.934999999999999831e-01 2.795799999999999841e+02
1.487364628272088051e+09 7.943999999999999950e-01 2.795799999999999841e+02
1.487364628373234987e+09 7.939000000000000501e-01 2.795799999999999841e+02
1.487364628473251104e+09 7.942000000000000171e-01 2.795799999999999841e+02
1.487364628573437929e+09 7.933999999999999941e-01 2.795799999999999841e+02
1.487364628672195911e+09 7.939000000000000501e-01 2.795799999999999841e+02
1.487364628782015085e+09 7.931000000000000272e-01 2.795799999999999841e+02
1.487364628881788015e+09 7.933000000000000052e-01 2.795799999999999841e+02
1.487364628981550932e+09 7.941000000000000281e-01 2.795799999999999841e+02
1.487364629081001997e+09 7.940000000000000391e-01 2.795799999999999841e+02
1.487364629181093931e+09 7.941000000000000281e-01 2.795799999999999841e+02
1.487364629280843019e+09 7.943999999999999950e-01 2.795799999999999841e+02
1.487364629380605936e+09 7.942000000000000171e-01 2.795799999999999841e+02
1.487364629480379105e+09 7.939000000000000501e-01 2.795799999999999841e+02
1.487364629596776962e+09 7.946999999999999620e-01 2.795799999999999841e+02
1.487364629694951057e+09 7.936999999999999611e-01 2.795799999999999841e+02
1.487364629792220116e+09 7.934999999999999831e-01 2.795799999999999841e+02
1.487364629896061897e+09 7.935999999999999721e-01 2.795799999999999841e+02
1.487364629995839119e+09 7.937999999999999501e-01 2.795799999999999841e+02
1.487364630095272064e+09 7.943999999999999950e-01 2.795799999999999841e+02
1.487364630193161964e+09 7.931000000000000272e-01 2.795799999999999841e+02
1.487364630294190884e+09 7.934999999999999831e-01 2.795799999999999841e+02
1.487364630394212961e+09 7.931000000000000272e-01 2.795799999999999841e+02
1.487364630494112968e+09 7.934999999999999831e-01 2.795799999999999841e+02
1.487364630608059883e+09 7.933000000000000052e-01 2.795799999999999841e+02
1.487364630707300901e+09 7.935999999999999721e-01 2.795799999999999841e+02
1.487364630806015015e+09 7.940000000000000391e-01 2.795799999999999841e+02
1.487364630906131029e+09 7.939000000000000501e-01 2.795799999999999841e+02
1.487364631006056070e+09 7.939000000000000501e-01 2.795799999999999841e+02
1.487364631103887081e+09 7.936999999999999611e-01 2.795799999999999841e+02
1.487364631205163956e+09 7.940000000000000391e-01 2.795799999999999841e+02
1.487364631304908991e+09 7.942000000000000171e-01 2.795799999999999841e+02
1.487364631403981924e+09 7.933000000000000052e-01 2.795799999999999841e+02
1.487364631518033981e+09 7.930000000000000382e-01 2.795799999999999841e+02
1.487364631613982916e+09 7.935999999999999721e-01 2.795799999999999841e+02
1.487364631716962099e+09 7.931000000000000272e-01 2.795799999999999841e+02
1.487364631817049026e+09 7.936999999999999611e-01 2.795799999999999841e+02
1.487364631916121960e+09 7.930000000000000382e-01 2.795799999999999841e+02
1.487364632015933990e+09 7.942000000000000171e-01 2.795799999999999841e+02
1.487364632115991116e+09 7.939000000000000501e-01 2.795799999999999841e+02
1.487364632214880943e+09 7.939000000000000501e-01 2.795799999999999841e+02
1.487364632315136909e+09 7.940000000000000391e-01 2.795799999999999841e+02
1.487364632428764105e+09 7.933999999999999941e-01 2.795799999999999841e+02
1.487364632523189068e+09 7.933999999999999941e-01 2.795799999999999841e+02
1.487364632627892017e+09 7.936999999999999611e-01 2.795799999999999841e+02
1.487364632722637892e+09 7.944999999999999840e-01 2.795799999999999841e+02
1.487364632822319031e+09 7.944999999999999840e-01 2.795799999999999841e+02
1.487364632922204971e+09 7.936999999999999611e-01 2.795799999999999841e+02
1.487364633020982027e+09 7.943999999999999950e-01 2.795799999999999841e+02
1.487364633121551991e+09 7.932000000000000162e-01 2.795799999999999841e+02
1.487364633221447945e+09 7.937999999999999501e-01 2.795799999999999841e+02
1.487364633337518930e+09 7.933999999999999941e-01 2.795799999999999841e+02
1.487364633436893940e+09 7.942000000000000171e-01 2.795799999999999841e+02
1.487364633537306070e+09 7.933999999999999941e-01 2.795799999999999841e+02
1.487364633637110949e+09 7.930000000000000382e-01 2.795799999999999841e+02
1.487364633732851982e+09 7.932000000000000162e-01 2.795799999999999841e+02
1.487364633836605072e+09 7.924999999999999822e-01 2.795799999999999841e+02
1.487364633936372995e+09 7.942000000000000171e-01 2.795799999999999841e+02
1.487364634035527945e+09 7.935999999999999721e-01 2.795799999999999841e+02
1.487364634135881901e+09 7.937999999999999501e-01 2.795799999999999841e+02
1.487364634244654894e+09 7.930000000000000382e-01 2.795799999999999841e+02
1.487364634349637985e+09 7.927999999999999492e-01 2.795799999999999841e+02
1.487364634448694944e+09 7.936999999999999611e-01 2.795799999999999841e+02
1.487364634548716068e+09 7.933000000000000052e-01 2.795799999999999841e+02
1.487364634647660017e+09 7.937999999999999501e-01 2.795799999999999841e+02
1.487364634747419119e+09 7.935999999999999721e-01 2.795799999999999841e+02
1.487364634847744942e+09 7.935999999999999721e-01 2.795799999999999841e+02
1.487364634946554899e+09 7.930000000000000382e-01 2.795799999999999841e+02
1.487364635057400942e+09 7.939000000000000501e-01 2.795799999999999841e+02
1.487364635160568953e+09 7.940000000000000391e-01 2.795799999999999841e+02
1.487364635259608984e+09 7.945999999999999730e-01 2.795799999999999841e+02
1.487364635359358072e+09 7.929000000000000492e-01 2.795799999999999841e+02
1.487364635458561897e+09 7.939000000000000501e-01 2.795799999999999841e+02
1.487364635558552980e+09 7.931000000000000272e-01 2.795799999999999841e+02
1.487364635657516956e+09 7.939000000000000501e-01 2.795799999999999841e+02
1.487364635753540039e+09 7.935999999999999721e-01 2.795799999999999841e+02
1.487364635867465973e+09 7.930000000000000382e-01 2.795799999999999841e+02
1.487364635968521118e+09 7.937999999999999501e-01 2.795799999999999841e+02
1.487364636070611954e+09 7.941000000000000281e-01 2.795799999999999841e+02
1.487364636170530081e+09 7.930000000000000382e-01 2.795799999999999841e+02
1.487364636270493031e+09 7.933000000000000052e-01 2.795799999999999841e+02
1.487364636364515066e+09 7.933000000000000052e-01 2.795799999999999841e+02
1.487364636469445944e+09 7.930000000000000382e-01 2.795799999999999841e+02
1.487364636566200972e+09 7.940000000000000391e-01 2.795799999999999841e+02
1.487364636679828882e+09 7.934999999999999831e-01 2.795799999999999841e+02
1.487364636780431032e+09 7.934999999999999831e-01 2.795799999999999841e+02
1.487364636879271030e+09 7.937999999999999501e-01 2.795799999999999841e+02
1.487364636978535891e+09 7.933000000000000052e-01 2.795799999999999841e+02
1.487364637078927994e+09 7.935999999999999721e-01 2.795799999999999841e+02
1.487364637178563118e+09 7.940000000000000391e-01 2.795799999999999841e+02
1.487364637278337955e+09 7.945999999999999730e-01 2.795799999999999841e+02
1.487364637378093958e+09 7.934999999999999831e-01 2.795799999999999841e+02
1.487364637493427038e+09 7.943000000000000060e-01 2.795799999999999841e+02
1.487364637593413115e+09 7.943999999999999950e-01 2.795799999999999841e+02
1.487364637692394018e+09 7.929000000000000492e-01 2.795799999999999841e+02
1.487364637792237043e+09 7.933999999999999941e-01 2.795799999999999841e+02
1.487364637892306089e+09 7.935999999999999721e-01 2.795799999999999841e+02
1.487364637991358042e+09 7.926999999999999602e-01 2.795799999999999841e+02
1.487364638086407900e+09 7.936999999999999611e-01 2.795799999999999841e+02
1.487364638190479040e+09 7.940000000000000391e-01 2.795799999999999841e+02
1.487364638290174007e+09 7.940000000000000391e-01 2.795799999999999841e+02
1.487364638404313087e+09 7.936999999999999611e-01 2.795799999999999841e+02
1.487364638499075890e+09 7.937999999999999501e-01 2.795799999999999841e+02
1.487364638598221064e+09 7.939000000000000501e-01 2.795799999999999841e+02
1.487364638700115919e+09 7.934999999999999831e-01 2.795799999999999841e+02
1.487364638797174931e+09 7.939000000000000501e-01 2.795799999999999841e+02
1.487364638897201061e+09 7.943000000000000060e-01 2.795799999999999841e+02
1.487364639001399994e+09 7.943999999999999950e-01 2.795799999999999841e+02
1.487364639113352060e+09 7.927999999999999492e-01 2.795799999999999841e+02
1.487364639214529037e+09 7.941000000000000281e-01 2.795799999999999841e+02
1.487364639314131021e+09 7.940000000000000391e-01 2.795799999999999841e+02
1.487364639414506912e+09 7.932000000000000162e-01 2.795799999999999841e+02
1.487364639514219046e+09 7.940000000000000391e-01 2.795799999999999841e+02
1.487364639613212109e+09 7.934999999999999831e-01 2.795799999999999841e+02
1.487364639713078022e+09 7.931000000000000272e-01 2.795799999999999841e+02
1.487364639812166929e+09 7.941000000000000281e-01 2.795799999999999841e+02
1.487364639912106037e+09 7.943000000000000060e-01 2.795799999999999841e+02
1.487364640021753073e+09 7.936999999999999611e-01 2.795799999999999841e+02
1.487364640121557951e+09 7.937999999999999501e-01 2.795799999999999841e+02
1.487364640221313953e+09 7.936999999999999611e-01 2.795799999999999841e+02
1.487364640321074963e+09 7.939000000000000501e-01 2.795799999999999841e+02
1.487364640420849085e+09 7.936999999999999611e-01 2.795799999999999841e+02
1.487364640520602942e+09 7.934999999999999831e-01 2.795799999999999841e+02
1.487364640620234013e+09 7.945999999999999730e-01 2.795799999999999841e+02
1.487364640720117092e+09 7.937999999999999501e-01 2.795799999999999841e+02
1.487364640819819927e+09 7.940000000000000391e-01 2.795799999999999841e+02
1.487364640936085939e+09 7.942000000000000171e-01 2.795799999999999841e+02
1.487364641035573959e+09 7.935999999999999721e-01 2.795799999999999841e+02
1.487364641135772943e+09 7.943000000000000060e-01 2.795799999999999841e+02
1.487364641234987020e+09 7.941000000000000281e-01 2.795799999999999841e+02
1.487364641334964991e+09 7.935999999999999721e-01 2.795799999999999841e+02
1.487364641434840918e+09 7.939000000000000501e-01 2.795799999999999841e+02
1.487364641534008026e+09 7.943000000000000060e-01 2.795799999999999841e+02
1.487364641629157066e+09 7.943999999999999950e-01 2.795799999999999841e+02
1.487364641746993065e+09 7.936999999999999611e-01 2.795799999999999841e+02
1.487364641846720934e+09 7.941000000000000281e-01 2.795799999999999841e+02
1.487364641946721077e+09 7.932000000000000162e-01 2.795799999999999841e+02
1.487364642042558908e+09 7.933999999999999941e-01 2.795799999999999841e+02
1.487364642145967007e+09 7.943000000000000060e-01 2.795799999999999841e+02
1.487364642245860100e+09 7.939000000000000501e-01 2.795799999999999841e+02
1.487364642344877958e+09 7.934999999999999831e-01 2.795799999999999841e+02
1.487364642444763899e+09 7.939000000000000501e-01 2.795799999999999841e+02
1.487364642558883905e+09 7.934999999999999831e-01 2.795799999999999841e+02
1.487364642653152943e+09 7.934999999999999831e-01 2.795799999999999841e+02
1.487364642757992983e+09 7.935999999999999721e-01 2.795799999999999841e+02
1.487364642856753111e+09 7.936999999999999611e-01 2.795799999999999841e+02
1.487364642956793070e+09 7.939000000000000501e-01 2.795799999999999841e+02
1.487364643052347898e+09 7.940000000000000391e-01 2.795799999999999841e+02
1.487364643150795937e+09 7.940000000000000391e-01 2.795799999999999841e+02
1.487364643250952005e+09 7.939000000000000501e-01 2.795799999999999841e+02
1.487364643369682074e+09 7.935999999999999721e-01 2.795799999999999841e+02
1.487364643468879938e+09 7.934999999999999831e-01 2.795799999999999841e+02
1.487364643568682909e+09 7.934999999999999831e-01 2.795799999999999841e+02
1.487364643663033962e+09 7.933000000000000052e-01 2.795799999999999841e+02
1.487364643762826920e+09 7.936999999999999611e-01 2.795799999999999841e+02
1.487364643867660046e+09 7.931000000000000272e-01 2.795799999999999841e+02
1.487364643962327003e+09 7.939000000000000501e-01 2.795799999999999841e+02
1.487364644063726902e+09 7.930000000000000382e-01 2.795799999999999841e+02
1.487364644178560019e+09 7.943000000000000060e-01 2.795799999999999841e+02
1.487364644278280973e+09 7.932000000000000162e-01 2.795799999999999841e+02
1.487364644378015041e+09 7.935999999999999721e-01 2.795799999999999841e+02
1.487364644477787971e+09 7.932000000000000162e-01 2.795799999999999841e+02
1.487364644577544928e+09 7.939000000000000501e-01 2.795799999999999841e+02
1.487364644677313089e+09 7.936999999999999611e-01 2.795799999999999841e+02
1.487364644776990891e+09 7.937999999999999501e-01 2.795799999999999841e+02
1.487364644876760006e+09 7.930000000000000382e-01 2.795799999999999841e+02
1.487364644991581917e+09 7.935999999999999721e-01 2.795799999999999841e+02
1.487364645090578079e+09 7.936999999999999611e-01 2.795799999999999841e+02
1.487364645188752890e+09 7.931000000000000272e-01 2.795799999999999841e+02
1.487364645289566994e+09 7.940000000000000391e-01 2.795799999999999841e+02
1.487364645389607906e+09 7.943999999999999950e-01 2.795799999999999841e+02
1.487364645489737988e+09 7.932000000000000162e-01 2.795799999999999841e+02
1.487364645588644028e+09 7.941000000000000281e-01 2.795799999999999841e+02
1.487364645688441038e+09 7.934999999999999831e-01 2.795799999999999841e+02
1.487364645802608013e+09 7.939000000000000501e-01 2.795799999999999841e+02
1.487364645901489973e+09 7.932000000000000162e-01 2.795799999999999841e+02
1.487364646001317978e+09 7.934999999999999831e-01 2.795799999999999841e+02
1.487364646100522995e+09 7.945999999999999730e-01 2.795799999999999841e+02
1.487364646200546980e+09 7.933000000000000052e-01 2.795799999999999841e+02
1.487364646300440073e+09 7.937999999999999501e-01 2.795799999999999841e+02
1.487364646396884918e+09 7.943000000000000060e-01 2.795799999999999841e+02
1.487364646495760918e+09 7.939000000000000501e-01 2.795799999999999841e+02
1.487364646598464012e+09 7.936999999999999611e-01 2.795799999999999841e+02
1.487364646712465048e+09 7.940000000000000391e-01 2.795799999999999841e+02
1.487364646812550068e+09 7.932000000000000162e-01 2.795799999999999841e+02
1.487364646908832073e+09 7.942000000000000171e-01 2.795799999999999841e+02
1.487364647011245966e+09 7.929000000000000492e-01 2.795799999999999841e+02
1.487364647111238003e+09 7.940000000000000391e-01 2.795799999999999841e+02
1.487364647210453987e+09 7.934999999999999831e-01 2.795799999999999841e+02
