1.487363465169864893e+09 8.084999999999999964e-01 2.793899999999999864e+02
1.487363465275285006e+09 8.081000000000000405e-01 2.793899999999999864e+02
1.487363465375365019e+09 8.084000000000000075e-01 2.793899999999999864e+02
1.487363465474349022e+09 8.080000000000000515e-01 2.793799999999999955e+02
1.487363465574398994e+09 8.078999999999999515e-01 2.793799999999999955e+02
1.487363465674408913e+09 8.084000000000000075e-01 2.793799999999999955e+02
1.487363465772953033e+09 8.076999999999999735e-01 2.793899999999999864e+02
1.487363465883121967e+09 8.076999999999999735e-01 2.793899999999999864e+02
1.487363465987221956e+09 8.080000000000000515e-01 2.793899999999999864e+02
1.487363466086303949e+09 8.078999999999999515e-01 2.793799999999999955e+02
1.487363466184791088e+09 8.085999999999999854e-01 2.793799999999999955e+02
1.487363466286267042e+09 8.081000000000000405e-01 2.793799999999999955e+02
1.487363466384865046e+09 8.074000000000000066e-01 2.793799999999999955e+02
1.487363466484553099e+09 8.071000000000000396e-01 2.793799999999999955e+02
1.487363466579483032e+09 8.080000000000000515e-01 2.793799999999999955e+02
1.487363466693650007e+09 8.084999999999999964e-01 2.793799999999999955e+02
1.487363466795672894e+09 8.081000000000000405e-01 2.793799999999999955e+02
1.487363466895409107e+09 8.082000000000000295e-01 2.793799999999999955e+02
1.487363466995176077e+09 8.083000000000000185e-01 2.793799999999999955e+02
1.487363467094933033e+09 8.074999999999999956e-01 2.793799999999999955e+02
1.487363467194638014e+09 8.081000000000000405e-01 2.793799999999999955e+02
1.487363467294399023e+09 8.081000000000000405e-01 2.793799999999999955e+02
1.487363467394165039e+09 8.084999999999999964e-01 2.793799999999999955e+02
1.487363467493930101e+09 8.080000000000000515e-01 2.793899999999999864e+02
1.487363467604448080e+09 8.086999999999999744e-01 2.793799999999999955e+02
1.487363467708242893e+09 8.078999999999999515e-01 2.793799999999999955e+02
1.487363467805473089e+09 8.075999999999999845e-01 2.793799999999999955e+02
1.487363467904365063e+09 8.081000000000000405e-01 2.793899999999999864e+02
1.487363468007291079e+09 8.074000000000000066e-01 2.793899999999999864e+02
1.487363468104851007e+09 8.077999999999999625e-01 2.793799999999999955e+02
1.487363468206043959e+09 8.077999999999999625e-01 2.793799999999999955e+02
1.487363468306046009e+09 8.078999999999999515e-01 2.793799999999999955e+02
1.487363468401230097e+09 8.078999999999999515e-01 2.793799999999999955e+02
1.487363468518858910e+09 8.076999999999999735e-01 2.793799999999999955e+02
1.487363468619110107e+09 8.078999999999999515e-01 2.793799999999999955e+02
1.487363468719187975e+09 8.074000000000000066e-01 2.793799999999999955e+02
1.487363468818015099e+09 8.082000000000000295e-01 2.793799999999999955e+02
1.487363468917800903e+09 8.081000000000000405e-01 2.793799999999999955e+02
1.487363469017112017e+09 8.074999999999999956e-01 2.793799999999999955e+02
1.487363469117245913e+09 8.076999999999999735e-01 2.793799999999999955e+02
1.487363469217123032e+09 8.087999999999999634e-01 2.793799999999999955e+02
1.487363469315653086e+09 8.086999999999999744e-01 2.793799999999999955e+02
1.487363469429553986e+09 8.084000000000000075e-01 2.793799999999999955e+02
1.487363469529961109e+09 8.077999999999999625e-01 2.793799999999999955e+02
1.487363469628906965e+09 8.084000000000000075e-01 2.793799999999999955e+02
1.487363469723608017e+09 8.086999999999999744e-01 2.793799999999999955e+02
1.487363469825333118e+09 8.083000000000000185e-01 2.793799999999999955e+02
1.487363469925687075e+09 8.076999999999999735e-01 2.793799999999999955e+02
1.487363470027827024e+09 8.085999999999999854e-01 2.793799999999999955e+02
1.487363470122487068e+09 8.082000000000000295e-01 2.793799999999999955e+02
1.487363470237396002e+09 8.090000000000000524e-01 2.793799999999999955e+02
1.487363470337174892e+09 8.076999999999999735e-01 2.793799999999999955e+02
1.487363470435519934e+09 8.077999999999999625e-01 2.793799999999999955e+02
1.487363470536464930e+09 8.077999999999999625e-01 2.793899999999999864e+02
1.487363470635298014e+09 8.081000000000000405e-01 2.793799999999999955e+02
1.487363470736085892e+09 8.076999999999999735e-01 2.793799999999999955e+02
1.487363470835983038e+09 8.081000000000000405e-01 2.793799999999999955e+02
1.487363470935753107e+09 8.080000000000000515e-01 2.793899999999999864e+02
1.487363471051888943e+09 8.077999999999999625e-01 2.793799999999999955e+02
1.487363471151830912e+09 8.077999999999999625e-01 2.793799999999999955e+02
1.487363471250871897e+09 8.077999999999999625e-01 2.793799999999999955e+02
1.487363471348088026e+09 8.083000000000000185e-01 2.793799999999999955e+02
1.487363471449702978e+09 8.082000000000000295e-01 2.793799999999999955e+02
1.487363471549868107e+09 8.078999999999999515e-01 2.793799999999999955e+02
1.487363471649787903e+09 8.083000000000000185e-01 2.793799999999999955e+02
1.487363471748858929e+09 8.082000000000000295e-01 2.793799999999999955e+02
1.487363471857731104e+09 8.080000000000000515e-01 2.793799999999999955e+02
1.487363471962742090e+09 8.077999999999999625e-01 2.793799999999999955e+02
1.487363472057249069e+09 8.080000000000000515e-01 2.793799999999999955e+02
1.487363472161494970e+09 8.075999999999999845e-01 2.793799999999999955e+02
1.487363472261842012e+09 8.080000000000000515e-01 2.793799999999999955e+02
1.487363472360666037e+09 8.083000000000000185e-01 2.793799999999999955e+02
1.487363472460421085e+09 8.074000000000000066e-01 2.793799999999999955e+02
1.487363472559890985e+09 8.077999999999999625e-01 2.793799999999999955e+02
1.487363472673773050e+09 8.083000000000000185e-01 2.793799999999999955e+02
1.487363472771047115e+09 8.083000000000000185e-01 2.793799999999999955e+02
1.487363472873708010e+09 8.081000000000000405e-01 2.793799999999999955e+02
1.487363472972719908e+09 8.084000000000000075e-01 2.793799999999999955e+02
1.487363473071296930e+09 8.077999999999999625e-01 2.793799999999999955e+02
1.487363473168740034e+09 8.077999999999999625e-01 2.793799999999999955e+02
1.487363473271573067e+09 8.078999999999999515e-01 2.793799999999999955e+02
1.487363473368591070e+09 8.082000000000000295e-01 2.793799999999999955e+02
1.487363473470500946e+09 8.074999999999999956e-01 2.793799999999999955e+02
1.487363473584619999e+09 8.078999999999999515e-01 2.793799999999999955e+02
1.487363473684772968e+09 8.085999999999999854e-01 2.793799999999999955e+02
1.487363473778919935e+09 8.081000000000000405e-01 2.793799999999999955e+02
1.487363473878709078e+09 8.074999999999999956e-01 2.793799999999999955e+02
1.487363473978620052e+09 8.072000000000000286e-01 2.793799999999999955e+02
1.487363474078234911e+09 8.080000000000000515e-01 2.793799999999999955e+02
1.487363474177983046e+09 8.077999999999999625e-01 2.793799999999999955e+02
1.487363474277724028e+09 8.082000000000000295e-01 2.793799999999999955e+02
1.487363474393486023e+09 8.081000000000000405e-01 2.793799999999999955e+02
1.487363474493936062e+09 8.085999999999999854e-01 2.793799999999999955e+02
1.487363474593684912e+09 8.077999999999999625e-01 2.793799999999999955e+02
1.487363474693449020e+09 8.074999999999999956e-01 2.793799999999999955e+02
1.487363474793201923e+09 8.077999999999999625e-01 2.793799999999999955e+02
1.487363474892967939e+09 8.074999999999999956e-01 2.793799999999999955e+02
1.487363474991379023e+09 8.081000000000000405e-01 2.793799999999999955e+02
1.487363475092489004e+09 8.080000000000000515e-01 2.793799999999999955e+02
1.487363475206496954e+09 8.081000000000000405e-01 2.793799999999999955e+02
1.487363475306581020e+09 8.078999999999999515e-01 2.793799999999999955e+02
1.487363475400655031e+09 8.077999999999999625e-01 2.793799999999999955e+02
1.487363475505462885e+09 8.082000000000000295e-01 2.793799999999999955e+02
1.487363475604123116e+09 8.085999999999999854e-01 2.793799999999999955e+02
1.487363475704505920e+09 8.078999999999999515e-01 2.793799999999999955e+02
1.487363475798602104e+09 8.075999999999999845e-01 2.793799999999999955e+02
1.487363475903425932e+09 8.077999999999999625e-01 2.793799999999999955e+02
1.487363476016213894e+09 8.084999999999999964e-01 2.793799999999999955e+02
1.487363476117321014e+09 8.078999999999999515e-01 2.793799999999999955e+02
1.487363476216501951e+09 8.078999999999999515e-01 2.793799999999999955e+02
1.487363476316488981e+09 8.085999999999999854e-01 2.793799999999999955e+02
1.487363476415054083e+09 8.078999999999999515e-01 2.793799999999999955e+02
1.487363476515371084e+09 8.074999999999999956e-01 2.793799999999999955e+02
1.487363476615365982e+09 8.075999999999999845e-01 2.793799999999999955e+02
1.487363476728436947e+09 8.080000000000000515e-01 2.793799999999999955e+02
1.487363476827101946e+09 8.076999999999999735e-01 2.793799999999999955e+02
1.487363476923970938e+09 8.072000000000000286e-01 2.793799999999999955e+02
1.487363477024390936e+09 8.074000000000000066e-01 2.793799999999999955e+02
1.487363477125968933e+09 8.085999999999999854e-01 2.793799999999999955e+02
1.487363477225496054e+09 8.081000000000000405e-01 2.793799999999999955e+02
1.487363477326169968e+09 8.078999999999999515e-01 2.793799999999999955e+02
1.487363477421499014e+09 8.075999999999999845e-01 2.793799999999999955e+02
1.487363477525346041e+09 8.072000000000000286e-01 2.793799999999999955e+02
1.487363477636409044e+09 8.081000000000000405e-01 2.793799999999999955e+02
1.487363477736141920e+09 8.083000000000000185e-01 2.793799999999999955e+02
1.487363477835912943e+09 8.077999999999999625e-01 2.793799999999999955e+02
1.487363477935672998e+09 8.074999999999999956e-01 2.793799999999999955e+02
1.487363478035429001e+09 8.082000000000000295e-01 2.793799999999999955e+02
1.487363478134284019e+09 8.078999999999999515e-01 2.793799999999999955e+02
1.487363478234976053e+09 8.082000000000000295e-01 2.793799999999999955e+02
1.487363478334736109e+09 8.083000000000000185e-01 2.793799999999999955e+02
1.487363478434511900e+09 8.074000000000000066e-01 2.793799999999999955e+02
1.487363478550223112e+09 8.081000000000000405e-01 2.793799999999999955e+02
1.487363478649265051e+09 8.076999999999999735e-01 2.793799999999999955e+02
1.487363478749279976e+09 8.081000000000000405e-01 2.793799999999999955e+02
1.487363478849104881e+09 8.080000000000000515e-01 2.793799999999999955e+02
1.487363478948093891e+09 8.072000000000000286e-01 2.793799999999999955e+02
1.487363479048113108e+09 8.082000000000000295e-01 2.793799999999999955e+02
1.487363479147211075e+09 8.081000000000000405e-01 2.793799999999999955e+02
1.487363479247286081e+09 8.075999999999999845e-01 2.793799999999999955e+02
1.487363479358212948e+09 8.068999999999999506e-01 2.793799999999999955e+02
1.487363479460109949e+09 8.072000000000000286e-01 2.793799999999999955e+02
1.487363479560209036e+09 8.084999999999999964e-01 2.793799999999999955e+02
1.487363479660170078e+09 8.081000000000000405e-01 2.793799999999999955e+02
1.487363479759047985e+09 8.075999999999999845e-01 2.793799999999999955e+02
1.487363479858853102e+09 8.084999999999999964e-01 2.793799999999999955e+02
1.487363479958009005e+09 8.081000000000000405e-01 2.793799999999999955e+02
1.487363480057917118e+09 8.071000000000000396e-01 2.793799999999999955e+02
1.487363480168282032e+09 8.074999999999999956e-01 2.793799999999999955e+02
1.487363480268601894e+09 8.077999999999999625e-01 2.793799999999999955e+02
1.487363480367464066e+09 8.074000000000000066e-01 2.793799999999999955e+02
1.487363480470930099e+09 8.076999999999999735e-01 2.793799999999999955e+02
1.487363480567441940e+09 8.084000000000000075e-01 2.793799999999999955e+02
1.487363480669848919e+09 8.077999999999999625e-01 2.793799999999999955e+02
1.487363480769098043e+09 8.077999999999999625e-01 2.793799999999999955e+02
1.487363480869102001e+09 8.081000000000000405e-01 2.793799999999999955e+02
1.487363480978323936e+09 8.078999999999999515e-01 2.793799999999999955e+02
1.487363481078198910e+09 8.077999999999999625e-01 2.793799999999999955e+02
1.487363481177963018e+09 8.081000000000000405e-01 2.793799999999999955e+02
1.487363481277663946e+09 8.080000000000000515e-01 2.793799999999999955e+02
1.487363481379002094e+09 8.076999999999999735e-01 2.793799999999999955e+02
1.487363481477201939e+09 8.078999999999999515e-01 2.793799999999999955e+02
1.487363481576958895e+09 8.083000000000000185e-01 2.793799999999999955e+02
1.487363481676728964e+09 8.083000000000000185e-01 2.793799999999999955e+02
1.487363481793127060e+09 8.083000000000000185e-01 2.793799999999999955e+02
1.487363481892894030e+09 8.083000000000000185e-01 2.793799999999999955e+02
1.487363481992639065e+09 8.076999999999999735e-01 2.793799999999999955e+02
1.487363482092406988e+09 8.083000000000000185e-01 2.793799999999999955e+02
1.487363482189563036e+09 8.078999999999999515e-01 2.793799999999999955e+02
1.487363482291826010e+09 8.081000000000000405e-01 2.793799999999999955e+02
1.487363482390875101e+09 8.082000000000000295e-01 2.793799999999999955e+02
1.487363482490886927e+09 8.083000000000000185e-01 2.793799999999999955e+02
1.487363482604847908e+09 8.080000000000000515e-01 2.793799999999999955e+02
1.487363482703876972e+09 8.080000000000000515e-01 2.793799999999999955e+02
1.487363482800134897e+09 8.077999999999999625e-01 2.793799999999999955e+02
1.487363482903846979e+09 8.080000000000000515e-01 2.793799999999999955e+02
1.487363483002738953e+09 8.081000000000000405e-01 2.793799999999999955e+02
1.487363483102802038e+09 8.084999999999999964e-01 2.793799999999999955e+02
1.487363483198616982e+09 8.084999999999999964e-01 2.793799999999999955e+02
1.487363483299146891e+09 8.085999999999999854e-01 2.793799999999999955e+02
1.487363483415663004e+09 8.078999999999999515e-01 2.793799999999999955e+02
1.487363483514667988e+09 8.074999999999999956e-01 2.793799999999999955e+02
1.487363483614739895e+09 8.078999999999999515e-01 2.793799999999999955e+02
1.487363483714703083e+09 8.081000000000000405e-01 2.793799999999999955e+02
1.487363483813879967e+09 8.072000000000000286e-01 2.793799999999999955e+02
1.487363483910289049e+09 8.081000000000000405e-01 2.793799999999999955e+02
1.487363484010266066e+09 8.078999999999999515e-01 2.793799999999999955e+02
1.487363484112854958e+09 8.073000000000000176e-01 2.793799999999999955e+02
1.487363484226577044e+09 8.080000000000000515e-01 2.793799999999999955e+02
1.487363484323822975e+09 8.071000000000000396e-01 2.793799999999999955e+02
1.487363484425595999e+09 8.078999999999999515e-01 2.793799999999999955e+02
1.487363484522373915e+09 8.078999999999999515e-01 2.793799999999999955e+02
1.487363484619718075e+09 8.080000000000000515e-01 2.793799999999999955e+02
1.487363484724571943e+09 8.077999999999999625e-01 2.793799999999999955e+02
1.487363484824613094e+09 8.074000000000000066e-01 2.793799999999999955e+02
1.487363484919003963e+09 8.082000000000000295e-01 2.793799999999999955e+02
1.487363485018759012e+09 8.084000000000000075e-01 2.793799999999999955e+02
1.487363485133306026e+09 8.074000000000000066e-01 2.793799999999999955e+02
1.487363485234848976e+09 8.087999999999999634e-01 2.793799999999999955e+02
1.487363485334650040e+09 8.084999999999999964e-01 2.793799999999999955e+02
1.487363485434400082e+09 8.078999999999999515e-01 2.793799999999999955e+02
1.487363485534176111e+09 8.084000000000000075e-01 2.793799999999999955e+02
1.487363485630281925e+09 8.075999999999999845e-01 2.793799999999999955e+02
1.487363485733697891e+09 8.080000000000000515e-01 2.793799999999999955e+02
1.487363485848525047e+09 8.085999999999999854e-01 2.793799999999999955e+02
1.487363485948462963e+09 8.083000000000000185e-01 2.793799999999999955e+02
1.487363486047607899e+09 8.081000000000000405e-01 2.793799999999999955e+02
1.487363486147619963e+09 8.086999999999999744e-01 2.793799999999999955e+02
1.487363486246489048e+09 8.077999999999999625e-01 2.793799999999999955e+02
1.487363486346405983e+09 8.081000000000000405e-01 2.793799999999999955e+02
1.487363486446579933e+09 8.082000000000000295e-01 2.793799999999999955e+02
1.487363486545583010e+09 8.088999999999999524e-01 2.793799999999999955e+02
1.487363486645450115e+09 8.070000000000000506e-01 2.793799999999999955e+02
1.487363486759428978e+09 8.077999999999999625e-01 2.793799999999999955e+02
1.487363486858367920e+09 8.082000000000000295e-01 2.793799999999999955e+02
1.487363486958519936e+09 8.077999999999999625e-01 2.793799999999999955e+02
1.487363487057404041e+09 8.074000000000000066e-01 2.793799999999999955e+02
1.487363487154267073e+09 8.073000000000000176e-01 2.793799999999999955e+02
1.487363487257379055e+09 8.076999999999999735e-01 2.793799999999999955e+02
1.487363487356327057e+09 8.076999999999999735e-01 2.793799999999999955e+02
1.487363487456449032e+09 8.084999999999999964e-01 2.793799999999999955e+02
1.487363487555681944e+09 8.083000000000000185e-01 2.793799999999999955e+02
1.487363487664937973e+09 8.074999999999999956e-01 2.793799999999999955e+02
1.487363487769320965e+09 8.085999999999999854e-01 2.793799999999999955e+02
1.487363487866099119e+09 8.074000000000000066e-01 2.793799999999999955e+02
1.487363487968290091e+09 8.084999999999999964e-01 2.793799999999999955e+02
1.487363488068347931e+09 8.076999999999999735e-01 2.793799999999999955e+02
1.487363488167335033e+09 8.084000000000000075e-01 2.793799999999999955e+02
1.487363488267246008e+09 8.077999999999999625e-01 2.793799999999999955e+02
1.487363488366472006e+09 8.083000000000000185e-01 2.793799999999999955e+02
1.487363488475481033e+09 8.076999999999999735e-01 2.793799999999999955e+02
1.487363488576932907e+09 8.080000000000000515e-01 2.793799999999999955e+02
1.487363488678242922e+09 8.081000000000000405e-01 2.793799999999999955e+02
1.487363488776457071e+09 8.074999999999999956e-01 2.793799999999999955e+02
1.487363488876223087e+09 8.074999999999999956e-01 2.793799999999999955e+02
1.487363488978127003e+09 8.084000000000000075e-01 2.793799999999999955e+02
1.487363489075753927e+09 8.082000000000000295e-01 2.793799999999999955e+02
1.487363489175396919e+09 8.080000000000000515e-01 2.793799999999999955e+02
1.487363489291047096e+09 8.080000000000000515e-01 2.793799999999999955e+02
1.487363489391091108e+09 8.083000000000000185e-01 2.793799999999999955e+02
1.487363489490132093e+09 8.082000000000000295e-01 2.793799999999999955e+02
1.487363489590248108e+09 8.081000000000000405e-01 2.793799999999999955e+02
1.487363489690049887e+09 8.080000000000000515e-01 2.793799999999999955e+02
1.487363489789112091e+09 8.077999999999999625e-01 2.793799999999999955e+02
1.487363489885898113e+09 8.071000000000000396e-01 2.793799999999999955e+02
1.487363489988286972e+09 8.076999999999999735e-01 2.793799999999999955e+02
1.487363490102082968e+09 8.074999999999999956e-01 2.793799999999999955e+02
1.487363490202487946e+09 8.078999999999999515e-01 2.793799999999999955e+02
1.487363490302380085e+09 8.078999999999999515e-01 2.793799999999999955e+02
1.487363490397950888e+09 8.075999999999999845e-01 2.793799999999999955e+02
1.487363490500319004e+09 8.075999999999999845e-01 2.793799999999999955e+02
1.487363490599983931e+09 8.081000000000000405e-01 2.793799999999999955e+02
1.487363490700062990e+09 8.074999999999999956e-01 2.793799999999999955e+02
1.487363490800132990e+09 8.070000000000000506e-01 2.793799999999999955e+02
1.487363490910732031e+09 8.083000000000000185e-01 2.793799999999999955e+02
1.487363491013176918e+09 8.077999999999999625e-01 2.793799999999999955e+02
1.487363491112981081e+09 8.074999999999999956e-01 2.793799999999999955e+02
1.487363491210028887e+09 8.078999999999999515e-01 2.793799999999999955e+02
1.487363491311902046e+09 8.087999999999999634e-01 2.793799999999999955e+02
1.487363491410908937e+09 8.075999999999999845e-01 2.793799999999999955e+02
1.487363491511059046e+09 8.073000000000000176e-01 2.793799999999999955e+02
1.487363491610867023e+09 8.077999999999999625e-01 2.793799999999999955e+02
1.487363491724924088e+09 8.080000000000000515e-01 2.793799999999999955e+02
1.487363491819133043e+09 8.074999999999999956e-01 2.793799999999999955e+02
1.487363491923989058e+09 8.077999999999999625e-01 2.793799999999999955e+02
1.487363492018681049e+09 8.077999999999999625e-01 2.793799999999999955e+02
1.487363492118426085e+09 8.080000000000000515e-01 2.793799999999999955e+02
1.487363492218226910e+09 8.084999999999999964e-01 2.793799999999999955e+02
1.487363492317980051e+09 8.075999999999999845e-01 2.793799999999999955e+02
1.487363492416865110e+09 8.080000000000000515e-01 2.793799999999999955e+02
1.487363492534133911e+09 8.084999999999999964e-01 2.793799999999999955e+02
1.487363492634294033e+09 8.072000000000000286e-01 2.793799999999999955e+02
1.487363492733649015e+09 8.074000000000000066e-01 2.793799999999999955e+02
1.487363492833429098e+09 8.077999999999999625e-01 2.793799999999999955e+02
1.487363492932751894e+09 8.077999999999999625e-01 2.793799999999999955e+02
1.487363493032924891e+09 8.081000000000000405e-01 2.793799999999999955e+02
1.487363493129359007e+09 8.073000000000000176e-01 2.793799999999999955e+02
1.487363493232511997e+09 8.080000000000000515e-01 2.793799999999999955e+02
1.487363493327224016e+09 8.083000000000000185e-01 2.793799999999999955e+02
1.487363493440782070e+09 8.074000000000000066e-01 2.793799999999999955e+02
1.487363493545785904e+09 8.077999999999999625e-01 2.793799999999999955e+02
1.487363493644732952e+09 8.074999999999999956e-01 2.793799999999999955e+02
1.487363493742017984e+09 8.082000000000000295e-01 2.793799999999999955e+02
1.487363493839173079e+09 8.078999999999999515e-01 2.793799999999999955e+02
1.487363493941034079e+09 8.074999999999999956e-01 2.793799999999999955e+02
1.487363494042124987e+09 8.078999999999999515e-01 2.793799999999999955e+02
1.487363494139509916e+09 8.083000000000000185e-01 2.793799999999999955e+02
1.487363494252944946e+09 8.073000000000000176e-01 2.793799999999999955e+02
1.487363494352744102e+09 8.077999999999999625e-01 2.793799999999999955e+02
1.487363494452819109e+09 8.084999999999999964e-01 2.793799999999999955e+02
1.487363494552938938e+09 8.080000000000000515e-01 2.793799999999999955e+02
1.487363494649230003e+09 8.078999999999999515e-01 2.793799999999999955e+02
1.487363494749723911e+09 8.082000000000000295e-01 2.793799999999999955e+02
1.487363494854643106e+09 8.080000000000000515e-01 2.793799999999999955e+02
1.487363494967700005e+09 8.084000000000000075e-01 2.793799999999999955e+02
1.487363495067583084e+09 8.084000000000000075e-01 2.793799999999999955e+02
1.487363495167591095e+09 8.077999999999999625e-01 2.793799999999999955e+02
1.487363495263647079e+09 8.074999999999999956e-01 2.793799999999999955e+02
1.487363495366630077e+09 8.072000000000000286e-01 2.793799999999999955e+02
1.487363495465362072e+09 8.076999999999999735e-01 2.793799999999999955e+02
1.487363495565640926e+09 8.075999999999999845e-01 2.793799999999999955e+02
1.487363495665518999e+09 8.075999999999999845e-01 2.793799999999999955e+02
1.487363495759711027e+09 8.083000000000000185e-01 2.793799999999999955e+02
1.487363495876132011e+09 8.084000000000000075e-01 2.793799999999999955e+02
1.487363495975910902e+09 8.074999999999999956e-01 2.793799999999999955e+02
1.487363496075661898e+09 8.080000000000000515e-01 2.793799999999999955e+02
1.487363496175427914e+09 8.080000000000000515e-01 2.793799999999999955e+02
1.487363496275180101e+09 8.081000000000000405e-01 2.793799999999999955e+02
1.487363496374954939e+09 8.076999999999999735e-01 2.793799999999999955e+02
1.487363496474747896e+09 8.077999999999999625e-01 2.793799999999999955e+02
1.487363496574485064e+09 8.084999999999999964e-01 2.793799999999999955e+02
1.487363496684623957e+09 8.073000000000000176e-01 2.793799999999999955e+02
1.487363496789469957e+09 8.081000000000000405e-01 2.793799999999999955e+02
1.487363496886894941e+09 8.076999999999999735e-01 2.793799999999999955e+02
1.487363496988549948e+09 8.081000000000000405e-01 2.793799999999999955e+02
1.487363497087989092e+09 8.083000000000000185e-01 2.793799999999999955e+02
1.487363497187619925e+09 8.080000000000000515e-01 2.793799999999999955e+02
1.487363497287436962e+09 8.077999999999999625e-01 2.793799999999999955e+02
1.487363497386554956e+09 8.073000000000000176e-01 2.793799999999999955e+02
1.487363497500469923e+09 8.080000000000000515e-01 2.793799999999999955e+02
1.487363497600322962e+09 8.078999999999999515e-01 2.793799999999999955e+02
1.487363497700512886e+09 8.084999999999999964e-01 2.793799999999999955e+02
1.487363497799390078e+09 8.084000000000000075e-01 2.793799999999999955e+02
1.487363497899230957e+09 8.073000000000000176e-01 2.793799999999999955e+02
1.487363497998409033e+09 8.077999999999999625e-01 2.793799999999999955e+02
1.487363498098537922e+09 8.067999999999999616e-01 2.793799999999999955e+02
1.487363498197359085e+09 8.081000000000000405e-01 2.793799999999999955e+02
1.487363498311402082e+09 8.078999999999999515e-01 2.793799999999999955e+02
1.487363498411298037e+09 8.085999999999999854e-01 2.793799999999999955e+02
1.487363498507771015e+09 8.074999999999999956e-01 2.793799999999999955e+02
1.487363498610420942e+09 8.082000000000000295e-01 2.793799999999999955e+02
1.487363498705621958e+09 8.074000000000000066e-01 2.793799999999999955e+02
1.487363498807415009e+09 8.084000000000000075e-01 2.793799999999999955e+02
1.487363498909512997e+09 8.080000000000000515e-01 2.793799999999999955e+02
1.487363499004547119e+09 8.074999999999999956e-01 2.793799999999999955e+02
1.487363499104656935e+09 8.080000000000000515e-01 2.793799999999999955e+02
1.487363499218101978e+09 8.080000000000000515e-01 2.793799999999999955e+02
1.487363499317862034e+09 8.077999999999999625e-01 2.793799999999999955e+02
1.487363499417663097e+09 8.081000000000000405e-01 2.793799999999999955e+02
1.487363499517421961e+09 8.080000000000000515e-01 2.793799999999999955e+02
1.487363499617069960e+09 8.078999999999999515e-01 2.793799999999999955e+02
1.487363499718166113e+09 8.071000000000000396e-01 2.793799999999999955e+02
1.487363499816543102e+09 8.074000000000000066e-01 2.793799999999999955e+02
1.487363499930167913e+09 8.078999999999999515e-01 2.793799999999999955e+02
1.487363500032875061e+09 8.071000000000000396e-01 2.793799999999999955e+02
1.487363500132637978e+09 8.081000000000000405e-01 2.793799999999999955e+02
1.487363500227991104e+09 8.074000000000000066e-01 2.793799999999999955e+02
1.487363500330786943e+09 8.080000000000000515e-01 2.793799999999999955e+02
1.487363500428035975e+09 8.074999999999999956e-01 2.793799999999999955e+02
1.487363500531275988e+09 8.073000000000000176e-01 2.793799999999999955e+02
1.487363500631470919e+09 8.080000000000000515e-01 2.793799999999999955e+02
1.487363500730187893e+09 8.078999999999999515e-01 2.793799999999999955e+02
1.487363500842721939e+09 8.077999999999999625e-01 2.793799999999999955e+02
1.487363500943697929e+09 8.074000000000000066e-01 2.793799999999999955e+02
1.487363501043257952e+09 8.074000000000000066e-01 2.793799999999999955e+02
1.487363501143173933e+09 8.075999999999999845e-01 2.793799999999999955e+02
1.487363501242168903e+09 8.077999999999999625e-01 2.793799999999999955e+02
1.487363501342139006e+09 8.071000000000000396e-01 2.793799999999999955e+02
1.487363501441680908e+09 8.074999999999999956e-01 2.793799999999999955e+02
1.487363501541145086e+09 8.068999999999999506e-01 2.793799999999999955e+02
1.487363501636183023e+09 8.083000000000000185e-01 2.793799999999999955e+02
1.487363501755115986e+09 8.073000000000000176e-01 2.793799999999999955e+02
1.487363501853936911e+09 8.077999999999999625e-01 2.793799999999999955e+02
1.487363501953993082e+09 8.078999999999999515e-01 2.793799999999999955e+02
1.487363502050060034e+09 8.082000000000000295e-01 2.793799999999999955e+02
1.487363502149171114e+09 8.076999999999999735e-01 2.793799999999999955e+02
1.487363502253053904e+09 8.077999999999999625e-01 2.793799999999999955e+02
1.487363502349121094e+09 8.082000000000000295e-01 2.793799999999999955e+02
1.487363502450784922e+09 8.075999999999999845e-01 2.793799999999999955e+02
1.487363502564831018e+09 8.072000000000000286e-01 2.793799999999999955e+02
1.487363502664971113e+09 8.081000000000000405e-01 2.793799999999999955e+02
1.487363502765151024e+09 8.083000000000000185e-01 2.793799999999999955e+02
1.487363502864865065e+09 8.080000000000000515e-01 2.793799999999999955e+02
1.487363502959254980e+09 8.074999999999999956e-01 2.793799999999999955e+02
1.487363503064034939e+09 8.074999999999999956e-01 2.793799999999999955e+02
1.487363503158696890e+09 8.072000000000000286e-01 2.793799999999999955e+02
1.487363503258512020e+09 8.070000000000000506e-01 2.793799999999999955e+02
1.487363503374412060e+09 8.077999999999999625e-01 2.793799999999999955e+02
1.487363503474639893e+09 8.075999999999999845e-01 2.793799999999999955e+02
1.487363503574595928e+09 8.073000000000000176e-01 2.793799999999999955e+02
1.487363503674180984e+09 8.075999999999999845e-01 2.793799999999999955e+02
1.487363503771823883e+09 8.081000000000000405e-01 2.793799999999999955e+02
1.487363503873718977e+09 8.073000000000000176e-01 2.793799999999999955e+02
1.487363503973582029e+09 8.081000000000000405e-01 2.793799999999999955e+02
1.487363504071396112e+09 8.070000000000000506e-01 2.793799999999999955e+02
1.487363504187994957e+09 8.070000000000000506e-01 2.793799999999999955e+02
1.487363504287197113e+09 8.074999999999999956e-01 2.793799999999999955e+02
1.487363504387036085e+09 8.081000000000000405e-01 2.793799999999999955e+02
1.487363504486936092e+09 8.080000000000000515e-01 2.793899999999999864e+02
1.487363504585850954e+09 8.081000000000000405e-01 2.793899999999999864e+02
1.487363504683043957e+09 8.080000000000000515e-01 2.793899999999999864e+02
1.487363504784790039e+09 8.076999999999999735e-01 2.793799999999999955e+02
1.487363504898721933e+09 8.085999999999999854e-01 2.793799999999999955e+02
1.487363504998624086e+09 8.083000000000000185e-01 2.793899999999999864e+02
1.487363505097774029e+09 8.072000000000000286e-01 2.793899999999999864e+02
1.487363505197786093e+09 8.082000000000000295e-01 2.793799999999999955e+02
1.487363505297717094e+09 8.071000000000000396e-01 2.793799999999999955e+02
1.487363505396776915e+09 8.083000000000000185e-01 2.793799999999999955e+02
1.487363505496851921e+09 8.083000000000000185e-01 2.793799999999999955e+02
1.487363505595827103e+09 8.074999999999999956e-01 2.793799999999999955e+02
1.487363505695650101e+09 8.077999999999999625e-01 2.793799999999999955e+02
1.487363505809679985e+09 8.067999999999999616e-01 2.793799999999999955e+02
1.487363505908741951e+09 8.074999999999999956e-01 2.793799999999999955e+02
1.487363506008817911e+09 8.067999999999999616e-01 2.793799999999999955e+02
1.487363506104288101e+09 8.074000000000000066e-01 2.793799999999999955e+02
1.487363506207587004e+09 8.073000000000000176e-01 2.793799999999999955e+02
1.487363506307729006e+09 8.074999999999999956e-01 2.793799999999999955e+02
1.487363506406789064e+09 8.080000000000000515e-01 2.793799999999999955e+02
1.487363506506509066e+09 8.081000000000000405e-01 2.793899999999999864e+02
1.487363506602962971e+09 8.076999999999999735e-01 2.793799999999999955e+02
1.487363506716928005e+09 8.077999999999999625e-01 2.793799999999999955e+02
1.487363506816695929e+09 8.080000000000000515e-01 2.793799999999999955e+02
1.487363506916465998e+09 8.078999999999999515e-01 2.793799999999999955e+02
1.487363507016238928e+09 8.076999999999999735e-01 2.793899999999999864e+02
1.487363507116005898e+09 8.076999999999999735e-01 2.793899999999999864e+02
1.487363507215711117e+09 8.075999999999999845e-01 2.793799999999999955e+02
1.487363507315448999e+09 8.074000000000000066e-01 2.793799999999999955e+02
1.487363507413314104e+09 8.076999999999999735e-01 2.793799999999999955e+02
1.487363507531477928e+09 8.077999999999999625e-01 2.793799999999999955e+02
1.487363507630465031e+09 8.082000000000000295e-01 2.793799999999999955e+02
1.487363507730529070e+09 8.080000000000000515e-01 2.793799999999999955e+02
1.487363507829467058e+09 8.076999999999999735e-01 2.793799999999999955e+02
1.487363507929099083e+09 8.072000000000000286e-01 2.793799999999999955e+02
1.487363508029444933e+09 8.084999999999999964e-01 2.793799999999999955e+02
1.487363508128546000e+09 8.076999999999999735e-01 2.793799999999999955e+02
1.487363508224104881e+09 8.080000000000000515e-01 2.793799999999999955e+02
1.487363508337634087e+09 8.073000000000000176e-01 2.793799999999999955e+02
1.487363508441488028e+09 8.075999999999999845e-01 2.793899999999999864e+02
1.487363508541368961e+09 8.078999999999999515e-01 2.793899999999999864e+02
1.487363508640526056e+09 8.070000000000000506e-01 2.793799999999999955e+02
1.487363508740413904e+09 8.077999999999999625e-01 2.793899999999999864e+02
1.487363508837610006e+09 8.078999999999999515e-01 2.793899999999999864e+02
1.487363508939577103e+09 8.075999999999999845e-01 2.793799999999999955e+02
1.487363509035046101e+09 8.075999999999999845e-01 2.793899999999999864e+02
1.487363509149321079e+09 8.078999999999999515e-01 2.793799999999999955e+02
1.487363509250572920e+09 8.076999999999999735e-01 2.793799999999999955e+02
1.487363509352159023e+09 8.076999999999999735e-01 2.793899999999999864e+02
1.487363509451354027e+09 8.077999999999999625e-01 2.793799999999999955e+02
1.487363509551337957e+09 8.074000000000000066e-01 2.793799999999999955e+02
1.487363509651051044e+09 8.084999999999999964e-01 2.793799999999999955e+02
1.487363509748095989e+09 8.074999999999999956e-01 2.793799999999999955e+02
1.487363509846785069e+09 8.075999999999999845e-01 2.793899999999999864e+02
1.487363509959320068e+09 8.084999999999999964e-01 2.793899999999999864e+02
1.487363510061997890e+09 8.071000000000000396e-01 2.793799999999999955e+02
1.487363510158657074e+09 8.076999999999999735e-01 2.793799999999999955e+02
1.487363510258462906e+09 8.078999999999999515e-01 2.793799999999999955e+02
1.487363510358226061e+09 8.073000000000000176e-01 2.793899999999999864e+02
1.487363510457971096e+09 8.074000000000000066e-01 2.793899999999999864e+02
1.487363510557008028e+09 8.081000000000000405e-01 2.793899999999999864e+02
1.487363510657507896e+09 8.073000000000000176e-01 2.793799999999999955e+02
1.487363510773900032e+09 8.078999999999999515e-01 2.793899999999999864e+02
1.487363510873663902e+09 8.074000000000000066e-01 2.793899999999999864e+02
1.487363510973470926e+09 8.083000000000000185e-01 2.793899999999999864e+02
1.487363511073156118e+09 8.078999999999999515e-01 2.793899999999999864e+02
1.487363511172936916e+09 8.077999999999999625e-01 2.793799999999999955e+02
1.487363511269715071e+09 8.075999999999999845e-01 2.793799999999999955e+02
1.487363511371892929e+09 8.076999999999999735e-01 2.793799999999999955e+02
1.487363511469316959e+09 8.076999999999999735e-01 2.793899999999999864e+02
1.487363511581348896e+09 8.076999999999999735e-01 2.793899999999999864e+02
1.487363511685245991e+09 8.078999999999999515e-01 2.793899999999999864e+02
1.487363511785067081e+09 8.078999999999999515e-01 2.793899999999999864e+02
1.487363511884160995e+09 8.082000000000000295e-01 2.793899999999999864e+02
1.487363511982002974e+09 8.083000000000000185e-01 2.793899999999999864e+02
1.487363512081995964e+09 8.075999999999999845e-01 2.793799999999999955e+02
1.487363512183021069e+09 8.075999999999999845e-01 2.793899999999999864e+02
1.487363512283016920e+09 8.082000000000000295e-01 2.793899999999999864e+02
1.487363512395992994e+09 8.073000000000000176e-01 2.793899999999999864e+02
1.487363512496166945e+09 8.075999999999999845e-01 2.793899999999999864e+02
1.487363512596020937e+09 8.082000000000000295e-01 2.793899999999999864e+02
1.487363512695106983e+09 8.067999999999999616e-01 2.793899999999999864e+02
1.487363512795157909e+09 8.081000000000000405e-01 2.793799999999999955e+02
1.487363512895133972e+09 8.075999999999999845e-01 2.793799999999999955e+02
1.487363512994169950e+09 8.076999999999999735e-01 2.793799999999999955e+02
1.487363513094026089e+09 8.074999999999999956e-01 2.793899999999999864e+02
1.487363513194021940e+09 8.071000000000000396e-01 2.793899999999999864e+02
1.487363513306920052e+09 8.084000000000000075e-01 2.793899999999999864e+02
1.487363513406991959e+09 8.081000000000000405e-01 2.793899999999999864e+02
1.487363513507031918e+09 8.081000000000000405e-01 2.793899999999999864e+02
1.487363513605979919e+09 8.076999999999999735e-01 2.793899999999999864e+02
1.487363513705946922e+09 8.084999999999999964e-01 2.793899999999999864e+02
1.487363513799973965e+09 8.081000000000000405e-01 2.793899999999999864e+02
1.487363513905019045e+09 8.074999999999999956e-01 2.793899999999999864e+02
1.487363514014518976e+09 8.085999999999999854e-01 2.793899999999999864e+02
1.487363514115926027e+09 8.070000000000000506e-01 2.793899999999999864e+02
1.487363514215662956e+09 8.074999999999999956e-01 2.793799999999999955e+02
1.487363514315423965e+09 8.077999999999999625e-01 2.793899999999999864e+02
1.487363514415195942e+09 8.074999999999999956e-01 2.793899999999999864e+02
1.487363514514966011e+09 8.084999999999999964e-01 2.793899999999999864e+02
1.487363514614721060e+09 8.083000000000000185e-01 2.793899999999999864e+02
1.487363514714483976e+09 8.078999999999999515e-01 2.793899999999999864e+02
1.487363514814244032e+09 8.077999999999999625e-01 2.793899999999999864e+02
1.487363514927108049e+09 8.074999999999999956e-01 2.793899999999999864e+02
1.487363515028984070e+09 8.067999999999999616e-01 2.793899999999999864e+02
1.487363515126971006e+09 8.050000000000000488e-01 2.793899999999999864e+02
1.487363515227785110e+09 8.048999999999999488e-01 2.793899999999999864e+02
1.487363515327759027e+09 8.050000000000000488e-01 2.793899999999999864e+02
1.487363515426862001e+09 8.045999999999999819e-01 2.793899999999999864e+02
1.487363515526762009e+09 8.050000000000000488e-01 2.793899999999999864e+02
1.487363515626734972e+09 8.057999999999999607e-01 2.793899999999999864e+02
1.487363515725874901e+09 8.053000000000000158e-01 2.793899999999999864e+02
1.487363515839730024e+09 8.043000000000000149e-01 2.793899999999999864e+02
1.487363515939677000e+09 8.052000000000000268e-01 2.793899999999999864e+02
1.487363516038753986e+09 8.052000000000000268e-01 2.793899999999999864e+02
1.487363516133835077e+09 8.054000000000000048e-01 2.793899999999999864e+02
1.487363516237700939e+09 8.041000000000000369e-01 2.793899999999999864e+02
1.487363516337574959e+09 8.043000000000000149e-01 2.793899999999999864e+02
1.487363516437769890e+09 8.052000000000000268e-01 2.793899999999999864e+02
1.487363516536889076e+09 8.047999999999999599e-01 2.793899999999999864e+02
1.487363516650645971e+09 8.050000000000000488e-01 2.793899999999999864e+02
1.487363516750572920e+09 8.051000000000000378e-01 2.793899999999999864e+02
1.487363516848000050e+09 8.054000000000000048e-01 2.793899999999999864e+02
1.487363516949649096e+09 8.048999999999999488e-01 2.793899999999999864e+02
1.487363517048659086e+09 8.044999999999999929e-01 2.793899999999999864e+02
1.487363517148549080e+09 8.053000000000000158e-01 2.793899999999999864e+02
1.487363517243885040e+09 8.052000000000000268e-01 2.793899999999999864e+02
1.487363517344168901e+09 8.056999999999999718e-01 2.793899999999999864e+02
1.487363517461544037e+09 8.051000000000000378e-01 2.793899999999999864e+02
1.487363517557660103e+09 8.048999999999999488e-01 2.793899999999999864e+02
1.487363517657422066e+09 8.055999999999999828e-01 2.793899999999999864e+02
1.487363517757203102e+09 8.044000000000000039e-01 2.793899999999999864e+02
1.487363517856945038e+09 8.044999999999999929e-01 2.793899999999999864e+02
1.487363517956721067e+09 8.054000000000000048e-01 2.793899999999999864e+02
1.487363518056466103e+09 8.047999999999999599e-01 2.793899999999999864e+02
1.487363518154670954e+09 8.053000000000000158e-01 2.793899999999999864e+02
1.487363518272638083e+09 8.047999999999999599e-01 2.793899999999999864e+02
1.487363518372419119e+09 8.044999999999999929e-01 2.793899999999999864e+02
1.487363518471514940e+09 8.051000000000000378e-01 2.793899999999999864e+02
1.487363518571490049e+09 8.052000000000000268e-01 2.793899999999999864e+02
1.487363518671534061e+09 8.056999999999999718e-01 2.793899999999999864e+02
1.487363518770523071e+09 8.051000000000000378e-01 2.793899999999999864e+02
1.487363518870089054e+09 8.057999999999999607e-01 2.793899999999999864e+02
1.487363518969690084e+09 8.060000000000000497e-01 2.793899999999999864e+02
1.487363519083652973e+09 8.052000000000000268e-01 2.793899999999999864e+02
1.487363519183537006e+09 8.055999999999999828e-01 2.793899999999999864e+02
1.487363519283587933e+09 8.047999999999999599e-01 2.793899999999999864e+02
1.487363519381664991e+09 8.050000000000000488e-01 2.793899999999999864e+02
1.487363519477283955e+09 8.046999999999999709e-01 2.793899999999999864e+02
1.487363519581228971e+09 8.045999999999999819e-01 2.793899999999999864e+02
1.487363519681794882e+09 8.052000000000000268e-01 2.793899999999999864e+02
1.487363519780352116e+09 8.044999999999999929e-01 2.793899999999999864e+02
1.487363519894329071e+09 8.048999999999999488e-01 2.793899999999999864e+02
1.487363519994421005e+09 8.057999999999999607e-01 2.793899999999999864e+02
1.487363520094290018e+09 8.051000000000000378e-01 2.793899999999999864e+02
1.487363520193424940e+09 8.045999999999999819e-01 2.793899999999999864e+02
1.487363520292120934e+09 8.055999999999999828e-01 2.793899999999999864e+02
1.487363520389173031e+09 8.045999999999999819e-01 2.793899999999999864e+02
1.487363520488604069e+09 8.050000000000000488e-01 2.793899999999999864e+02
1.487363520589406013e+09 8.048999999999999488e-01 2.793899999999999864e+02
1.487363520705173016e+09 8.054000000000000048e-01 2.793899999999999864e+02
1.487363520805413008e+09 8.056999999999999718e-01 2.793899999999999864e+02
1.487363520903785944e+09 8.054000000000000048e-01 2.793899999999999864e+02
1.487363521001940012e+09 8.048999999999999488e-01 2.793899999999999864e+02
1.487363521103787899e+09 8.053000000000000158e-01 2.793899999999999864e+02
1.487363521198941946e+09 8.047999999999999599e-01 2.793899999999999864e+02
1.487363521298734903e+09 8.051000000000000378e-01 2.793899999999999864e+02
1.487363521398463964e+09 8.047999999999999599e-01 2.793899999999999864e+02
1.487363521498261929e+09 8.044999999999999929e-01 2.793899999999999864e+02
1.487363521614626884e+09 8.043000000000000149e-01 2.793899999999999864e+02
1.487363521714396000e+09 8.056999999999999718e-01 2.793899999999999864e+02
1.487363521814176083e+09 8.050000000000000488e-01 2.793899999999999864e+02
1.487363521913933039e+09 8.054999999999999938e-01 2.793899999999999864e+02
1.487363522013720989e+09 8.047999999999999599e-01 2.793899999999999864e+02
1.487363522113468885e+09 8.035999999999999810e-01 2.793899999999999864e+02
1.487363522213191032e+09 8.046999999999999709e-01 2.793899999999999864e+02
1.487363522312983990e+09 8.054999999999999938e-01 2.793899999999999864e+02
1.487363522427289963e+09 8.053000000000000158e-01 2.793899999999999864e+02
1.487363522526310921e+09 8.047999999999999599e-01 2.793899999999999864e+02
1.487363522626116037e+09 8.048999999999999488e-01 2.793899999999999864e+02
1.487363522726070881e+09 8.047999999999999599e-01 2.793899999999999864e+02
1.487363522825263023e+09 8.047999999999999599e-01 2.793999999999999773e+02
1.487363522920620918e+09 8.050000000000000488e-01 2.793899999999999864e+02
1.487363523025110006e+09 8.044999999999999929e-01 2.793899999999999864e+02
1.487363523138014078e+09 8.053000000000000158e-01 2.793899999999999864e+02
1.487363523238145113e+09 8.053000000000000158e-01 2.793899999999999864e+02
1.487363523332318068e+09 8.048999999999999488e-01 2.793899999999999864e+02
1.487363523433351994e+09 8.055999999999999828e-01 2.793899999999999864e+02
1.487363523537081003e+09 8.045999999999999819e-01 2.793899999999999864e+02
1.487363523632210970e+09 8.051000000000000378e-01 2.793899999999999864e+02
1.487363523736016989e+09 8.050000000000000488e-01 2.793899999999999864e+02
1.487363523835835934e+09 8.046999999999999709e-01 2.793899999999999864e+02
1.487363523935098886e+09 8.054999999999999938e-01 2.793899999999999864e+02
1.487363524049021959e+09 8.051000000000000378e-01 2.793899999999999864e+02
1.487363524148042917e+09 8.044000000000000039e-01 2.793899999999999864e+02
1.487363524248020887e+09 8.044000000000000039e-01 2.793999999999999773e+02
1.487363524348105907e+09 8.044999999999999929e-01 2.793999999999999773e+02
1.487363524447025061e+09 8.048999999999999488e-01 2.793999999999999773e+02
1.487363524547051907e+09 8.043000000000000149e-01 2.793999999999999773e+02
1.487363524645956039e+09 8.044999999999999929e-01 2.793899999999999864e+02
1.487363524746053934e+09 8.054999999999999938e-01 2.793899999999999864e+02
1.487363524856929064e+09 8.041000000000000369e-01 2.793899999999999864e+02
1.487363524956698895e+09 8.048999999999999488e-01 2.793899999999999864e+02
1.487363525056452036e+09 8.052000000000000268e-01 2.793899999999999864e+02
1.487363525156217098e+09 8.044000000000000039e-01 2.793899999999999864e+02
