1.487361185157824993e+09 9.409999999999999476e-01 2.792500000000000000e+02
1.487361185285180092e+09 9.415000000000000036e-01 2.792500000000000000e+02
1.487361185389672995e+09 9.417999999999999705e-01 2.792500000000000000e+02
1.487361185488728046e+09 9.409999999999999476e-01 2.792500000000000000e+02
1.487361185588635921e+09 9.417999999999999705e-01 2.792500000000000000e+02
1.487361185688690901e+09 9.411000000000000476e-01 2.792500000000000000e+02
1.487361185785933018e+09 9.416999999999999815e-01 2.792400000000000091e+02
1.487361185887547016e+09 9.411000000000000476e-01 2.792400000000000091e+02
1.487361185986562967e+09 9.414000000000000146e-01 2.792400000000000091e+02
1.487361186086533070e+09 9.419999999999999485e-01 2.792400000000000091e+02
1.487361186196930885e+09 9.415999999999999925e-01 2.792400000000000091e+02
1.487361186295064926e+09 9.411000000000000476e-01 2.792400000000000091e+02
1.487361186396708965e+09 9.412000000000000366e-01 2.792400000000000091e+02
1.487361186499556065e+09 9.421000000000000485e-01 2.792300000000000182e+02
1.487361186598329067e+09 9.415999999999999925e-01 2.792300000000000182e+02
1.487361186698549986e+09 9.423000000000000265e-01 2.792300000000000182e+02
1.487361186797476053e+09 9.418999999999999595e-01 2.792300000000000182e+02
1.487361186897495031e+09 9.415000000000000036e-01 2.792300000000000182e+02
1.487361187011475086e+09 9.421000000000000485e-01 2.792300000000000182e+02
1.487361187110451937e+09 9.416999999999999815e-01 2.792300000000000182e+02
1.487361187210458040e+09 9.415999999999999925e-01 2.792300000000000182e+02
1.487361187310367107e+09 9.417999999999999705e-01 2.792300000000000182e+02
1.487361187409403086e+09 9.425000000000000044e-01 2.792300000000000182e+02
1.487361187509514093e+09 9.412000000000000366e-01 2.792300000000000182e+02
1.487361187608432055e+09 9.414000000000000146e-01 2.792300000000000182e+02
1.487361187705243111e+09 9.405999999999999917e-01 2.792300000000000182e+02
1.487361187819545031e+09 9.418999999999999595e-01 2.792300000000000182e+02
1.487361187917320967e+09 9.421000000000000485e-01 2.792300000000000182e+02
1.487361188017086029e+09 9.407999999999999696e-01 2.792300000000000182e+02
1.487361188116746902e+09 9.421000000000000485e-01 2.792300000000000182e+02
1.487361188219268084e+09 9.417999999999999705e-01 2.792300000000000182e+02
1.487361188319365978e+09 9.415000000000000036e-01 2.792300000000000182e+02
1.487361188416153908e+09 9.415999999999999925e-01 2.792200000000000273e+02
1.487361188515911102e+09 9.415000000000000036e-01 2.792200000000000273e+02
1.487361188633399963e+09 9.421000000000000485e-01 2.792200000000000273e+02
1.487361188730401993e+09 9.417999999999999705e-01 2.792200000000000273e+02
1.487361188831298113e+09 9.415000000000000036e-01 2.792200000000000273e+02
1.487361188932486057e+09 9.413000000000000256e-01 2.792200000000000273e+02
1.487361189031320095e+09 9.423000000000000265e-01 2.792200000000000273e+02
1.487361189126791000e+09 9.409999999999999476e-01 2.792200000000000273e+02
1.487361189230277061e+09 9.413000000000000256e-01 2.792200000000000273e+02
1.487361189330349922e+09 9.413000000000000256e-01 2.792200000000000273e+02
1.487361189444295883e+09 9.415999999999999925e-01 2.792200000000000273e+02
1.487361189543257952e+09 9.416999999999999815e-01 2.792200000000000273e+02
1.487361189643150091e+09 9.415000000000000036e-01 2.792200000000000273e+02
1.487361189743264914e+09 9.418999999999999595e-01 2.792200000000000273e+02
1.487361189842267990e+09 9.427999999999999714e-01 2.792200000000000273e+02
1.487361189942197084e+09 9.415999999999999925e-01 2.792200000000000273e+02
1.487361190041101933e+09 9.416999999999999815e-01 2.792200000000000273e+02
1.487361190139297962e+09 9.418999999999999595e-01 2.792099999999999795e+02
1.487361190255306959e+09 9.419999999999999485e-01 2.792099999999999795e+02
1.487361190354327917e+09 9.415999999999999925e-01 2.792099999999999795e+02
1.487361190454313993e+09 9.405000000000000027e-01 2.792099999999999795e+02
1.487361190554280043e+09 9.414000000000000146e-01 2.792099999999999795e+02
1.487361190653428078e+09 9.416999999999999815e-01 2.792099999999999795e+02
1.487361190753201008e+09 9.415000000000000036e-01 2.792099999999999795e+02
1.487361190852288008e+09 9.413000000000000256e-01 2.792099999999999795e+02
1.487361190952111959e+09 9.413000000000000256e-01 2.791999999999999886e+02
1.487361191052267075e+09 9.425999999999999934e-01 2.791999999999999886e+02
1.487361191166222095e+09 9.406999999999999806e-01 2.791999999999999886e+02
1.487361191262635946e+09 9.421000000000000485e-01 2.791999999999999886e+02
1.487361191365186930e+09 9.415000000000000036e-01 2.791999999999999886e+02
1.487361191464268923e+09 9.419999999999999485e-01 2.791999999999999886e+02
1.487361191563996077e+09 9.417999999999999705e-01 2.791999999999999886e+02
1.487361191664021969e+09 9.419999999999999485e-01 2.791999999999999886e+02
1.487361191763154984e+09 9.418999999999999595e-01 2.791999999999999886e+02
1.487361191858105898e+09 9.419999999999999485e-01 2.791999999999999886e+02
1.487361191976315975e+09 9.417999999999999705e-01 2.791999999999999886e+02
1.487361192074103117e+09 9.418999999999999595e-01 2.791999999999999886e+02
1.487361192172163010e+09 9.412000000000000366e-01 2.791999999999999886e+02
1.487361192273617029e+09 9.417999999999999705e-01 2.791999999999999886e+02
1.487361192373394012e+09 9.414000000000000146e-01 2.791999999999999886e+02
1.487361192473151922e+09 9.413000000000000256e-01 2.791999999999999886e+02
1.487361192569686890e+09 9.418999999999999595e-01 2.791899999999999977e+02
1.487361192672684908e+09 9.422000000000000375e-01 2.791899999999999977e+02
1.487361192768018961e+09 9.405000000000000027e-01 2.791899999999999977e+02
1.487361192872155905e+09 9.421000000000000485e-01 2.791899999999999977e+02
1.487361192982557058e+09 9.423000000000000265e-01 2.791899999999999977e+02
1.487361193085967064e+09 9.415000000000000036e-01 2.791899999999999977e+02
1.487361193181322098e+09 9.414000000000000146e-01 2.791899999999999977e+02
1.487361193285698891e+09 9.414000000000000146e-01 2.791899999999999977e+02
1.487361193385051012e+09 9.415999999999999925e-01 2.791899999999999977e+02
1.487361193484795094e+09 9.415999999999999925e-01 2.791899999999999977e+02
1.487361193584026098e+09 9.428999999999999604e-01 2.791899999999999977e+02
1.487361193683729887e+09 9.417999999999999705e-01 2.791899999999999977e+02
1.487361193783926010e+09 9.409999999999999476e-01 2.791899999999999977e+02
1.487361193896836042e+09 9.409999999999999476e-01 2.791899999999999977e+02
1.487361193996933937e+09 9.412000000000000366e-01 2.791899999999999977e+02
1.487361194096733093e+09 9.421000000000000485e-01 2.791800000000000068e+02
1.487361194195964098e+09 9.413000000000000256e-01 2.791800000000000068e+02
1.487361194295659065e+09 9.421000000000000485e-01 2.791800000000000068e+02
1.487361194394880056e+09 9.409999999999999476e-01 2.791800000000000068e+02
1.487361194491343975e+09 9.413000000000000256e-01 2.791800000000000068e+02
1.487361194594831944e+09 9.423000000000000265e-01 2.791800000000000068e+02
1.487361194707956076e+09 9.415000000000000036e-01 2.791700000000000159e+02
1.487361194807862043e+09 9.407999999999999696e-01 2.791700000000000159e+02
1.487361194907829046e+09 9.412000000000000366e-01 2.791700000000000159e+02
1.487361195006762981e+09 9.405999999999999917e-01 2.791700000000000159e+02
1.487361195106884956e+09 9.415000000000000036e-01 2.791600000000000250e+02
1.487361195200901985e+09 9.415000000000000036e-01 2.791600000000000250e+02
1.487361195305774927e+09 9.406999999999999806e-01 2.791600000000000250e+02
1.487361195405710936e+09 9.398999999999999577e-01 2.791600000000000250e+02
1.487361195516020060e+09 9.412000000000000366e-01 2.791600000000000250e+02
1.487361195615643978e+09 9.412000000000000366e-01 2.791600000000000250e+02
1.487361195715408087e+09 9.413000000000000256e-01 2.791499999999999773e+02
1.487361195815174103e+09 9.407999999999999696e-01 2.791499999999999773e+02
1.487361195914941072e+09 9.411000000000000476e-01 2.791499999999999773e+02
1.487361196014718056e+09 9.419999999999999485e-01 2.791499999999999773e+02
1.487361196114464045e+09 9.416999999999999815e-01 2.791499999999999773e+02
1.487361196216317892e+09 9.414000000000000146e-01 2.791499999999999773e+02
1.487361196329637051e+09 9.414000000000000146e-01 2.791399999999999864e+02
1.487361196429749012e+09 9.411000000000000476e-01 2.791399999999999864e+02
1.487361196529864073e+09 9.419999999999999485e-01 2.791399999999999864e+02
1.487361196628736973e+09 9.407999999999999696e-01 2.791399999999999864e+02
1.487361196728841066e+09 9.416999999999999815e-01 2.791399999999999864e+02
1.487361196828613043e+09 9.415999999999999925e-01 2.791399999999999864e+02
1.487361196927642107e+09 9.414000000000000146e-01 2.791399999999999864e+02
1.487361197023442030e+09 9.405000000000000027e-01 2.791399999999999864e+02
1.487361197125799894e+09 9.424000000000000155e-01 2.791299999999999955e+02
1.487361197240700006e+09 9.411000000000000476e-01 2.791299999999999955e+02
1.487361197340635061e+09 9.423000000000000265e-01 2.791299999999999955e+02
1.487361197439651012e+09 9.416999999999999815e-01 2.791299999999999955e+02
1.487361197535408020e+09 9.415999999999999925e-01 2.791299999999999955e+02
1.487361197637809992e+09 9.418999999999999595e-01 2.791299999999999955e+02
1.487361197738518000e+09 9.414000000000000146e-01 2.791299999999999955e+02
1.487361197838697910e+09 9.406999999999999806e-01 2.791200000000000045e+02
1.487361197937743902e+09 9.412000000000000366e-01 2.791200000000000045e+02
1.487361198037451982e+09 9.418999999999999595e-01 2.791200000000000045e+02
1.487361198149830103e+09 9.413000000000000256e-01 2.791200000000000045e+02
1.487361198248089075e+09 9.417999999999999705e-01 2.791200000000000045e+02
1.487361198350534916e+09 9.413000000000000256e-01 2.791200000000000045e+02
1.487361198450406075e+09 9.418999999999999595e-01 2.791100000000000136e+02
1.487361198549487114e+09 9.409999999999999476e-01 2.791100000000000136e+02
1.487361198649574995e+09 9.415000000000000036e-01 2.791100000000000136e+02
1.487361198748558998e+09 9.421000000000000485e-01 2.791100000000000136e+02
1.487361198847764015e+09 9.417999999999999705e-01 2.791100000000000136e+02
1.487361198957650900e+09 9.415999999999999925e-01 2.791100000000000136e+02
1.487361199057416916e+09 9.415000000000000036e-01 2.791000000000000227e+02
1.487361199157191992e+09 9.412000000000000366e-01 2.791000000000000227e+02
1.487361199256947994e+09 9.415000000000000036e-01 2.791000000000000227e+02
1.487361199356714964e+09 9.415999999999999925e-01 2.791000000000000227e+02
1.487361199456566095e+09 9.415999999999999925e-01 2.790899999999999750e+02
1.487361199556246996e+09 9.422000000000000375e-01 2.790899999999999750e+02
1.487361199656012058e+09 9.418999999999999595e-01 2.790899999999999750e+02
1.487361199755760908e+09 9.415999999999999925e-01 2.790899999999999750e+02
1.487361199871829033e+09 9.418999999999999595e-01 2.790799999999999841e+02
1.487361199969854116e+09 9.409999999999999476e-01 2.790799999999999841e+02
1.487361200071721077e+09 9.418999999999999595e-01 2.790799999999999841e+02
1.487361200168698072e+09 9.423000000000000265e-01 2.790799999999999841e+02
1.487361200270689964e+09 9.414000000000000146e-01 2.790799999999999841e+02
1.487361200370718002e+09 9.413000000000000256e-01 2.790799999999999841e+02
1.487361200470376015e+09 9.417999999999999705e-01 2.790799999999999841e+02
1.487361200570317030e+09 9.423000000000000265e-01 2.790799999999999841e+02
1.487361200669349909e+09 9.412000000000000366e-01 2.790799999999999841e+02
1.487361200783243895e+09 9.415999999999999925e-01 2.790799999999999841e+02
1.487361200883352041e+09 9.426999999999999824e-01 2.790799999999999841e+02
1.487361200982235909e+09 9.407999999999999696e-01 2.790899999999999750e+02
1.487361201082113981e+09 9.413000000000000256e-01 2.790899999999999750e+02
1.487361201181093931e+09 9.424000000000000155e-01 2.790899999999999750e+02
1.487361201276876926e+09 9.414000000000000146e-01 2.790899999999999750e+02
1.487361201381263971e+09 9.416999999999999815e-01 2.790899999999999750e+02
1.487361201480240107e+09 9.413000000000000256e-01 2.790899999999999750e+02
1.487361201594361067e+09 9.419999999999999485e-01 2.790899999999999750e+02
1.487361201694356918e+09 9.418999999999999595e-01 2.790899999999999750e+02
1.487361201793297052e+09 9.419999999999999485e-01 2.790899999999999750e+02
1.487361201893058062e+09 9.415000000000000036e-01 2.790899999999999750e+02
1.487361201993253946e+09 9.427999999999999714e-01 2.790899999999999750e+02
1.487361202092324018e+09 9.425000000000000044e-01 2.790899999999999750e+02
1.487361202192358971e+09 9.423000000000000265e-01 2.790899999999999750e+02
1.487361202291363955e+09 9.418999999999999595e-01 2.791000000000000227e+02
1.487361202405072927e+09 9.418999999999999595e-01 2.791000000000000227e+02
1.487361202504627943e+09 9.422000000000000375e-01 2.790899999999999750e+02
1.487361202604146957e+09 9.416999999999999815e-01 2.790899999999999750e+02
1.487361202704377890e+09 9.419999999999999485e-01 2.790899999999999750e+02
1.487361202803858042e+09 9.421000000000000485e-01 2.790899999999999750e+02
1.487361202898276091e+09 9.413000000000000256e-01 2.790799999999999841e+02
1.487361203003062010e+09 9.407999999999999696e-01 2.790799999999999841e+02
1.487361203097801924e+09 9.419999999999999485e-01 2.790799999999999841e+02
1.487361203197581053e+09 9.421000000000000485e-01 2.790799999999999841e+02
1.487361203313963890e+09 9.429999999999999494e-01 2.790699999999999932e+02
1.487361203413726091e+09 9.415999999999999925e-01 2.790699999999999932e+02
1.487361203513495922e+09 9.419999999999999485e-01 2.790699999999999932e+02
1.487361203613260984e+09 9.425000000000000044e-01 2.790699999999999932e+02
1.487361203713042974e+09 9.417999999999999705e-01 2.790699999999999932e+02
1.487361203811686039e+09 9.415000000000000036e-01 2.790699999999999932e+02
1.487361203912548065e+09 9.413000000000000256e-01 2.790699999999999932e+02
1.487361204012315035e+09 9.429999999999999494e-01 2.790699999999999932e+02
1.487361204127034903e+09 9.415999999999999925e-01 2.790699999999999932e+02
1.487361204222268105e+09 9.422000000000000375e-01 2.790699999999999932e+02
1.487361204321523905e+09 9.418999999999999595e-01 2.790699999999999932e+02
1.487361204425951004e+09 9.424000000000000155e-01 2.790699999999999932e+02
1.487361204525177002e+09 9.422000000000000375e-01 2.790699999999999932e+02
1.487361204625085115e+09 9.416999999999999815e-01 2.790699999999999932e+02
1.487361204724226952e+09 9.417999999999999705e-01 2.790699999999999932e+02
1.487361204820283890e+09 9.419999999999999485e-01 2.790699999999999932e+02
1.487361204937856913e+09 9.416999999999999815e-01 2.790699999999999932e+02
1.487361205036930084e+09 9.425999999999999934e-01 2.790699999999999932e+02
1.487361205137095928e+09 9.416999999999999815e-01 2.790699999999999932e+02
1.487361205237082958e+09 9.415999999999999925e-01 2.790699999999999932e+02
1.487361205335913897e+09 9.422000000000000375e-01 2.790699999999999932e+02
1.487361205436094046e+09 9.416999999999999815e-01 2.790699999999999932e+02
1.487361205534924030e+09 9.415999999999999925e-01 2.790699999999999932e+02
1.487361205635015965e+09 9.415000000000000036e-01 2.790699999999999932e+02
1.487361205748970032e+09 9.414000000000000146e-01 2.790699999999999932e+02
1.487361205848088980e+09 9.413000000000000256e-01 2.790699999999999932e+02
1.487361205947489977e+09 9.415999999999999925e-01 2.790699999999999932e+02
1.487361206044611931e+09 9.424000000000000155e-01 2.790699999999999932e+02
1.487361206147018909e+09 9.427999999999999714e-01 2.790699999999999932e+02
1.487361206241549969e+09 9.419999999999999485e-01 2.790699999999999932e+02
1.487361206341959953e+09 9.423000000000000265e-01 2.790699999999999932e+02
1.487361206445164919e+09 9.417999999999999705e-01 2.790699999999999932e+02
1.487361206556159973e+09 9.415999999999999925e-01 2.790699999999999932e+02
1.487361206656006098e+09 9.417999999999999705e-01 2.790699999999999932e+02
1.487361206755733967e+09 9.416999999999999815e-01 2.790699999999999932e+02
1.487361206854022026e+09 9.413000000000000256e-01 2.790699999999999932e+02
1.487361206955272913e+09 9.417999999999999705e-01 2.790600000000000023e+02
1.487361207054577112e+09 9.414000000000000146e-01 2.790600000000000023e+02
1.487361207154844046e+09 9.416999999999999815e-01 2.790500000000000114e+02
1.487361207254565954e+09 9.422000000000000375e-01 2.790500000000000114e+02
1.487361207365951061e+09 9.417999999999999705e-01 2.790500000000000114e+02
1.487361207468378067e+09 9.417999999999999705e-01 2.790500000000000114e+02
1.487361207565932035e+09 9.418999999999999595e-01 2.790500000000000114e+02
1.487361207669692993e+09 9.419999999999999485e-01 2.790500000000000114e+02
1.487361207768737078e+09 9.416999999999999815e-01 2.790500000000000114e+02
1.487361207863980055e+09 9.417999999999999705e-01 2.790500000000000114e+02
1.487361207968868971e+09 9.415000000000000036e-01 2.790500000000000114e+02
1.487361208067873001e+09 9.421000000000000485e-01 2.790500000000000114e+02
1.487361208179039955e+09 9.406999999999999806e-01 2.790500000000000114e+02
1.487361208280546904e+09 9.422000000000000375e-01 2.790500000000000114e+02
1.487361208380656004e+09 9.418999999999999595e-01 2.790400000000000205e+02
1.487361208480647087e+09 9.427999999999999714e-01 2.790400000000000205e+02
1.487361208579911947e+09 9.419999999999999485e-01 2.790400000000000205e+02
1.487361208679733992e+09 9.425999999999999934e-01 2.790400000000000205e+02
1.487361208779145956e+09 9.415000000000000036e-01 2.790400000000000205e+02
1.487361208876771927e+09 9.414000000000000146e-01 2.790400000000000205e+02
1.487361208978609085e+09 9.413000000000000256e-01 2.790400000000000205e+02
1.487361209092627048e+09 9.414000000000000146e-01 2.790400000000000205e+02
1.487361209189131021e+09 9.423000000000000265e-01 2.790400000000000205e+02
1.487361209288937092e+09 9.408999999999999586e-01 2.790400000000000205e+02
1.487361209390388966e+09 9.415999999999999925e-01 2.790400000000000205e+02
1.487361209490544081e+09 9.422000000000000375e-01 2.790299999999999727e+02
1.487361209590655088e+09 9.418999999999999595e-01 2.790299999999999727e+02
1.487361209685539961e+09 9.414000000000000146e-01 2.790299999999999727e+02
1.487361209785340071e+09 9.416999999999999815e-01 2.790299999999999727e+02
1.487361209903542042e+09 9.409999999999999476e-01 2.790199999999999818e+02
1.487361209998054981e+09 9.416999999999999815e-01 2.790199999999999818e+02
1.487361210097810030e+09 9.424000000000000155e-01 2.790199999999999818e+02
1.487361210197580099e+09 9.425999999999999934e-01 2.790199999999999818e+02
1.487361210297367096e+09 9.421000000000000485e-01 2.790199999999999818e+02
1.487361210397119045e+09 9.403000000000000247e-01 2.790199999999999818e+02
1.487361210496869087e+09 9.415999999999999925e-01 2.790099999999999909e+02
1.487361210613305092e+09 9.417999999999999705e-01 2.790099999999999909e+02
1.487361210712974072e+09 9.424000000000000155e-01 2.790099999999999909e+02
1.487361210812741995e+09 9.414000000000000146e-01 2.790099999999999909e+02
1.487361210912533998e+09 9.419999999999999485e-01 2.790099999999999909e+02
1.487361211012249947e+09 9.418999999999999595e-01 2.790099999999999909e+02
1.487361211111439943e+09 9.419999999999999485e-01 2.790099999999999909e+02
1.487361211210196972e+09 9.422000000000000375e-01 2.790099999999999909e+02
1.487361211311285019e+09 9.412000000000000366e-01 2.790099999999999909e+02
1.487361211411345005e+09 9.425000000000000044e-01 2.790099999999999909e+02
1.487361211523813963e+09 9.415999999999999925e-01 2.790099999999999909e+02
1.487361211624417067e+09 9.426999999999999824e-01 2.790099999999999909e+02
1.487361211723968029e+09 9.424000000000000155e-01 2.790099999999999909e+02
1.487361211818929911e+09 9.425000000000000044e-01 2.790099999999999909e+02
1.487361211923343897e+09 9.416999999999999815e-01 2.790099999999999909e+02
1.487361212023473024e+09 9.415999999999999925e-01 2.790099999999999909e+02
1.487361212122348070e+09 9.423000000000000265e-01 2.790099999999999909e+02
1.487361212222476006e+09 9.426999999999999824e-01 2.790099999999999909e+02
1.487361212335041046e+09 9.425999999999999934e-01 2.790099999999999909e+02
1.487361212433962107e+09 9.424000000000000155e-01 2.790099999999999909e+02
1.487361212535303116e+09 9.417999999999999705e-01 2.790000000000000000e+02
1.487361212629942894e+09 9.419999999999999485e-01 2.790000000000000000e+02
1.487361212734251022e+09 9.414000000000000146e-01 2.790000000000000000e+02
1.487361212829766035e+09 9.425000000000000044e-01 2.790000000000000000e+02
1.487361212933334112e+09 9.419999999999999485e-01 2.790000000000000000e+02
1.487361213033186913e+09 9.417999999999999705e-01 2.790000000000000000e+02
1.487361213147190094e+09 9.418999999999999595e-01 2.790000000000000000e+02
1.487361213246208906e+09 9.417999999999999705e-01 2.790000000000000000e+02
1.487361213346441984e+09 9.416999999999999815e-01 2.790000000000000000e+02
1.487361213445436001e+09 9.407999999999999696e-01 2.790000000000000000e+02
1.487361213545236111e+09 9.412000000000000366e-01 2.790000000000000000e+02
1.487361213645139933e+09 9.414000000000000146e-01 2.790000000000000000e+02
1.487361213744146109e+09 9.424000000000000155e-01 2.790000000000000000e+02
1.487361213843293905e+09 9.412000000000000366e-01 2.790000000000000000e+02
1.487361213955346107e+09 9.421000000000000485e-01 2.790000000000000000e+02
1.487361214055035114e+09 9.418999999999999595e-01 2.790000000000000000e+02
1.487361214154793024e+09 9.417999999999999705e-01 2.790000000000000000e+02
1.487361214254017115e+09 9.424000000000000155e-01 2.790000000000000000e+02
1.487361214354346037e+09 9.415999999999999925e-01 2.790000000000000000e+02
1.487361214454109907e+09 9.424000000000000155e-01 2.790000000000000000e+02
1.487361214553875923e+09 9.419999999999999485e-01 2.790000000000000000e+02
1.487361214653604984e+09 9.417999999999999705e-01 2.790000000000000000e+02
1.487361214753360033e+09 9.425000000000000044e-01 2.790000000000000000e+02
1.487361214869092941e+09 9.414000000000000146e-01 2.790000000000000000e+02
1.487361214963231087e+09 9.415999999999999925e-01 2.790000000000000000e+02
1.487361215064996004e+09 9.417999999999999705e-01 2.790000000000000000e+02
1.487361215166474104e+09 9.411000000000000476e-01 2.790000000000000000e+02
1.487361215267090082e+09 9.423000000000000265e-01 2.790000000000000000e+02
1.487361215367228031e+09 9.415000000000000036e-01 2.790000000000000000e+02
1.487361215466253042e+09 9.421000000000000485e-01 2.790000000000000000e+02
1.487361215580065966e+09 9.417999999999999705e-01 2.790000000000000000e+02
1.487361215680433035e+09 9.419999999999999485e-01 2.790000000000000000e+02
1.487361215779004097e+09 9.413000000000000256e-01 2.790000000000000000e+02
1.487361215879053116e+09 9.413000000000000256e-01 2.790000000000000000e+02
1.487361215978116035e+09 9.411000000000000476e-01 2.790000000000000000e+02
1.487361216078058958e+09 9.419999999999999485e-01 2.790000000000000000e+02
1.487361216178046942e+09 9.416999999999999815e-01 2.790000000000000000e+02
1.487361216274413109e+09 9.415999999999999925e-01 2.790099999999999909e+02
1.487361216376851082e+09 9.418999999999999595e-01 2.790099999999999909e+02
1.487361216491122961e+09 9.425000000000000044e-01 2.790099999999999909e+02
1.487361216585215092e+09 9.417999999999999705e-01 2.790099999999999909e+02
1.487361216690094948e+09 9.416999999999999815e-01 2.790099999999999909e+02
1.487361216785033941e+09 9.422000000000000375e-01 2.790099999999999909e+02
1.487361216889101982e+09 9.425000000000000044e-01 2.790099999999999909e+02
1.487361216988795042e+09 9.415999999999999925e-01 2.790099999999999909e+02
1.487361217087225914e+09 9.415999999999999925e-01 2.790099999999999909e+02
1.487361217188054085e+09 9.415999999999999925e-01 2.790099999999999909e+02
1.487361217285070896e+09 9.413000000000000256e-01 2.790099999999999909e+02
1.487361217397063017e+09 9.427999999999999714e-01 2.790099999999999909e+02
1.487361217496958971e+09 9.415999999999999925e-01 2.790199999999999818e+02
1.487361217596609116e+09 9.415999999999999925e-01 2.790199999999999818e+02
1.487361217696377993e+09 9.411000000000000476e-01 2.790199999999999818e+02
1.487361217796145916e+09 9.414000000000000146e-01 2.790199999999999818e+02
1.487361217895894051e+09 9.416999999999999815e-01 2.790199999999999818e+02
1.487361217995661974e+09 9.415000000000000036e-01 2.790199999999999818e+02
1.487361218093122959e+09 9.419999999999999485e-01 2.790199999999999818e+02
1.487361218211829901e+09 9.412000000000000366e-01 2.790199999999999818e+02
1.487361218311587095e+09 9.416999999999999815e-01 2.790199999999999818e+02
1.487361218410845041e+09 9.413000000000000256e-01 2.790199999999999818e+02
1.487361218511060953e+09 9.425000000000000044e-01 2.790199999999999818e+02
1.487361218610457897e+09 9.422000000000000375e-01 2.790199999999999818e+02
1.487361218708000898e+09 9.423000000000000265e-01 2.790299999999999727e+02
1.487361218809850931e+09 9.418999999999999595e-01 2.790299999999999727e+02
1.487361218903841972e+09 9.418999999999999595e-01 2.790299999999999727e+02
1.487361219022706985e+09 9.423000000000000265e-01 2.790299999999999727e+02
1.487361219121061087e+09 9.411000000000000476e-01 2.790299999999999727e+02
1.487361219221746922e+09 9.415999999999999925e-01 2.790299999999999727e+02
1.487361219318936110e+09 9.413000000000000256e-01 2.790299999999999727e+02
1.487361219421823978e+09 9.425000000000000044e-01 2.790299999999999727e+02
1.487361219520848036e+09 9.421000000000000485e-01 2.790299999999999727e+02
1.487361219620846987e+09 9.411000000000000476e-01 2.790299999999999727e+02
1.487361219720717907e+09 9.414000000000000146e-01 2.790400000000000205e+02
1.487361219833728075e+09 9.429999999999999494e-01 2.790400000000000205e+02
1.487361219933682919e+09 9.419999999999999485e-01 2.790400000000000205e+02
1.487361220029222012e+09 9.421000000000000485e-01 2.790400000000000205e+02
1.487361220127756119e+09 9.414000000000000146e-01 2.790500000000000114e+02
1.487361220232815981e+09 9.412000000000000366e-01 2.790500000000000114e+02
1.487361220328620911e+09 9.423000000000000265e-01 2.790500000000000114e+02
1.487361220431602001e+09 9.414000000000000146e-01 2.790500000000000114e+02
1.487361220531605005e+09 9.417999999999999705e-01 2.790600000000000023e+02
1.487361220640851021e+09 9.415000000000000036e-01 2.790600000000000023e+02
1.487361220744645119e+09 9.415000000000000036e-01 2.790600000000000023e+02
1.487361220839375019e+09 9.411000000000000476e-01 2.790600000000000023e+02
1.487361220943635941e+09 9.412000000000000366e-01 2.790600000000000023e+02
1.487361221043548107e+09 9.415999999999999925e-01 2.790600000000000023e+02
1.487361221138070107e+09 9.412000000000000366e-01 2.790600000000000023e+02
1.487361221237922907e+09 9.418999999999999595e-01 2.790600000000000023e+02
1.487361221337677002e+09 9.413000000000000256e-01 2.790600000000000023e+02
1.487361221453802109e+09 9.418999999999999595e-01 2.790600000000000023e+02
1.487361221553908110e+09 9.421000000000000485e-01 2.790600000000000023e+02
1.487361221653620005e+09 9.413000000000000256e-01 2.790600000000000023e+02
1.487361221753371954e+09 9.415999999999999925e-01 2.790600000000000023e+02
1.487361221853164911e+09 9.415999999999999925e-01 2.790600000000000023e+02
1.487361221952899933e+09 9.414000000000000146e-01 2.790600000000000023e+02
1.487361222052670002e+09 9.418999999999999595e-01 2.790600000000000023e+02
1.487361222152456999e+09 9.415999999999999925e-01 2.790600000000000023e+02
1.487361222266666889e+09 9.417999999999999705e-01 2.790600000000000023e+02
1.487361222362565994e+09 9.419999999999999485e-01 2.790500000000000114e+02
1.487361222462486982e+09 9.421000000000000485e-01 2.790500000000000114e+02
1.487361222565416098e+09 9.416999999999999815e-01 2.790500000000000114e+02
1.487361222662677050e+09 9.415000000000000036e-01 2.790500000000000114e+02
1.487361222764447927e+09 9.415000000000000036e-01 2.790500000000000114e+02
1.487361222864679098e+09 9.425999999999999934e-01 2.790500000000000114e+02
1.487361222964401960e+09 9.412000000000000366e-01 2.790500000000000114e+02
1.487361223062386990e+09 9.415000000000000036e-01 2.790500000000000114e+02
1.487361223172442913e+09 9.425000000000000044e-01 2.790500000000000114e+02
1.487361223276949883e+09 9.421000000000000485e-01 2.790500000000000114e+02
1.487361223376080036e+09 9.424000000000000155e-01 2.790500000000000114e+02
1.487361223476428986e+09 9.414000000000000146e-01 2.790500000000000114e+02
1.487361223575476885e+09 9.419999999999999485e-01 2.790500000000000114e+02
1.487361223675457001e+09 9.414000000000000146e-01 2.790500000000000114e+02
1.487361223775306940e+09 9.414000000000000146e-01 2.790500000000000114e+02
1.487361223871117115e+09 9.422000000000000375e-01 2.790500000000000114e+02
1.487361223988306999e+09 9.413000000000000256e-01 2.790500000000000114e+02
1.487361224088253021e+09 9.416999999999999815e-01 2.790500000000000114e+02
1.487361224187355042e+09 9.415999999999999925e-01 2.790500000000000114e+02
1.487361224284899950e+09 9.416999999999999815e-01 2.790500000000000114e+02
1.487361224386300087e+09 9.408999999999999586e-01 2.790500000000000114e+02
1.487361224486226082e+09 9.419999999999999485e-01 2.790500000000000114e+02
1.487361224586291075e+09 9.416999999999999815e-01 2.790500000000000114e+02
1.487361224685255051e+09 9.417999999999999705e-01 2.790500000000000114e+02
1.487361224784874916e+09 9.425000000000000044e-01 2.790500000000000114e+02
1.487361224884413958e+09 9.417999999999999705e-01 2.790500000000000114e+02
1.487361224995613098e+09 9.416999999999999815e-01 2.790500000000000114e+02
1.487361225095410109e+09 9.409999999999999476e-01 2.790500000000000114e+02
1.487361225195009947e+09 9.422000000000000375e-01 2.790500000000000114e+02
1.487361225294919968e+09 9.414000000000000146e-01 2.790500000000000114e+02
1.487361225392318010e+09 9.419999999999999485e-01 2.790600000000000023e+02
1.487361225491473913e+09 9.417999999999999705e-01 2.790600000000000023e+02
1.487361225594208956e+09 9.415000000000000036e-01 2.790600000000000023e+02
1.487361225693981886e+09 9.416999999999999815e-01 2.790600000000000023e+02
1.487361225793746948e+09 9.416999999999999815e-01 2.790600000000000023e+02
1.487361225908493042e+09 9.416999999999999815e-01 2.790600000000000023e+02
1.487361226008563042e+09 9.415000000000000036e-01 2.790699999999999932e+02
1.487361226108175039e+09 9.425000000000000044e-01 2.790699999999999932e+02
1.487361226207802057e+09 9.406999999999999806e-01 2.790699999999999932e+02
1.487361226307291985e+09 9.421000000000000485e-01 2.790699999999999932e+02
1.487361226407191038e+09 9.416999999999999815e-01 2.790799999999999841e+02
1.487361226504924059e+09 9.417999999999999705e-01 2.790799999999999841e+02
1.487361226602379084e+09 9.413000000000000256e-01 2.790799999999999841e+02
1.487361226718159914e+09 9.416999999999999815e-01 2.790799999999999841e+02
1.487361226818552971e+09 9.413000000000000256e-01 2.790899999999999750e+02
1.487361226914282084e+09 9.419999999999999485e-01 2.790899999999999750e+02
1.487361227014391899e+09 9.413000000000000256e-01 2.790899999999999750e+02
1.487361227118119001e+09 9.416999999999999815e-01 2.790899999999999750e+02
1.487361227217665911e+09 9.416999999999999815e-01 2.790899999999999750e+02
1.487361227318377972e+09 9.418999999999999595e-01 2.791000000000000227e+02
1.487361227417227030e+09 9.421000000000000485e-01 2.791000000000000227e+02
1.487361227531058073e+09 9.422000000000000375e-01 2.791000000000000227e+02
1.487361227627125025e+09 9.415000000000000036e-01 2.791000000000000227e+02
1.487361227728558064e+09 9.412000000000000366e-01 2.791000000000000227e+02
1.487361227824831963e+09 9.421000000000000485e-01 2.791100000000000136e+02
1.487361227928949118e+09 9.416999999999999815e-01 2.791100000000000136e+02
1.487361228028981924e+09 9.424000000000000155e-01 2.791100000000000136e+02
1.487361228126116991e+09 9.408999999999999586e-01 2.791100000000000136e+02
1.487361228222904921e+09 9.411000000000000476e-01 2.791100000000000136e+02
1.487361228337658882e+09 9.404000000000000137e-01 2.791100000000000136e+02
1.487361228437416077e+09 9.416999999999999815e-01 2.791100000000000136e+02
1.487361228537235975e+09 9.419999999999999485e-01 2.791100000000000136e+02
1.487361228636986971e+09 9.412000000000000366e-01 2.791100000000000136e+02
1.487361228736712933e+09 9.415000000000000036e-01 2.791100000000000136e+02
1.487361228836535931e+09 9.422000000000000375e-01 2.791100000000000136e+02
1.487361228936244011e+09 9.421000000000000485e-01 2.791100000000000136e+02
1.487361229036030054e+09 9.415000000000000036e-01 2.791100000000000136e+02
1.487361229135678053e+09 9.423000000000000265e-01 2.791200000000000045e+02
1.487361229250283957e+09 9.416999999999999815e-01 2.791200000000000045e+02
1.487361229352027893e+09 9.408999999999999586e-01 2.791200000000000045e+02
1.487361229451694012e+09 9.415999999999999925e-01 2.791299999999999955e+02
1.487361229551449060e+09 9.422000000000000375e-01 2.791299999999999955e+02
1.487361229650902033e+09 9.421000000000000485e-01 2.791299999999999955e+02
1.487361229750947952e+09 9.413000000000000256e-01 2.791299999999999955e+02
1.487361229849601984e+09 9.406999999999999806e-01 2.791299999999999955e+02
1.487361229949989080e+09 9.414000000000000146e-01 2.791299999999999955e+02
1.487361230049019098e+09 9.418999999999999595e-01 2.791399999999999864e+02
1.487361230160629988e+09 9.421000000000000485e-01 2.791399999999999864e+02
1.487361230263044119e+09 9.415999999999999925e-01 2.791399999999999864e+02
1.487361230362901926e+09 9.416999999999999815e-01 2.791399999999999864e+02
1.487361230461833954e+09 9.419999999999999485e-01 2.791399999999999864e+02
1.487361230561636925e+09 9.415000000000000036e-01 2.791499999999999773e+02
1.487361230660845995e+09 9.407999999999999696e-01 2.791499999999999773e+02
1.487361230760904074e+09 9.415999999999999925e-01 2.791399999999999864e+02
1.487361230857249975e+09 9.417999999999999705e-01 2.791399999999999864e+02
1.487361230973862886e+09 9.422000000000000375e-01 2.791399999999999864e+02
1.487361231073679924e+09 9.407999999999999696e-01 2.791399999999999864e+02
1.487361231171046972e+09 9.415000000000000036e-01 2.791399999999999864e+02
1.487361231272759914e+09 9.417999999999999705e-01 2.791399999999999864e+02
1.487361231372812986e+09 9.417999999999999705e-01 2.791399999999999864e+02
1.487361231471716881e+09 9.424000000000000155e-01 2.791399999999999864e+02
1.487361231568177938e+09 9.408999999999999586e-01 2.791399999999999864e+02
1.487361231671739101e+09 9.413000000000000256e-01 2.791399999999999864e+02
1.487361231770668030e+09 9.408999999999999586e-01 2.791399999999999864e+02
1.487361231884779930e+09 9.415000000000000036e-01 2.791399999999999864e+02
1.487361231984746933e+09 9.422000000000000375e-01 2.791399999999999864e+02
1.487361232078784943e+09 9.408999999999999586e-01 2.791399999999999864e+02
1.487361232183702946e+09 9.417999999999999705e-01 2.791399999999999864e+02
1.487361232283673048e+09 9.417999999999999705e-01 2.791399999999999864e+02
1.487361232378063917e+09 9.419999999999999485e-01 2.791399999999999864e+02
1.487361232477858067e+09 9.413000000000000256e-01 2.791399999999999864e+02
1.487361232577604055e+09 9.415999999999999925e-01 2.791399999999999864e+02
1.487361232677294970e+09 9.418999999999999595e-01 2.791399999999999864e+02
1.487361232793751955e+09 9.415000000000000036e-01 2.791399999999999864e+02
1.487361232893479109e+09 9.422000000000000375e-01 2.791299999999999955e+02
1.487361232993238926e+09 9.416999999999999815e-01 2.791399999999999864e+02
1.487361233093003035e+09 9.415999999999999925e-01 2.791399999999999864e+02
1.487361233191879034e+09 9.421000000000000485e-01 2.791399999999999864e+02
1.487361233292536974e+09 9.424000000000000155e-01 2.791399999999999864e+02
1.487361233392307997e+09 9.421000000000000485e-01 2.791399999999999864e+02
1.487361233492065907e+09 9.421000000000000485e-01 2.791399999999999864e+02
1.487361233606535912e+09 9.413000000000000256e-01 2.791399999999999864e+02
1.487361233705634117e+09 9.421000000000000485e-01 2.791399999999999864e+02
1.487361233805514097e+09 9.417999999999999705e-01 2.791399999999999864e+02
1.487361233901195049e+09 9.415999999999999925e-01 2.791399999999999864e+02
1.487361234004482031e+09 9.422000000000000375e-01 2.791399999999999864e+02
1.487361234104386091e+09 9.421000000000000485e-01 2.791399999999999864e+02
1.487361234202783108e+09 9.418999999999999595e-01 2.791399999999999864e+02
1.487361234303571939e+09 9.412000000000000366e-01 2.791399999999999864e+02
1.487361234417511940e+09 9.416999999999999815e-01 2.791299999999999955e+02
1.487361234516501904e+09 9.413000000000000256e-01 2.791299999999999955e+02
1.487361234616590977e+09 9.415000000000000036e-01 2.791399999999999864e+02
1.487361234715584040e+09 9.413000000000000256e-01 2.791399999999999864e+02
1.487361234815479040e+09 9.413000000000000256e-01 2.791399999999999864e+02
1.487361234911892891e+09 9.414000000000000146e-01 2.791399999999999864e+02
1.487361235013573885e+09 9.416999999999999815e-01 2.791399999999999864e+02
1.487361235114615917e+09 9.409999999999999476e-01 2.791399999999999864e+02
1.487361235208996058e+09 9.418999999999999595e-01 2.791399999999999864e+02
1.487361235326651096e+09 9.415999999999999925e-01 2.791399999999999864e+02
1.487361235423908949e+09 9.415000000000000036e-01 2.791399999999999864e+02
1.487361235526346922e+09 9.417999999999999705e-01 2.791399999999999864e+02
1.487361235626477003e+09 9.415999999999999925e-01 2.791399999999999864e+02
1.487361235726480007e+09 9.422000000000000375e-01 2.791499999999999773e+02
1.487361235820787907e+09 9.411000000000000476e-01 2.791499999999999773e+02
1.487361235925224066e+09 9.415000000000000036e-01 2.791499999999999773e+02
1.487361236019567013e+09 9.415000000000000036e-01 2.791499999999999773e+02
1.487361236135746956e+09 9.425999999999999934e-01 2.791499999999999773e+02
1.487361236235532999e+09 9.415999999999999925e-01 2.791499999999999773e+02
1.487361236335338116e+09 9.411000000000000476e-01 2.791499999999999773e+02
1.487361236433347940e+09 9.417999999999999705e-01 2.791499999999999773e+02
1.487361236534842014e+09 9.411000000000000476e-01 2.791499999999999773e+02
1.487361236634601116e+09 9.419999999999999485e-01 2.791499999999999773e+02
1.487361236734142065e+09 9.421000000000000485e-01 2.791600000000000250e+02
1.487361236834064960e+09 9.408999999999999586e-01 2.791600000000000250e+02
1.487361236949297905e+09 9.414000000000000146e-01 2.791600000000000250e+02
1.487361237049201012e+09 9.417999999999999705e-01 2.791600000000000250e+02
1.487361237148235083e+09 9.423000000000000265e-01 2.791600000000000250e+02
1.487361237247977972e+09 9.418999999999999595e-01 2.791600000000000250e+02
1.487361237348031044e+09 9.418999999999999595e-01 2.791600000000000250e+02
1.487361237447185993e+09 9.415000000000000036e-01 2.791600000000000250e+02
1.487361237547311068e+09 9.412000000000000366e-01 2.791600000000000250e+02
1.487361237647243977e+09 9.417999999999999705e-01 2.791700000000000159e+02
1.487361237760144949e+09 9.414000000000000146e-01 2.791700000000000159e+02
1.487361237860338926e+09 9.415000000000000036e-01 2.791700000000000159e+02
1.487361237960242033e+09 9.411000000000000476e-01 2.791700000000000159e+02
1.487361238059148073e+09 9.419999999999999485e-01 2.791800000000000068e+02
1.487361238159192085e+09 9.425999999999999934e-01 2.791800000000000068e+02
1.487361238258219957e+09 9.415999999999999925e-01 2.791800000000000068e+02
1.487361238358284950e+09 9.416999999999999815e-01 2.791800000000000068e+02
1.487361238455023050e+09 9.416999999999999815e-01 2.791899999999999977e+02
1.487361238571182013e+09 9.415000000000000036e-01 2.791899999999999977e+02
1.487361238668246031e+09 9.422000000000000375e-01 2.791899999999999977e+02
1.487361238771073103e+09 9.408999999999999586e-01 2.791899999999999977e+02
1.487361238870321989e+09 9.421000000000000485e-01 2.791899999999999977e+02
1.487361238969949961e+09 9.407999999999999696e-01 2.791899999999999977e+02
1.487361239069217920e+09 9.423000000000000265e-01 2.791899999999999977e+02
1.487361239168903112e+09 9.424000000000000155e-01 2.791999999999999886e+02
1.487361239269032001e+09 9.416999999999999815e-01 2.791999999999999886e+02
1.487361239383093119e+09 9.415000000000000036e-01 2.791999999999999886e+02
1.487361239481645107e+09 9.414000000000000146e-01 2.791999999999999886e+02
1.487361239577558994e+09 9.421000000000000485e-01 2.791999999999999886e+02
1.487361239677299023e+09 9.417999999999999705e-01 2.791999999999999886e+02
1.487361239777077913e+09 9.417999999999999705e-01 2.791999999999999886e+02
1.487361239876842022e+09 9.413000000000000256e-01 2.792099999999999795e+02
1.487361239976596117e+09 9.414000000000000146e-01 2.792099999999999795e+02
1.487361240076363087e+09 9.415999999999999925e-01 2.792099999999999795e+02
1.487361240192754030e+09 9.415999999999999925e-01 2.792099999999999795e+02
1.487361240292521954e+09 9.411000000000000476e-01 2.792099999999999795e+02
1.487361240392301083e+09 9.421000000000000485e-01 2.792099999999999795e+02
1.487361240487562895e+09 9.426999999999999824e-01 2.792099999999999795e+02
1.487361240591870070e+09 9.424000000000000155e-01 2.792200000000000273e+02
1.487361240687855005e+09 9.416999999999999815e-01 2.792200000000000273e+02
1.487361240790976048e+09 9.416999999999999815e-01 2.792200000000000273e+02
1.487361240890913963e+09 9.421000000000000485e-01 2.792200000000000273e+02
1.487361240990071058e+09 9.421000000000000485e-01 2.792200000000000273e+02
1.487361241103885889e+09 9.417999999999999705e-01 2.792200000000000273e+02
1.487361241203890085e+09 9.418999999999999595e-01 2.792200000000000273e+02
1.487361241302830935e+09 9.413000000000000256e-01 2.792200000000000273e+02
1.487361241402838945e+09 9.414000000000000146e-01 2.792200000000000273e+02
1.487361241501863956e+09 9.422000000000000375e-01 2.792200000000000273e+02
1.487361241601763010e+09 9.415000000000000036e-01 2.792200000000000273e+02
1.487361241702049017e+09 9.418999999999999595e-01 2.792200000000000273e+02
1.487361241800669909e+09 9.419999999999999485e-01 2.792200000000000273e+02
1.487361241914798975e+09 9.418999999999999595e-01 2.792200000000000273e+02
1.487361242014796019e+09 9.424000000000000155e-01 2.792200000000000273e+02
1.487361242114870071e+09 9.415999999999999925e-01 2.792200000000000273e+02
1.487361242210006952e+09 9.423000000000000265e-01 2.792200000000000273e+02
1.487361242313951015e+09 9.419999999999999485e-01 2.792200000000000273e+02
1.487361242412765980e+09 9.421000000000000485e-01 2.792200000000000273e+02
1.487361242509454966e+09 9.409999999999999476e-01 2.792200000000000273e+02
1.487361242611772060e+09 9.412000000000000366e-01 2.792200000000000273e+02
1.487361242711652994e+09 9.417999999999999705e-01 2.792200000000000273e+02
1.487361242811701059e+09 9.416999999999999815e-01 2.792200000000000273e+02
1.487361242925529003e+09 9.406999999999999806e-01 2.792200000000000273e+02
1.487361243024662971e+09 9.419999999999999485e-01 2.792200000000000273e+02
1.487361243124726057e+09 9.415999999999999925e-01 2.792200000000000273e+02
1.487361243223922014e+09 9.416999999999999815e-01 2.792200000000000273e+02
1.487361243318672895e+09 9.411000000000000476e-01 2.792099999999999795e+02
1.487361243418390036e+09 9.415999999999999925e-01 2.792099999999999795e+02
1.487361243518132925e+09 9.411000000000000476e-01 2.792099999999999795e+02
1.487361243617888927e+09 9.417999999999999705e-01 2.792099999999999795e+02
1.487361243717816114e+09 9.415000000000000036e-01 2.792099999999999795e+02
1.487361243834055901e+09 9.414000000000000146e-01 2.792099999999999795e+02
1.487361243933835030e+09 9.409999999999999476e-01 2.792099999999999795e+02
1.487361244033602953e+09 9.408999999999999586e-01 2.792099999999999795e+02
1.487361244132572889e+09 9.421000000000000485e-01 2.792099999999999795e+02
1.487361244230444908e+09 9.416999999999999815e-01 2.792099999999999795e+02
1.487361244331247091e+09 9.413000000000000256e-01 2.792099999999999795e+02
1.487361244432678938e+09 9.417999999999999705e-01 2.792099999999999795e+02
1.487361244532469988e+09 9.416999999999999815e-01 2.792099999999999795e+02
1.487361244646752119e+09 9.415000000000000036e-01 2.792099999999999795e+02
1.487361244742525101e+09 9.417999999999999705e-01 2.791999999999999886e+02
1.487361244844813108e+09 9.415000000000000036e-01 2.791999999999999886e+02
1.487361244945554972e+09 9.415999999999999925e-01 2.791999999999999886e+02
1.487361245044512033e+09 9.418999999999999595e-01 2.791999999999999886e+02
1.487361245144608021e+09 9.416999999999999815e-01 2.791999999999999886e+02
