1.487363108378731966e+09 7.915999999999999703e-01 2.794200000000000159e+02
1.487363108480906010e+09 7.922000000000000153e-01 2.794200000000000159e+02
1.487363108579509020e+09 7.924999999999999822e-01 2.794200000000000159e+02
1.487363108679706097e+09 7.915999999999999703e-01 2.794200000000000159e+02
1.487363108778918028e+09 7.910000000000000364e-01 2.794200000000000159e+02
1.487363108875016928e+09 7.920000000000000373e-01 2.794200000000000159e+02
1.487363108992748976e+09 7.919000000000000483e-01 2.794200000000000159e+02
1.487363109091828108e+09 7.925999999999999712e-01 2.794200000000000159e+02
1.487363109191792011e+09 7.917999999999999483e-01 2.794100000000000250e+02
1.487363109291726112e+09 7.914999999999999813e-01 2.794100000000000250e+02
1.487363109389971018e+09 7.914999999999999813e-01 2.794100000000000250e+02
1.487363109490899086e+09 7.917999999999999483e-01 2.794100000000000250e+02
1.487363109589818954e+09 7.916999999999999593e-01 2.794200000000000159e+02
1.487363109689593077e+09 7.921000000000000263e-01 2.794100000000000250e+02
1.487363109803718090e+09 7.917999999999999483e-01 2.794100000000000250e+02
1.487363109902709007e+09 7.913000000000000034e-01 2.794100000000000250e+02
1.487363110002863884e+09 7.915999999999999703e-01 2.794100000000000250e+02
1.487363110102766991e+09 7.923999999999999932e-01 2.794100000000000250e+02
1.487363110201745987e+09 7.917999999999999483e-01 2.794100000000000250e+02
1.487363110301738024e+09 7.914999999999999813e-01 2.794100000000000250e+02
1.487363110401855946e+09 7.916999999999999593e-01 2.794100000000000250e+02
1.487363110500787020e+09 7.911000000000000254e-01 2.794100000000000250e+02
1.487363110612282038e+09 7.919000000000000483e-01 2.794100000000000250e+02
1.487363110712030888e+09 7.922000000000000153e-01 2.794100000000000250e+02
1.487363110811804056e+09 7.920000000000000373e-01 2.794100000000000250e+02
1.487363110911576033e+09 7.923000000000000043e-01 2.794100000000000250e+02
1.487363111011332989e+09 7.917999999999999483e-01 2.794100000000000250e+02
1.487363111111097097e+09 7.924999999999999822e-01 2.794100000000000250e+02
1.487363111209021091e+09 7.921000000000000263e-01 2.794100000000000250e+02
1.487363111308991909e+09 7.922000000000000153e-01 2.794100000000000250e+02
1.487363111425724983e+09 7.916999999999999593e-01 2.794100000000000250e+02
1.487363111525690079e+09 7.920000000000000373e-01 2.794100000000000250e+02
1.487363111623537064e+09 7.922000000000000153e-01 2.794100000000000250e+02
1.487363111724688053e+09 7.924999999999999822e-01 2.794100000000000250e+02
1.487363111821003914e+09 7.915999999999999703e-01 2.794100000000000250e+02
1.487363111923002958e+09 7.923000000000000043e-01 2.794100000000000250e+02
1.487363112019829035e+09 7.910000000000000364e-01 2.794100000000000250e+02
1.487363112122585058e+09 7.922000000000000153e-01 2.794100000000000250e+02
1.487363112236624956e+09 7.916999999999999593e-01 2.794100000000000250e+02
1.487363112332303047e+09 7.911000000000000254e-01 2.794100000000000250e+02
1.487363112435492039e+09 7.913999999999999924e-01 2.794100000000000250e+02
1.487363112535586119e+09 7.916999999999999593e-01 2.794100000000000250e+02
1.487363112634735107e+09 7.913000000000000034e-01 2.794100000000000250e+02
1.487363112734497070e+09 7.919000000000000483e-01 2.794100000000000250e+02
1.487363112834450006e+09 7.919000000000000483e-01 2.794100000000000250e+02
1.487363112928533077e+09 7.916999999999999593e-01 2.794100000000000250e+02
1.487363113033416986e+09 7.912000000000000144e-01 2.794100000000000250e+02
1.487363113143949986e+09 7.917999999999999483e-01 2.794100000000000250e+02
1.487363113246625900e+09 7.917999999999999483e-01 2.794100000000000250e+02
1.487363113346481085e+09 7.926999999999999602e-01 2.794100000000000250e+02
1.487363113446434021e+09 7.913000000000000034e-01 2.794100000000000250e+02
1.487363113545551062e+09 7.923999999999999932e-01 2.794100000000000250e+02
1.487363113645483017e+09 7.911000000000000254e-01 2.794100000000000250e+02
1.487363113744616032e+09 7.917999999999999483e-01 2.794100000000000250e+02
1.487363113840569973e+09 7.917999999999999483e-01 2.794100000000000250e+02
1.487363113954329967e+09 7.914999999999999813e-01 2.794100000000000250e+02
1.487363114054100037e+09 7.919000000000000483e-01 2.794100000000000250e+02
1.487363114153873920e+09 7.924999999999999822e-01 2.794100000000000250e+02
1.487363114253577948e+09 7.913999999999999924e-01 2.794100000000000250e+02
1.487363114353362083e+09 7.914999999999999813e-01 2.794100000000000250e+02
1.487363114453104973e+09 7.917999999999999483e-01 2.793999999999999773e+02
1.487363114555305958e+09 7.917999999999999483e-01 2.794100000000000250e+02
1.487363114669228077e+09 7.916999999999999593e-01 2.794100000000000250e+02
1.487363114769022942e+09 7.917999999999999483e-01 2.794100000000000250e+02
1.487363114868313074e+09 7.924999999999999822e-01 2.794100000000000250e+02
1.487363114968398094e+09 7.919000000000000483e-01 2.794100000000000250e+02
1.487363115068326950e+09 7.914999999999999813e-01 2.794100000000000250e+02
1.487363115167531967e+09 7.913999999999999924e-01 2.793999999999999773e+02
1.487363115267296076e+09 7.915999999999999703e-01 2.793999999999999773e+02
1.487363115366466999e+09 7.919000000000000483e-01 2.794100000000000250e+02
1.487363115466305971e+09 7.913999999999999924e-01 2.794100000000000250e+02
1.487363115579530001e+09 7.916999999999999593e-01 2.794100000000000250e+02
1.487363115679342985e+09 7.919000000000000483e-01 2.794100000000000250e+02
1.487363115779241085e+09 7.919000000000000483e-01 2.793999999999999773e+02
1.487363115879311085e+09 7.910000000000000364e-01 2.794100000000000250e+02
1.487363115978251934e+09 7.916999999999999593e-01 2.794100000000000250e+02
1.487363116078344107e+09 7.915999999999999703e-01 2.793999999999999773e+02
1.487363116177351952e+09 7.920000000000000373e-01 2.793999999999999773e+02
1.487363116277124882e+09 7.915999999999999703e-01 2.793999999999999773e+02
1.487363116391314030e+09 7.914999999999999813e-01 2.793999999999999773e+02
1.487363116487967968e+09 7.915999999999999703e-01 2.793999999999999773e+02
1.487363116588901043e+09 7.921000000000000263e-01 2.793999999999999773e+02
1.487363116690175056e+09 7.920000000000000373e-01 2.793999999999999773e+02
1.487363116789233923e+09 7.913999999999999924e-01 2.793999999999999773e+02
1.487363116889233112e+09 7.923000000000000043e-01 2.793999999999999773e+02
1.487363116988250971e+09 7.915999999999999703e-01 2.793999999999999773e+02
1.487363117088346004e+09 7.922000000000000153e-01 2.793999999999999773e+02
1.487363117202099085e+09 7.916999999999999593e-01 2.793999999999999773e+02
1.487363117296344995e+09 7.920000000000000373e-01 2.793999999999999773e+02
1.487363117401149988e+09 7.913000000000000034e-01 2.793999999999999773e+02
1.487363117501174927e+09 7.919000000000000483e-01 2.793999999999999773e+02
1.487363117595642090e+09 7.923999999999999932e-01 2.793999999999999773e+02
1.487363117695404053e+09 7.914999999999999813e-01 2.793999999999999773e+02
1.487363117795187950e+09 7.914999999999999813e-01 2.793999999999999773e+02
1.487363117894941092e+09 7.923999999999999932e-01 2.793999999999999773e+02
1.487363118011337042e+09 7.917999999999999483e-01 2.793999999999999773e+02
1.487363118111093044e+09 7.916999999999999593e-01 2.793999999999999773e+02
1.487363118210856915e+09 7.920000000000000373e-01 2.793999999999999773e+02
1.487363118310559988e+09 7.916999999999999593e-01 2.793999999999999773e+02
1.487363118410322905e+09 7.912000000000000144e-01 2.793999999999999773e+02
1.487363118510081053e+09 7.913999999999999924e-01 2.793999999999999773e+02
1.487363118609864950e+09 7.912000000000000144e-01 2.793999999999999773e+02
1.487363118705408096e+09 7.917999999999999483e-01 2.793999999999999773e+02
1.487363118809392929e+09 7.923000000000000043e-01 2.793999999999999773e+02
1.487363118923988104e+09 7.919000000000000483e-01 2.793999999999999773e+02
1.487363119023123026e+09 7.914999999999999813e-01 2.793999999999999773e+02
1.487363119122838020e+09 7.915999999999999703e-01 2.793999999999999773e+02
1.487363119222088099e+09 7.920000000000000373e-01 2.793999999999999773e+02
1.487363119322093010e+09 7.919000000000000483e-01 2.793999999999999773e+02
1.487363119421814919e+09 7.913999999999999924e-01 2.793999999999999773e+02
1.487363119520909071e+09 7.920000000000000373e-01 2.793999999999999773e+02
1.487363119629844904e+09 7.917999999999999483e-01 2.793999999999999773e+02
1.487363119730398893e+09 7.914999999999999813e-01 2.793999999999999773e+02
1.487363119834042072e+09 7.925999999999999712e-01 2.793999999999999773e+02
1.487363119933988094e+09 7.920000000000000373e-01 2.793999999999999773e+02
1.487363120033004999e+09 7.916999999999999593e-01 2.793999999999999773e+02
1.487363120132896900e+09 7.921000000000000263e-01 2.793999999999999773e+02
1.487363120228882074e+09 7.917999999999999483e-01 2.793999999999999773e+02
1.487363120332017899e+09 7.915999999999999703e-01 2.793999999999999773e+02
1.487363120427436113e+09 7.914999999999999813e-01 2.793999999999999773e+02
1.487363120545871973e+09 7.914999999999999813e-01 2.793999999999999773e+02
1.487363120644905090e+09 7.919000000000000483e-01 2.793999999999999773e+02
1.487363120744735003e+09 7.914999999999999813e-01 2.793999999999999773e+02
1.487363120843811035e+09 7.914999999999999813e-01 2.793999999999999773e+02
1.487363120943818092e+09 7.921000000000000263e-01 2.793899999999999864e+02
1.487363121040939093e+09 7.915999999999999703e-01 2.793999999999999773e+02
1.487363121139481068e+09 7.915999999999999703e-01 2.793999999999999773e+02
1.487363121241861105e+09 7.917999999999999483e-01 2.793899999999999864e+02
1.487363121341702938e+09 7.916999999999999593e-01 2.793899999999999864e+02
1.487363121453145981e+09 7.916999999999999593e-01 2.793899999999999864e+02
1.487363121552762032e+09 7.915999999999999703e-01 2.793899999999999864e+02
1.487363121651535034e+09 7.910000000000000364e-01 2.793899999999999864e+02
1.487363121752404928e+09 7.913000000000000034e-01 2.793899999999999864e+02
1.487363121852142096e+09 7.919000000000000483e-01 2.793899999999999864e+02
1.487363121951942921e+09 7.915999999999999703e-01 2.793899999999999864e+02
1.487363122051687002e+09 7.925999999999999712e-01 2.793899999999999864e+02
1.487363122151453018e+09 7.919000000000000483e-01 2.793899999999999864e+02
1.487363122265973091e+09 7.923000000000000043e-01 2.793899999999999864e+02
1.487363122366631031e+09 7.924999999999999822e-01 2.793899999999999864e+02
1.487363122465629101e+09 7.914999999999999813e-01 2.793899999999999864e+02
1.487363122565737009e+09 7.906999999999999584e-01 2.793899999999999864e+02
1.487363122665772915e+09 7.924999999999999822e-01 2.793899999999999864e+02
1.487363122764612913e+09 7.919000000000000483e-01 2.793899999999999864e+02
1.487363122864630938e+09 7.916999999999999593e-01 2.793899999999999864e+02
1.487363122959665060e+09 7.913000000000000034e-01 2.793899999999999864e+02
1.487363123075206041e+09 7.921000000000000263e-01 2.793899999999999864e+02
1.487363123173186064e+09 7.917999999999999483e-01 2.793899999999999864e+02
1.487363123275738001e+09 7.923999999999999932e-01 2.793899999999999864e+02
1.487363123376595020e+09 7.916999999999999593e-01 2.793899999999999864e+02
1.487363123474792004e+09 7.915999999999999703e-01 2.793899999999999864e+02
1.487363123575784922e+09 7.914999999999999813e-01 2.793899999999999864e+02
1.487363123675542116e+09 7.922000000000000153e-01 2.793899999999999864e+02
1.487363123773113012e+09 7.916999999999999593e-01 2.793899999999999864e+02
1.487363123886742115e+09 7.920000000000000373e-01 2.793899999999999864e+02
1.487363123988600969e+09 7.920000000000000373e-01 2.793899999999999864e+02
1.487363124088063955e+09 7.922000000000000153e-01 2.793899999999999864e+02
1.487363124182437897e+09 7.923000000000000043e-01 2.793899999999999864e+02
1.487363124287586927e+09 7.914999999999999813e-01 2.793899999999999864e+02
1.487363124386507034e+09 7.915999999999999703e-01 2.793899999999999864e+02
1.487363124486568928e+09 7.913000000000000034e-01 2.793899999999999864e+02
1.487363124586523056e+09 7.917999999999999483e-01 2.793899999999999864e+02
1.487363124699453115e+09 7.917999999999999483e-01 2.793899999999999864e+02
1.487363124795103073e+09 7.916999999999999593e-01 2.793899999999999864e+02
1.487363124894866943e+09 7.911000000000000254e-01 2.793899999999999864e+02
1.487363124994628906e+09 7.913999999999999924e-01 2.793899999999999864e+02
1.487363125094369888e+09 7.917999999999999483e-01 2.793899999999999864e+02
1.487363125194143057e+09 7.915999999999999703e-01 2.793899999999999864e+02
1.487363125293920994e+09 7.909000000000000474e-01 2.793899999999999864e+02
1.487363125392608881e+09 7.909000000000000474e-01 2.793899999999999864e+02
1.487363125510082960e+09 7.923999999999999932e-01 2.793899999999999864e+02
1.487363125609847069e+09 7.914999999999999813e-01 2.793899999999999864e+02
1.487363125709616899e+09 7.913999999999999924e-01 2.793899999999999864e+02
1.487363125809376955e+09 7.913000000000000034e-01 2.793899999999999864e+02
1.487363125909250021e+09 7.922000000000000153e-01 2.793899999999999864e+02
1.487363126006170988e+09 7.915999999999999703e-01 2.793899999999999864e+02
1.487363126106317043e+09 7.917999999999999483e-01 2.793899999999999864e+02
1.487363126208293915e+09 7.922000000000000153e-01 2.793899999999999864e+02
1.487363126322315931e+09 7.912000000000000144e-01 2.793899999999999864e+02
1.487363126421310902e+09 7.906999999999999584e-01 2.793899999999999864e+02
1.487363126521389961e+09 7.915999999999999703e-01 2.793899999999999864e+02
1.487363126620417118e+09 7.913000000000000034e-01 2.793899999999999864e+02
1.487363126716494083e+09 7.913000000000000034e-01 2.793899999999999864e+02
1.487363126819281101e+09 7.921000000000000263e-01 2.793899999999999864e+02
1.487363126919279099e+09 7.913000000000000034e-01 2.793899999999999864e+02
1.487363127019366980e+09 7.923999999999999932e-01 2.793899999999999864e+02
1.487363127114635944e+09 7.912000000000000144e-01 2.793899999999999864e+02
1.487363127232188940e+09 7.923999999999999932e-01 2.793899999999999864e+02
1.487363127332297087e+09 7.923999999999999932e-01 2.793899999999999864e+02
1.487363127427035093e+09 7.912000000000000144e-01 2.793899999999999864e+02
1.487363127531260967e+09 7.920000000000000373e-01 2.793899999999999864e+02
1.487363127625376940e+09 7.906999999999999584e-01 2.793799999999999955e+02
1.487363127730149984e+09 7.921000000000000263e-01 2.793799999999999955e+02
1.487363127829994917e+09 7.923000000000000043e-01 2.793799999999999955e+02
1.487363127926078081e+09 7.914999999999999813e-01 2.793799999999999955e+02
1.487363128043077946e+09 7.915999999999999703e-01 2.793799999999999955e+02
1.487363128143399000e+09 7.925999999999999712e-01 2.793799999999999955e+02
1.487363128242202044e+09 7.920000000000000373e-01 2.793799999999999955e+02
1.487363128342101097e+09 7.925999999999999712e-01 2.793799999999999955e+02
1.487363128442116976e+09 7.914999999999999813e-01 2.793799999999999955e+02
1.487363128536170006e+09 7.907999999999999474e-01 2.793799999999999955e+02
1.487363128641096115e+09 7.913999999999999924e-01 2.793799999999999955e+02
1.487363128735704899e+09 7.912000000000000144e-01 2.793799999999999955e+02
1.487363128835481882e+09 7.921000000000000263e-01 2.793799999999999955e+02
1.487363128935235977e+09 7.907999999999999474e-01 2.793799999999999955e+02
1.487363129049637079e+09 7.919000000000000483e-01 2.793799999999999955e+02
1.487363129151381969e+09 7.920000000000000373e-01 2.793799999999999955e+02
1.487363129249910116e+09 7.914999999999999813e-01 2.793799999999999955e+02
1.487363129350927114e+09 7.922000000000000153e-01 2.793799999999999955e+02
1.487363129450694084e+09 7.916999999999999593e-01 2.793799999999999955e+02
1.487363129550458908e+09 7.922000000000000153e-01 2.793799999999999955e+02
1.487363129650214911e+09 7.925999999999999712e-01 2.793799999999999955e+02
1.487363129750139952e+09 7.919000000000000483e-01 2.793799999999999955e+02
1.487363129849741936e+09 7.916999999999999593e-01 2.793799999999999955e+02
1.487363129964055061e+09 7.913999999999999924e-01 2.793799999999999955e+02
1.487363130062772036e+09 7.922000000000000153e-01 2.793799999999999955e+02
1.487363130163207054e+09 7.919000000000000483e-01 2.793799999999999955e+02
1.487363130262959003e+09 7.916999999999999593e-01 2.793799999999999955e+02
1.487363130358700991e+09 7.912000000000000144e-01 2.793799999999999955e+02
1.487363130458045959e+09 7.924999999999999822e-01 2.793799999999999955e+02
1.487363130558635950e+09 7.913000000000000034e-01 2.793799999999999955e+02
1.487363130657882929e+09 7.913999999999999924e-01 2.793799999999999955e+02
1.487363130773999929e+09 7.920000000000000373e-01 2.793799999999999955e+02
1.487363130875004053e+09 7.915999999999999703e-01 2.793799999999999955e+02
1.487363130970020056e+09 7.923000000000000043e-01 2.793799999999999955e+02
1.487363131072249889e+09 7.917999999999999483e-01 2.793799999999999955e+02
1.487363131169012070e+09 7.916999999999999593e-01 2.793799999999999955e+02
1.487363131272866964e+09 7.922000000000000153e-01 2.793799999999999955e+02
1.487363131372868061e+09 7.914999999999999813e-01 2.793799999999999955e+02
1.487363131471935987e+09 7.914999999999999813e-01 2.793799999999999955e+02
1.487363131584451914e+09 7.916999999999999593e-01 2.793799999999999955e+02
1.487363131681294918e+09 7.904999999999999805e-01 2.793799999999999955e+02
1.487363131784905910e+09 7.912000000000000144e-01 2.793799999999999955e+02
1.487363131884805918e+09 7.916999999999999593e-01 2.793799999999999955e+02
1.487363131984992027e+09 7.909000000000000474e-01 2.793799999999999955e+02
1.487363132078978062e+09 7.915999999999999703e-01 2.793799999999999955e+02
1.487363132183690071e+09 7.911000000000000254e-01 2.793799999999999955e+02
1.487363132282792091e+09 7.917999999999999483e-01 2.793799999999999955e+02
1.487363132393054008e+09 7.915999999999999703e-01 2.793799999999999955e+02
1.487363132493395090e+09 7.919000000000000483e-01 2.793799999999999955e+02
1.487363132593162060e+09 7.913000000000000034e-01 2.793799999999999955e+02
1.487363132695770025e+09 7.913999999999999924e-01 2.793799999999999955e+02
1.487363132792586088e+09 7.920000000000000373e-01 2.793799999999999955e+02
1.487363132892456055e+09 7.914999999999999813e-01 2.793799999999999955e+02
1.487363132992221117e+09 7.914999999999999813e-01 2.793799999999999955e+02
1.487363133091994047e+09 7.917999999999999483e-01 2.793799999999999955e+02
1.487363133191745996e+09 7.915999999999999703e-01 2.793799999999999955e+02
1.487363133307826042e+09 7.922000000000000153e-01 2.793799999999999955e+02
1.487363133406892061e+09 7.915999999999999703e-01 2.793799999999999955e+02
1.487363133506834030e+09 7.914999999999999813e-01 2.793799999999999955e+02
1.487363133606776953e+09 7.913000000000000034e-01 2.793799999999999955e+02
1.487363133705614090e+09 7.915999999999999703e-01 2.793799999999999955e+02
1.487363133805871010e+09 7.916999999999999593e-01 2.793799999999999955e+02
1.487363133904793024e+09 7.913000000000000034e-01 2.793799999999999955e+02
1.487363134003038883e+09 7.919000000000000483e-01 2.793799999999999955e+02
1.487363134103697062e+09 7.917999999999999483e-01 2.793700000000000045e+02
1.487363134217602968e+09 7.913999999999999924e-01 2.793799999999999955e+02
1.487363134317574978e+09 7.912000000000000144e-01 2.793799999999999955e+02
1.487363134417562008e+09 7.915999999999999703e-01 2.793700000000000045e+02
1.487363134516685963e+09 7.913999999999999924e-01 2.793700000000000045e+02
1.487363134612906933e+09 7.917999999999999483e-01 2.793700000000000045e+02
1.487363134715126038e+09 7.919000000000000483e-01 2.793700000000000045e+02
1.487363134815521955e+09 7.921000000000000263e-01 2.793700000000000045e+02
1.487363134913784027e+09 7.919000000000000483e-01 2.793700000000000045e+02
1.487363135028640032e+09 7.921000000000000263e-01 2.793700000000000045e+02
1.487363135125211954e+09 7.919000000000000483e-01 2.793700000000000045e+02
1.487363135227495909e+09 7.920000000000000373e-01 2.793700000000000045e+02
1.487363135327408075e+09 7.916999999999999593e-01 2.793700000000000045e+02
1.487363135424715042e+09 7.906999999999999584e-01 2.793700000000000045e+02
1.487363135526473045e+09 7.911000000000000254e-01 2.793700000000000045e+02
1.487363135621977091e+09 7.919000000000000483e-01 2.793700000000000045e+02
1.487363135726454973e+09 7.920000000000000373e-01 2.793700000000000045e+02
1.487363135825522900e+09 7.914999999999999813e-01 2.793700000000000045e+02
1.487363135935225964e+09 7.920000000000000373e-01 2.793700000000000045e+02
1.487363136034990072e+09 7.916999999999999593e-01 2.793700000000000045e+02
1.487363136134808064e+09 7.920000000000000373e-01 2.793700000000000045e+02
1.487363136234534979e+09 7.914999999999999813e-01 2.793700000000000045e+02
1.487363136334295988e+09 7.916999999999999593e-01 2.793700000000000045e+02
1.487363136433979034e+09 7.919000000000000483e-01 2.793700000000000045e+02
1.487363136533761024e+09 7.911000000000000254e-01 2.793700000000000045e+02
1.487363136633567095e+09 7.911000000000000254e-01 2.793700000000000045e+02
1.487363136733290911e+09 7.913999999999999924e-01 2.793700000000000045e+02
1.487363136849894047e+09 7.913000000000000034e-01 2.793700000000000045e+02
1.487363136949425936e+09 7.913999999999999924e-01 2.793700000000000045e+02
1.487363137049212933e+09 7.920000000000000373e-01 2.793700000000000045e+02
1.487363137148526907e+09 7.927999999999999492e-01 2.793700000000000045e+02
1.487363137248545885e+09 7.921000000000000263e-01 2.793700000000000045e+02
1.487363137348382950e+09 7.917999999999999483e-01 2.793700000000000045e+02
1.487363137447293043e+09 7.922000000000000153e-01 2.793700000000000045e+02
1.487363137547270060e+09 7.923999999999999932e-01 2.793700000000000045e+02
1.487363137656199932e+09 7.913999999999999924e-01 2.793700000000000045e+02
1.487363137760438919e+09 7.913999999999999924e-01 2.793700000000000045e+02
1.487363137857260942e+09 7.915999999999999703e-01 2.793700000000000045e+02
1.487363137959403992e+09 7.923000000000000043e-01 2.793700000000000045e+02
1.487363138059465885e+09 7.923000000000000043e-01 2.793700000000000045e+02
1.487363138159514904e+09 7.912000000000000144e-01 2.793700000000000045e+02
1.487363138258251905e+09 7.916999999999999593e-01 2.793700000000000045e+02
1.487363138358256102e+09 7.919000000000000483e-01 2.793700000000000045e+02
1.487363138472192049e+09 7.913000000000000034e-01 2.793700000000000045e+02
1.487363138571237087e+09 7.916999999999999593e-01 2.793700000000000045e+02
1.487363138671216011e+09 7.916999999999999593e-01 2.793700000000000045e+02
1.487363138770287037e+09 7.915999999999999703e-01 2.793700000000000045e+02
1.487363138870306015e+09 7.924999999999999822e-01 2.793700000000000045e+02
1.487363138970244884e+09 7.923000000000000043e-01 2.793700000000000045e+02
1.487363139069274902e+09 7.914999999999999813e-01 2.793700000000000045e+02
1.487363139169183016e+09 7.917999999999999483e-01 2.793700000000000045e+02
1.487363139264873028e+09 7.913000000000000034e-01 2.793700000000000045e+02
1.487363139382246017e+09 7.913000000000000034e-01 2.793700000000000045e+02
1.487363139482345104e+09 7.919000000000000483e-01 2.793700000000000045e+02
1.487363139578628063e+09 7.920000000000000373e-01 2.793600000000000136e+02
1.487363139676160097e+09 7.916999999999999593e-01 2.793700000000000045e+02
1.487363139776526928e+09 7.920000000000000373e-01 2.793700000000000045e+02
1.487363139875821114e+09 7.920000000000000373e-01 2.793600000000000136e+02
1.487363139975585938e+09 7.911000000000000254e-01 2.793700000000000045e+02
1.487363140078619957e+09 7.913999999999999924e-01 2.793700000000000045e+02
1.487363140191742897e+09 7.917999999999999483e-01 2.793700000000000045e+02
1.487363140291510105e+09 7.921000000000000263e-01 2.793700000000000045e+02
1.487363140387550116e+09 7.923000000000000043e-01 2.793700000000000045e+02
1.487363140490983009e+09 7.913999999999999924e-01 2.793700000000000045e+02
1.487363140590768099e+09 7.915999999999999703e-01 2.793600000000000136e+02
1.487363140687585115e+09 7.915999999999999703e-01 2.793600000000000136e+02
1.487363140790287971e+09 7.919000000000000483e-01 2.793600000000000136e+02
1.487363140890043974e+09 7.912000000000000144e-01 2.793600000000000136e+02
1.487363141000521898e+09 7.915999999999999703e-01 2.793600000000000136e+02
1.487363141104159117e+09 7.923000000000000043e-01 2.793600000000000136e+02
1.487363141198195934e+09 7.914999999999999813e-01 2.793600000000000136e+02
1.487363141303093910e+09 7.912000000000000144e-01 2.793600000000000136e+02
1.487363141400578976e+09 7.913999999999999924e-01 2.793600000000000136e+02
1.487363141502152920e+09 7.917999999999999483e-01 2.793600000000000136e+02
1.487363141602148056e+09 7.919000000000000483e-01 2.793600000000000136e+02
1.487363141700943947e+09 7.913000000000000034e-01 2.793600000000000136e+02
1.487363141816102028e+09 7.915999999999999703e-01 2.793600000000000136e+02
1.487363141915049076e+09 7.917999999999999483e-01 2.793600000000000136e+02
1.487363142010041952e+09 7.914999999999999813e-01 2.793600000000000136e+02
1.487363142112931013e+09 7.912000000000000144e-01 2.793600000000000136e+02
1.487363142213990927e+09 7.919000000000000483e-01 2.793600000000000136e+02
1.487363142312912941e+09 7.915999999999999703e-01 2.793600000000000136e+02
1.487363142413192987e+09 7.919000000000000483e-01 2.793600000000000136e+02
1.487363142512994051e+09 7.916999999999999593e-01 2.793600000000000136e+02
1.487363142623857975e+09 7.924999999999999822e-01 2.793600000000000136e+02
1.487363142725944042e+09 7.912000000000000144e-01 2.793600000000000136e+02
1.487363142825934887e+09 7.921000000000000263e-01 2.793600000000000136e+02
1.487363142923413992e+09 7.923000000000000043e-01 2.793600000000000136e+02
1.487363143024704933e+09 7.911000000000000254e-01 2.793600000000000136e+02
1.487363143119476080e+09 7.917999999999999483e-01 2.793600000000000136e+02
1.487363143223947048e+09 7.926999999999999602e-01 2.793600000000000136e+02
1.487363143323874950e+09 7.911000000000000254e-01 2.793600000000000136e+02
1.487363143433996916e+09 7.914999999999999813e-01 2.793600000000000136e+02
1.487363143533759117e+09 7.915999999999999703e-01 2.793600000000000136e+02
1.487363143633550882e+09 7.917999999999999483e-01 2.793600000000000136e+02
1.487363143733185053e+09 7.914999999999999813e-01 2.793600000000000136e+02
1.487363143833041906e+09 7.912000000000000144e-01 2.793600000000000136e+02
1.487363143932566881e+09 7.919000000000000483e-01 2.793600000000000136e+02
1.487363144032578945e+09 7.917999999999999483e-01 2.793600000000000136e+02
1.487363144132458925e+09 7.912000000000000144e-01 2.793600000000000136e+02
1.487363144248733044e+09 7.920000000000000373e-01 2.793600000000000136e+02
1.487363144347877979e+09 7.917999999999999483e-01 2.793600000000000136e+02
1.487363144447798014e+09 7.913999999999999924e-01 2.793600000000000136e+02
1.487363144546714067e+09 7.913999999999999924e-01 2.793600000000000136e+02
1.487363144646605968e+09 7.915999999999999703e-01 2.793600000000000136e+02
1.487363144741949081e+09 7.921000000000000263e-01 2.793600000000000136e+02
1.487363144845611095e+09 7.911000000000000254e-01 2.793600000000000136e+02
1.487363144940800905e+09 7.925999999999999712e-01 2.793600000000000136e+02
1.487363145044687986e+09 7.919000000000000483e-01 2.793600000000000136e+02
1.487363145158782959e+09 7.913999999999999924e-01 2.793600000000000136e+02
1.487363145258559942e+09 7.917999999999999483e-01 2.793600000000000136e+02
1.487363145357670069e+09 7.919000000000000483e-01 2.793600000000000136e+02
1.487363145457459927e+09 7.925999999999999712e-01 2.793600000000000136e+02
1.487363145557625055e+09 7.919000000000000483e-01 2.793600000000000136e+02
1.487363145652841091e+09 7.911000000000000254e-01 2.793600000000000136e+02
1.487363145756597996e+09 7.911000000000000254e-01 2.793600000000000136e+02
1.487363145855618954e+09 7.915999999999999703e-01 2.793600000000000136e+02
1.487363145969501019e+09 7.919000000000000483e-01 2.793600000000000136e+02
1.487363146069634914e+09 7.915999999999999703e-01 2.793600000000000136e+02
1.487363146168474913e+09 7.915999999999999703e-01 2.793600000000000136e+02
1.487363146268639088e+09 7.912000000000000144e-01 2.793600000000000136e+02
1.487363146366549969e+09 7.913000000000000034e-01 2.793600000000000136e+02
1.487363146467736006e+09 7.923999999999999932e-01 2.793600000000000136e+02
1.487363146565126896e+09 7.913000000000000034e-01 2.793600000000000136e+02
1.487363146681565046e+09 7.912000000000000144e-01 2.793600000000000136e+02
1.487363146776014090e+09 7.919000000000000483e-01 2.793600000000000136e+02
1.487363146875756979e+09 7.924999999999999822e-01 2.793600000000000136e+02
1.487363146980576992e+09 7.920000000000000373e-01 2.793500000000000227e+02
1.487363147078377962e+09 7.921000000000000263e-01 2.793500000000000227e+02
1.487363147175044060e+09 7.923000000000000043e-01 2.793600000000000136e+02
1.487363147274955034e+09 7.915999999999999703e-01 2.793500000000000227e+02
1.487363147374563932e+09 7.919000000000000483e-01 2.793500000000000227e+02
1.487363147474351883e+09 7.913999999999999924e-01 2.793500000000000227e+02
1.487363147590768099e+09 7.924999999999999822e-01 2.793500000000000227e+02
1.487363147690507889e+09 7.916999999999999593e-01 2.793500000000000227e+02
1.487363147790271997e+09 7.919000000000000483e-01 2.793500000000000227e+02
1.487363147890018940e+09 7.915999999999999703e-01 2.793500000000000227e+02
1.487363147989799023e+09 7.920000000000000373e-01 2.793500000000000227e+02
1.487363148089463949e+09 7.917999999999999483e-01 2.793500000000000227e+02
1.487363148189327002e+09 7.921000000000000263e-01 2.793500000000000227e+02
1.487363148289094925e+09 7.915999999999999703e-01 2.793500000000000227e+02
1.487363148402446985e+09 7.913999999999999924e-01 2.793500000000000227e+02
1.487363148502509117e+09 7.916999999999999593e-01 2.793500000000000227e+02
1.487363148602314949e+09 7.912000000000000144e-01 2.793500000000000227e+02
1.487363148701540947e+09 7.921000000000000263e-01 2.793500000000000227e+02
1.487363148801367044e+09 7.913999999999999924e-01 2.793500000000000227e+02
1.487363148900341988e+09 7.917999999999999483e-01 2.793500000000000227e+02
1.487363149000085115e+09 7.917999999999999483e-01 2.793500000000000227e+02
1.487363149100382090e+09 7.916999999999999593e-01 2.793500000000000227e+02
1.487363149213464022e+09 7.910000000000000364e-01 2.793500000000000227e+02
1.487363149313215971e+09 7.920000000000000373e-01 2.793500000000000227e+02
1.487363149413288116e+09 7.915999999999999703e-01 2.793500000000000227e+02
1.487363149507726908e+09 7.919000000000000483e-01 2.793500000000000227e+02
1.487363149612220049e+09 7.914999999999999813e-01 2.793500000000000227e+02
1.487363149709484100e+09 7.913999999999999924e-01 2.793500000000000227e+02
1.487363149811419964e+09 7.924999999999999822e-01 2.793500000000000227e+02
1.487363149911360979e+09 7.916999999999999593e-01 2.793500000000000227e+02
1.487363150019886017e+09 7.917999999999999483e-01 2.793500000000000227e+02
1.487363150119894981e+09 7.917999999999999483e-01 2.793500000000000227e+02
1.487363150221502066e+09 7.914999999999999813e-01 2.793500000000000227e+02
1.487363150323220968e+09 7.917999999999999483e-01 2.793399999999999750e+02
1.487363150422034025e+09 7.917999999999999483e-01 2.793399999999999750e+02
1.487363150522212982e+09 7.916999999999999593e-01 2.793399999999999750e+02
1.487363150621882915e+09 7.914999999999999813e-01 2.793399999999999750e+02
1.487363150722145081e+09 7.914999999999999813e-01 2.793399999999999750e+02
1.487363150821078062e+09 7.916999999999999593e-01 2.793399999999999750e+02
1.487363150932753086e+09 7.921000000000000263e-01 2.793399999999999750e+02
1.487363151032515049e+09 7.913999999999999924e-01 2.793399999999999750e+02
1.487363151132318974e+09 7.915999999999999703e-01 2.793399999999999750e+02
1.487363151232043982e+09 7.921000000000000263e-01 2.793399999999999750e+02
1.487363151331809044e+09 7.919000000000000483e-01 2.793399999999999750e+02
1.487363151431595087e+09 7.913000000000000034e-01 2.793399999999999750e+02
1.487363151531338930e+09 7.914999999999999813e-01 2.793399999999999750e+02
1.487363151646253109e+09 7.916999999999999593e-01 2.793399999999999750e+02
1.487363151746196985e+09 7.914999999999999813e-01 2.793399999999999750e+02
1.487363151846190929e+09 7.919000000000000483e-01 2.793399999999999750e+02
1.487363151940480947e+09 7.919000000000000483e-01 2.793399999999999750e+02
1.487363152045190096e+09 7.923000000000000043e-01 2.793399999999999750e+02
1.487363152140398026e+09 7.921000000000000263e-01 2.793399999999999750e+02
1.487363152241506100e+09 7.922000000000000153e-01 2.793399999999999750e+02
1.487363152344099045e+09 7.914999999999999813e-01 2.793399999999999750e+02
1.487363152443298101e+09 7.915999999999999703e-01 2.793399999999999750e+02
1.487363152556984901e+09 7.916999999999999593e-01 2.793399999999999750e+02
1.487363152652312994e+09 7.919000000000000483e-01 2.793399999999999750e+02
1.487363152755973101e+09 7.911000000000000254e-01 2.793399999999999750e+02
1.487363152855993986e+09 7.915999999999999703e-01 2.793399999999999750e+02
1.487363152956192970e+09 7.913000000000000034e-01 2.793399999999999750e+02
1.487363153054945946e+09 7.922000000000000153e-01 2.793399999999999750e+02
1.487363153154954910e+09 7.925999999999999712e-01 2.793399999999999750e+02
1.487363153253834963e+09 7.916999999999999593e-01 2.793399999999999750e+02
1.487363153353986979e+09 7.922000000000000153e-01 2.793399999999999750e+02
1.487363153468034029e+09 7.912000000000000144e-01 2.793299999999999841e+02
1.487363153566946983e+09 7.916999999999999593e-01 2.793399999999999750e+02
1.487363153666965008e+09 7.916999999999999593e-01 2.793399999999999750e+02
1.487363153766933918e+09 7.923999999999999932e-01 2.793299999999999841e+02
1.487363153865916014e+09 7.916999999999999593e-01 2.793299999999999841e+02
1.487363153965981960e+09 7.914999999999999813e-01 2.793299999999999841e+02
1.487363154060233116e+09 7.921000000000000263e-01 2.793299999999999841e+02
1.487363154165018082e+09 7.913999999999999924e-01 2.793399999999999750e+02
1.487363154274816990e+09 7.916999999999999593e-01 2.793299999999999841e+02
1.487363154374574900e+09 7.913999999999999924e-01 2.793299999999999841e+02
1.487363154475876093e+09 7.923999999999999932e-01 2.793299999999999841e+02
1.487363154574053049e+09 7.923000000000000043e-01 2.793299999999999841e+02
1.487363154673816919e+09 7.916999999999999593e-01 2.793299999999999841e+02
1.487363154773592949e+09 7.916999999999999593e-01 2.793299999999999841e+02
1.487363154873336077e+09 7.921000000000000263e-01 2.793299999999999841e+02
1.487363154973109007e+09 7.917999999999999483e-01 2.793299999999999841e+02
1.487363155089500904e+09 7.914999999999999813e-01 2.793299999999999841e+02
1.487363155188851118e+09 7.916999999999999593e-01 2.793299999999999841e+02
1.487363155286467075e+09 7.923000000000000043e-01 2.793299999999999841e+02
1.487363155388670921e+09 7.915999999999999703e-01 2.793299999999999841e+02
1.487363155487871885e+09 7.921000000000000263e-01 2.793299999999999841e+02
1.487363155587735891e+09 7.913999999999999924e-01 2.793299999999999841e+02
1.487363155683571100e+09 7.915999999999999703e-01 2.793299999999999841e+02
1.487363155786776066e+09 7.924999999999999822e-01 2.793299999999999841e+02
1.487363155900837898e+09 7.913000000000000034e-01 2.793299999999999841e+02
1.487363155999794960e+09 7.919000000000000483e-01 2.793299999999999841e+02
1.487363156094682932e+09 7.921000000000000263e-01 2.793299999999999841e+02
1.487363156199573994e+09 7.914999999999999813e-01 2.793299999999999841e+02
1.487363156298861980e+09 7.913000000000000034e-01 2.793299999999999841e+02
1.487363156394849062e+09 7.915999999999999703e-01 2.793299999999999841e+02
1.487363156497812033e+09 7.906999999999999584e-01 2.793399999999999750e+02
1.487363156597568989e+09 7.920000000000000373e-01 2.793299999999999841e+02
1.487363156711780071e+09 7.923999999999999932e-01 2.793299999999999841e+02
1.487363156810638905e+09 7.913999999999999924e-01 2.793299999999999841e+02
1.487363156910577059e+09 7.916999999999999593e-01 2.793299999999999841e+02
1.487363157010816097e+09 7.913000000000000034e-01 2.793299999999999841e+02
1.487363157107769966e+09 7.913999999999999924e-01 2.793299999999999841e+02
1.487363157209628105e+09 7.913000000000000034e-01 2.793299999999999841e+02
1.487363157308718920e+09 7.924999999999999822e-01 2.793299999999999841e+02
1.487363157408607960e+09 7.923999999999999932e-01 2.793299999999999841e+02
1.487363157522627115e+09 7.913999999999999924e-01 2.793299999999999841e+02
1.487363157621480942e+09 7.913000000000000034e-01 2.793299999999999841e+02
1.487363157721558094e+09 7.910000000000000364e-01 2.793299999999999841e+02
1.487363157816593885e+09 7.912000000000000144e-01 2.793299999999999841e+02
1.487363157916121006e+09 7.917999999999999483e-01 2.793299999999999841e+02
1.487363158015889883e+09 7.923999999999999932e-01 2.793299999999999841e+02
1.487363158115379095e+09 7.920000000000000373e-01 2.793299999999999841e+02
1.487363158215411901e+09 7.914999999999999813e-01 2.793299999999999841e+02
1.487363158331803083e+09 7.916999999999999593e-01 2.793299999999999841e+02
1.487363158431571007e+09 7.914999999999999813e-01 2.793299999999999841e+02
1.487363158531290054e+09 7.913999999999999924e-01 2.793299999999999841e+02
1.487363158631092072e+09 7.914999999999999813e-01 2.793299999999999841e+02
1.487363158728740931e+09 7.913000000000000034e-01 2.793299999999999841e+02
1.487363158830565929e+09 7.917999999999999483e-01 2.793299999999999841e+02
1.487363158927848101e+09 7.917999999999999483e-01 2.793299999999999841e+02
1.487363159027981043e+09 7.919000000000000483e-01 2.793299999999999841e+02
1.487363159129977942e+09 7.913999999999999924e-01 2.793299999999999841e+02
1.487363159244828939e+09 7.914999999999999813e-01 2.793299999999999841e+02
1.487363159343327045e+09 7.911000000000000254e-01 2.793299999999999841e+02
1.487363159443500996e+09 7.922000000000000153e-01 2.793299999999999841e+02
1.487363159542423010e+09 7.917999999999999483e-01 2.793299999999999841e+02
1.487363159642496109e+09 7.920000000000000373e-01 2.793299999999999841e+02
1.487363159742315054e+09 7.920000000000000373e-01 2.793299999999999841e+02
1.487363159841465950e+09 7.915999999999999703e-01 2.793299999999999841e+02
1.487363159939289093e+09 7.915999999999999703e-01 2.793299999999999841e+02
1.487363160055468082e+09 7.917999999999999483e-01 2.793299999999999841e+02
1.487363160154411077e+09 7.915999999999999703e-01 2.793299999999999841e+02
1.487363160254551888e+09 7.913000000000000034e-01 2.793299999999999841e+02
1.487363160353382111e+09 7.913000000000000034e-01 2.793299999999999841e+02
1.487363160453468084e+09 7.912000000000000144e-01 2.793299999999999841e+02
1.487363160553215981e+09 7.915999999999999703e-01 2.793299999999999841e+02
1.487363160649518013e+09 7.922000000000000153e-01 2.793299999999999841e+02
1.487363160766372919e+09 7.914999999999999813e-01 2.793299999999999841e+02
1.487363160866384983e+09 7.913000000000000034e-01 2.793299999999999841e+02
1.487363160965462923e+09 7.916999999999999593e-01 2.793299999999999841e+02
1.487363161065267086e+09 7.914999999999999813e-01 2.793299999999999841e+02
1.487363161164350033e+09 7.907999999999999474e-01 2.793299999999999841e+02
1.487363161264359951e+09 7.919000000000000483e-01 2.793299999999999841e+02
1.487363161364181042e+09 7.915999999999999703e-01 2.793299999999999841e+02
1.487363161463301897e+09 7.911000000000000254e-01 2.793299999999999841e+02
1.487363161563122988e+09 7.915999999999999703e-01 2.793299999999999841e+02
1.487363161673808098e+09 7.914999999999999813e-01 2.793299999999999841e+02
1.487363161773591042e+09 7.915999999999999703e-01 2.793299999999999841e+02
1.487363161871293068e+09 7.917999999999999483e-01 2.793299999999999841e+02
1.487363161973117113e+09 7.907999999999999474e-01 2.793299999999999841e+02
1.487363162072875023e+09 7.909000000000000474e-01 2.793299999999999841e+02
1.487363162172060013e+09 7.927999999999999492e-01 2.793399999999999750e+02
1.487363162272389889e+09 7.917999999999999483e-01 2.793399999999999750e+02
1.487363162372170925e+09 7.916999999999999593e-01 2.793299999999999841e+02
1.487363162486129045e+09 7.924999999999999822e-01 2.793299999999999841e+02
1.487363162583698988e+09 7.917999999999999483e-01 2.793299999999999841e+02
1.487363162682323933e+09 7.921000000000000263e-01 2.793299999999999841e+02
1.487363162786190033e+09 7.915999999999999703e-01 2.793299999999999841e+02
1.487363162884301901e+09 7.915999999999999703e-01 2.793299999999999841e+02
1.487363162982053041e+09 7.906999999999999584e-01 2.793299999999999841e+02
1.487363163085061073e+09 7.914999999999999813e-01 2.793299999999999841e+02
1.487363163185056925e+09 7.912000000000000144e-01 2.793299999999999841e+02
1.487363163299124002e+09 7.915999999999999703e-01 2.793299999999999841e+02
1.487363163398097038e+09 7.911000000000000254e-01 2.793299999999999841e+02
1.487363163498138905e+09 7.912000000000000144e-01 2.793399999999999750e+02
1.487363163597071886e+09 7.916999999999999593e-01 2.793299999999999841e+02
1.487363163697177887e+09 7.910000000000000364e-01 2.793299999999999841e+02
1.487363163797172070e+09 7.905999999999999694e-01 2.793299999999999841e+02
1.487363163893309116e+09 7.919000000000000483e-01 2.793399999999999750e+02
1.487363163996063948e+09 7.911000000000000254e-01 2.793399999999999750e+02
1.487363164110093117e+09 7.915999999999999703e-01 2.793399999999999750e+02
1.487363164208988905e+09 7.915999999999999703e-01 2.793299999999999841e+02
1.487363164309039116e+09 7.915999999999999703e-01 2.793399999999999750e+02
1.487363164405951023e+09 7.917999999999999483e-01 2.793399999999999750e+02
1.487363164508138895e+09 7.914999999999999813e-01 2.793299999999999841e+02
1.487363164607929945e+09 7.917999999999999483e-01 2.793299999999999841e+02
1.487363164706897974e+09 7.915999999999999703e-01 2.793299999999999841e+02
1.487363164806992054e+09 7.920000000000000373e-01 2.793399999999999750e+02
1.487363164906891108e+09 7.919000000000000483e-01 2.793399999999999750e+02
1.487363165015717983e+09 7.925999999999999712e-01 2.793399999999999750e+02
1.487363165115088940e+09 7.913000000000000034e-01 2.793399999999999750e+02
1.487363165215365887e+09 7.916999999999999593e-01 2.793299999999999841e+02
1.487363165314408064e+09 7.919000000000000483e-01 2.793399999999999750e+02
1.487363165414891958e+09 7.922000000000000153e-01 2.793399999999999750e+02
1.487363165517067909e+09 7.913999999999999924e-01 2.793399999999999750e+02
1.487363165614027023e+09 7.913999999999999924e-01 2.793399999999999750e+02
1.487363165730803013e+09 7.917999999999999483e-01 2.793399999999999750e+02
1.487363165829308987e+09 7.906999999999999584e-01 2.793399999999999750e+02
1.487363165930334091e+09 7.916999999999999593e-01 2.793399999999999750e+02
1.487363166030097008e+09 7.913999999999999924e-01 2.793399999999999750e+02
1.487363166129874945e+09 7.920000000000000373e-01 2.793399999999999750e+02
1.487363166229634047e+09 7.916999999999999593e-01 2.793399999999999750e+02
1.487363166328974962e+09 7.922000000000000153e-01 2.793399999999999750e+02
1.487363166428740978e+09 7.912000000000000144e-01 2.793399999999999750e+02
1.487363166528879881e+09 7.916999999999999593e-01 2.793399999999999750e+02
1.487363166642858028e+09 7.904999999999999805e-01 2.793399999999999750e+02
1.487363166741916895e+09 7.914999999999999813e-01 2.793399999999999750e+02
1.487363166841830015e+09 7.914999999999999813e-01 2.793399999999999750e+02
1.487363166940815926e+09 7.920000000000000373e-01 2.793399999999999750e+02
1.487363167040683031e+09 7.907999999999999474e-01 2.793399999999999750e+02
1.487363167139487028e+09 7.909000000000000474e-01 2.793399999999999750e+02
1.487363167239765882e+09 7.920000000000000373e-01 2.793399999999999750e+02
1.487363167339924097e+09 7.915999999999999703e-01 2.793399999999999750e+02
1.487363167438858986e+09 7.916999999999999593e-01 2.793399999999999750e+02
1.487363167552795887e+09 7.919000000000000483e-01 2.793399999999999750e+02
1.487363167652951956e+09 7.915999999999999703e-01 2.793399999999999750e+02
1.487363167751720905e+09 7.921000000000000263e-01 2.793399999999999750e+02
1.487363167851739883e+09 7.913000000000000034e-01 2.793399999999999750e+02
1.487363167950731993e+09 7.914999999999999813e-01 2.793399999999999750e+02
1.487363168050626040e+09 7.909000000000000474e-01 2.793399999999999750e+02
1.487363168150772095e+09 7.907999999999999474e-01 2.793399999999999750e+02
1.487363168249819994e+09 7.912000000000000144e-01 2.793399999999999750e+02
1.487363168363586903e+09 7.912000000000000144e-01 2.793399999999999750e+02
