1.487362219622751951e+09 1.434999999999999887e-01 2.804900000000000091e+02
1.487362219721776962e+09 1.436000000000000054e-01 2.804900000000000091e+02
1.487362219804892063e+09 1.433999999999999997e-01 2.804900000000000091e+02
1.487362219904730082e+09 1.433999999999999997e-01 2.804900000000000091e+02
1.487362220004434109e+09 1.434999999999999887e-01 2.804900000000000091e+02
1.487362220104197979e+09 1.436000000000000054e-01 2.804900000000000091e+02
1.487362220204006910e+09 1.433999999999999997e-01 2.805000000000000000e+02
1.487362220316997051e+09 1.436000000000000054e-01 2.805000000000000000e+02
1.487362220418636084e+09 1.434999999999999887e-01 2.805000000000000000e+02
1.487362220519433975e+09 1.434999999999999887e-01 2.805000000000000000e+02
1.487362220619172096e+09 1.433999999999999997e-01 2.805000000000000000e+02
1.487362220718431950e+09 1.433999999999999997e-01 2.805000000000000000e+02
1.487362220818401098e+09 1.434999999999999887e-01 2.805000000000000000e+02
1.487362220917411089e+09 1.433999999999999997e-01 2.805099999999999909e+02
1.487362221014849901e+09 1.433000000000000107e-01 2.805099999999999909e+02
1.487362221131356955e+09 1.433999999999999997e-01 2.805099999999999909e+02
1.487362221230321884e+09 1.433999999999999997e-01 2.805099999999999909e+02
1.487362221330192089e+09 1.433000000000000107e-01 2.805099999999999909e+02
1.487362221429485083e+09 1.433000000000000107e-01 2.805099999999999909e+02
1.487362221529310942e+09 1.433000000000000107e-01 2.805099999999999909e+02
1.487362221624702930e+09 1.433999999999999997e-01 2.805099999999999909e+02
1.487362221728215933e+09 1.434999999999999887e-01 2.805099999999999909e+02
1.487362221828284025e+09 1.433000000000000107e-01 2.805099999999999909e+02
1.487362221928375006e+09 1.433999999999999997e-01 2.805199999999999818e+02
1.487362222040335894e+09 1.433999999999999997e-01 2.805199999999999818e+02
1.487362222140779972e+09 1.434999999999999887e-01 2.805199999999999818e+02
1.487362222241475105e+09 1.434999999999999887e-01 2.805199999999999818e+02
1.487362222338797092e+09 1.434999999999999887e-01 2.805199999999999818e+02
1.487362222440233946e+09 1.436000000000000054e-01 2.805199999999999818e+02
1.487362222539175987e+09 1.433999999999999997e-01 2.805199999999999818e+02
1.487362222639158964e+09 1.433999999999999997e-01 2.805299999999999727e+02
1.487362222739265919e+09 1.433999999999999997e-01 2.805299999999999727e+02
1.487362222836695910e+09 1.434999999999999887e-01 2.805299999999999727e+02
1.487362222947611094e+09 1.433999999999999997e-01 2.805299999999999727e+02
1.487362223047180891e+09 1.433999999999999997e-01 2.805299999999999727e+02
1.487362223146876097e+09 1.433999999999999997e-01 2.805299999999999727e+02
1.487362223246741056e+09 1.433999999999999997e-01 2.805299999999999727e+02
1.487362223346508026e+09 1.433000000000000107e-01 2.805299999999999727e+02
1.487362223446275949e+09 1.433000000000000107e-01 2.805299999999999727e+02
1.487362223545979977e+09 1.433999999999999997e-01 2.805400000000000205e+02
1.487362223645750046e+09 1.431999999999999940e-01 2.805400000000000205e+02
1.487362223762120962e+09 1.433000000000000107e-01 2.805400000000000205e+02
1.487362223861892939e+09 1.433000000000000107e-01 2.805400000000000205e+02
1.487362223960520983e+09 1.433000000000000107e-01 2.805400000000000205e+02
1.487362224059267044e+09 1.433000000000000107e-01 2.805400000000000205e+02
1.487362224161133051e+09 1.433999999999999997e-01 2.805400000000000205e+02
1.487362224260951042e+09 1.433000000000000107e-01 2.805400000000000205e+02
1.487362224357139111e+09 1.433999999999999997e-01 2.805500000000000114e+02
1.487362224454994917e+09 1.434999999999999887e-01 2.805500000000000114e+02
1.487362224573864937e+09 1.434999999999999887e-01 2.805500000000000114e+02
1.487362224674071074e+09 1.433999999999999997e-01 2.805500000000000114e+02
1.487362224768593073e+09 1.433000000000000107e-01 2.805500000000000114e+02
1.487362224872874975e+09 1.433999999999999997e-01 2.805500000000000114e+02
1.487362224971960068e+09 1.433999999999999997e-01 2.805500000000000114e+02
1.487362225066768885e+09 1.433000000000000107e-01 2.805500000000000114e+02
1.487362225170751095e+09 1.433999999999999997e-01 2.805500000000000114e+02
1.487362225270879984e+09 1.433000000000000107e-01 2.805600000000000023e+02
1.487362225385073900e+09 1.433999999999999997e-01 2.805600000000000023e+02
1.487362225482919931e+09 1.433000000000000107e-01 2.805600000000000023e+02
1.487362225584065914e+09 1.433000000000000107e-01 2.805600000000000023e+02
1.487362225683679104e+09 1.433000000000000107e-01 2.805600000000000023e+02
1.487362225778743982e+09 1.433999999999999997e-01 2.805600000000000023e+02
1.487362225882841110e+09 1.433000000000000107e-01 2.805600000000000023e+02
1.487362225980855942e+09 1.433000000000000107e-01 2.805600000000000023e+02
1.487362226081839085e+09 1.433000000000000107e-01 2.805699999999999932e+02
1.487362226193660021e+09 1.433000000000000107e-01 2.805699999999999932e+02
1.487362226292907000e+09 1.433999999999999997e-01 2.805699999999999932e+02
1.487362226395807028e+09 1.433000000000000107e-01 2.805699999999999932e+02
1.487362226494836092e+09 1.433999999999999997e-01 2.805699999999999932e+02
1.487362226593638897e+09 1.433999999999999997e-01 2.805699999999999932e+02
1.487362226692112923e+09 1.434999999999999887e-01 2.805699999999999932e+02
1.487362226794011116e+09 1.433000000000000107e-01 2.805699999999999932e+02
1.487362226888048887e+09 1.434999999999999887e-01 2.805799999999999841e+02
1.487362227002252102e+09 1.434999999999999887e-01 2.805799999999999841e+02
1.487362227104216099e+09 1.433999999999999997e-01 2.805799999999999841e+02
1.487362227203953981e+09 1.433999999999999997e-01 2.805799999999999841e+02
1.487362227303611040e+09 1.433000000000000107e-01 2.805799999999999841e+02
1.487362227402921915e+09 1.433999999999999997e-01 2.805799999999999841e+02
1.487362227503189087e+09 1.433999999999999997e-01 2.805799999999999841e+02
1.487362227602941990e+09 1.433999999999999997e-01 2.805799999999999841e+02
1.487362227702728987e+09 1.434999999999999887e-01 2.805799999999999841e+02
1.487362227801661968e+09 1.433000000000000107e-01 2.805799999999999841e+02
1.487362227914500952e+09 1.433999999999999997e-01 2.805799999999999841e+02
1.487362228016680956e+09 1.433000000000000107e-01 2.805799999999999841e+02
1.487362228116724014e+09 1.433000000000000107e-01 2.805899999999999750e+02
1.487362228216629028e+09 1.433000000000000107e-01 2.805899999999999750e+02
1.487362228315627098e+09 1.433999999999999997e-01 2.805899999999999750e+02
1.487362228415651083e+09 1.433999999999999997e-01 2.805899999999999750e+02
1.487362228510695934e+09 1.431999999999999940e-01 2.805899999999999750e+02
1.487362228611573935e+09 1.433000000000000107e-01 2.805899999999999750e+02
1.487362228724349976e+09 1.434999999999999887e-01 2.805899999999999750e+02
1.487362228827667952e+09 1.433999999999999997e-01 2.806000000000000227e+02
1.487362228927824974e+09 1.433999999999999997e-01 2.806000000000000227e+02
1.487362229027909040e+09 1.433000000000000107e-01 2.806000000000000227e+02
1.487362229123271942e+09 1.434999999999999887e-01 2.806000000000000227e+02
1.487362229225797892e+09 1.433999999999999997e-01 2.806000000000000227e+02
1.487362229326658964e+09 1.433000000000000107e-01 2.806000000000000227e+02
1.487362229425487041e+09 1.433999999999999997e-01 2.806000000000000227e+02
1.487362229525456905e+09 1.433999999999999997e-01 2.806000000000000227e+02
1.487362229624691963e+09 1.433000000000000107e-01 2.806000000000000227e+02
1.487362229738033056e+09 1.433999999999999997e-01 2.806000000000000227e+02
1.487362229838484049e+09 1.433000000000000107e-01 2.806100000000000136e+02
1.487362229937547922e+09 1.433000000000000107e-01 2.806100000000000136e+02
1.487362230037483931e+09 1.433999999999999997e-01 2.806100000000000136e+02
1.487362230137525082e+09 1.433000000000000107e-01 2.806100000000000136e+02
1.487362230236496925e+09 1.431999999999999940e-01 2.806100000000000136e+02
1.487362230336473942e+09 1.433000000000000107e-01 2.806100000000000136e+02
1.487362230435504913e+09 1.431999999999999940e-01 2.806100000000000136e+02
1.487362230535540104e+09 1.433000000000000107e-01 2.806100000000000136e+02
1.487362230645724058e+09 1.433000000000000107e-01 2.806200000000000045e+02
1.487362230745476961e+09 1.433999999999999997e-01 2.806200000000000045e+02
1.487362230845316887e+09 1.433000000000000107e-01 2.806200000000000045e+02
1.487362230945023060e+09 1.433000000000000107e-01 2.806200000000000045e+02
1.487362231044790030e+09 1.433999999999999997e-01 2.806200000000000045e+02
1.487362231144440889e+09 1.431999999999999940e-01 2.806200000000000045e+02
1.487362231244328976e+09 1.433000000000000107e-01 2.806200000000000045e+02
1.487362231344176054e+09 1.433999999999999997e-01 2.806200000000000045e+02
1.487362231460278988e+09 1.433000000000000107e-01 2.806200000000000045e+02
1.487362231559366941e+09 1.433000000000000107e-01 2.806200000000000045e+02
1.487362231659387112e+09 1.431999999999999940e-01 2.806200000000000045e+02
1.487362231756443977e+09 1.433000000000000107e-01 2.806200000000000045e+02
1.487362231858341932e+09 1.433999999999999997e-01 2.806299999999999955e+02
1.487362231958363056e+09 1.433999999999999997e-01 2.806299999999999955e+02
1.487362232057312012e+09 1.433000000000000107e-01 2.806299999999999955e+02
1.487362232157464981e+09 1.433000000000000107e-01 2.806299999999999955e+02
1.487362232271316051e+09 1.433000000000000107e-01 2.806299999999999955e+02
1.487362232370251894e+09 1.431999999999999940e-01 2.806299999999999955e+02
1.487362232470345020e+09 1.433999999999999997e-01 2.806299999999999955e+02
1.487362232570301056e+09 1.433000000000000107e-01 2.806299999999999955e+02
1.487362232669385910e+09 1.433000000000000107e-01 2.806399999999999864e+02
1.487362232769364119e+09 1.433999999999999997e-01 2.806399999999999864e+02
1.487362232863668919e+09 1.431999999999999940e-01 2.806399999999999864e+02
1.487362232968180895e+09 1.433999999999999997e-01 2.806399999999999864e+02
1.487362233082133055e+09 1.433000000000000107e-01 2.806399999999999864e+02
1.487362233181448936e+09 1.433000000000000107e-01 2.806399999999999864e+02
1.487362233281162024e+09 1.431999999999999940e-01 2.806399999999999864e+02
1.487362233381228924e+09 1.433000000000000107e-01 2.806399999999999864e+02
1.487362233480166912e+09 1.433000000000000107e-01 2.806399999999999864e+02
1.487362233580148935e+09 1.433999999999999997e-01 2.806399999999999864e+02
1.487362233679140091e+09 1.433000000000000107e-01 2.806399999999999864e+02
1.487362233779258013e+09 1.433999999999999997e-01 2.806399999999999864e+02
1.487362233875569105e+09 1.433999999999999997e-01 2.806499999999999773e+02
1.487362233987728119e+09 1.431999999999999940e-01 2.806499999999999773e+02
1.487362234088726997e+09 1.433000000000000107e-01 2.806499999999999773e+02
1.487362234187277079e+09 1.433000000000000107e-01 2.806499999999999773e+02
1.487362234287039995e+09 1.433999999999999997e-01 2.806499999999999773e+02
1.487362234386791945e+09 1.433000000000000107e-01 2.806499999999999773e+02
1.487362234486553907e+09 1.433999999999999997e-01 2.806499999999999773e+02
1.487362234586302996e+09 1.433999999999999997e-01 2.806499999999999773e+02
1.487362234685843945e+09 1.433000000000000107e-01 2.806499999999999773e+02
1.487362234784826040e+09 1.431999999999999940e-01 2.806600000000000250e+02
1.487362234902236938e+09 1.433000000000000107e-01 2.806600000000000250e+02
1.487362235002022028e+09 1.431999999999999940e-01 2.806600000000000250e+02
1.487362235101758003e+09 1.433000000000000107e-01 2.806600000000000250e+02
1.487362235201527119e+09 1.433000000000000107e-01 2.806600000000000250e+02
1.487362235296695948e+09 1.433999999999999997e-01 2.806600000000000250e+02
1.487362235401055098e+09 1.433000000000000107e-01 2.806600000000000250e+02
1.487362235500745058e+09 1.431000000000000050e-01 2.806600000000000250e+02
1.487362235597496986e+09 1.433000000000000107e-01 2.806600000000000250e+02
1.487362235710490942e+09 1.433000000000000107e-01 2.806600000000000250e+02
1.487362235813597918e+09 1.433999999999999997e-01 2.806700000000000159e+02
1.487362235910259962e+09 1.433000000000000107e-01 2.806700000000000159e+02
1.487362236013078928e+09 1.433000000000000107e-01 2.806700000000000159e+02
1.487362236108897924e+09 1.434999999999999887e-01 2.806700000000000159e+02
1.487362236212167025e+09 1.433000000000000107e-01 2.806700000000000159e+02
1.487362236312050104e+09 1.431999999999999940e-01 2.806700000000000159e+02
1.487362236411937952e+09 1.433000000000000107e-01 2.806700000000000159e+02
1.487362236511058092e+09 1.433000000000000107e-01 2.806700000000000159e+02
1.487362236624969959e+09 1.433000000000000107e-01 2.806700000000000159e+02
1.487362236724107027e+09 1.431999999999999940e-01 2.806700000000000159e+02
1.487362236823894978e+09 1.433999999999999997e-01 2.806800000000000068e+02
1.487362236922727108e+09 1.431999999999999940e-01 2.806800000000000068e+02
1.487362237023104906e+09 1.433999999999999997e-01 2.806800000000000068e+02
1.487362237123064995e+09 1.433000000000000107e-01 2.806800000000000068e+02
1.487362237221934080e+09 1.433000000000000107e-01 2.806800000000000068e+02
1.487362237322024107e+09 1.431999999999999940e-01 2.806800000000000068e+02
1.487362237418350935e+09 1.433000000000000107e-01 2.806800000000000068e+02
1.487362237534785032e+09 1.431999999999999940e-01 2.806899999999999977e+02
1.487362237634773016e+09 1.433000000000000107e-01 2.806899999999999977e+02
1.487362237734803915e+09 1.433000000000000107e-01 2.806899999999999977e+02
1.487362237833798885e+09 1.433000000000000107e-01 2.806899999999999977e+02
1.487362237930121899e+09 1.431999999999999940e-01 2.806899999999999977e+02
1.487362238028067112e+09 1.431999999999999940e-01 2.806899999999999977e+02
1.487362238127870083e+09 1.431999999999999940e-01 2.806899999999999977e+02
1.487362238232881069e+09 1.431999999999999940e-01 2.806899999999999977e+02
1.487362238343961954e+09 1.431999999999999940e-01 2.806899999999999977e+02
1.487362238442076921e+09 1.431999999999999940e-01 2.806899999999999977e+02
1.487362238542208910e+09 1.433000000000000107e-01 2.806899999999999977e+02
1.487362238643291950e+09 1.431999999999999940e-01 2.806899999999999977e+02
1.487362238743048906e+09 1.433999999999999997e-01 2.806899999999999977e+02
1.487362238839236021e+09 1.431999999999999940e-01 2.806899999999999977e+02
1.487362238940228939e+09 1.433000000000000107e-01 2.806899999999999977e+02
1.487362239041315079e+09 1.431999999999999940e-01 2.806999999999999886e+02
1.487362239156836033e+09 1.433000000000000107e-01 2.806999999999999886e+02
1.487362239256886005e+09 1.431999999999999940e-01 2.806999999999999886e+02
1.487362239355304003e+09 1.431999999999999940e-01 2.806999999999999886e+02
1.487362239455746889e+09 1.433000000000000107e-01 2.806999999999999886e+02
1.487362239551599979e+09 1.433000000000000107e-01 2.806999999999999886e+02
1.487362239654597044e+09 1.433000000000000107e-01 2.806999999999999886e+02
1.487362239754620075e+09 1.433000000000000107e-01 2.806999999999999886e+02
1.487362239854717016e+09 1.431999999999999940e-01 2.806999999999999886e+02
1.487362239953762054e+09 1.431999999999999940e-01 2.806999999999999886e+02
1.487362240067579031e+09 1.431999999999999940e-01 2.806999999999999886e+02
1.487362240167856932e+09 1.431999999999999940e-01 2.807099999999999795e+02
1.487362240266592026e+09 1.431999999999999940e-01 2.807099999999999795e+02
1.487362240366714954e+09 1.431000000000000050e-01 2.807099999999999795e+02
1.487362240465122938e+09 1.433000000000000107e-01 2.807099999999999795e+02
1.487362240561922073e+09 1.433000000000000107e-01 2.807099999999999795e+02
1.487362240665672064e+09 1.433000000000000107e-01 2.807099999999999795e+02
1.487362240764533043e+09 1.433000000000000107e-01 2.807099999999999795e+02
1.487362240878001928e+09 1.431999999999999940e-01 2.807099999999999795e+02
1.487362240978539944e+09 1.431999999999999940e-01 2.807099999999999795e+02
1.487362241077675104e+09 1.431999999999999940e-01 2.807099999999999795e+02
1.487362241177556038e+09 1.433000000000000107e-01 2.807200000000000273e+02
1.487362241276530027e+09 1.431999999999999940e-01 2.807200000000000273e+02
1.487362241376473904e+09 1.433000000000000107e-01 2.807200000000000273e+02
1.487362241476445913e+09 1.431999999999999940e-01 2.807200000000000273e+02
1.487362241575515032e+09 1.431999999999999940e-01 2.807200000000000273e+02
1.487362241686000109e+09 1.431999999999999940e-01 2.807200000000000273e+02
1.487362241785764933e+09 1.431000000000000050e-01 2.807200000000000273e+02
1.487362241884857893e+09 1.431999999999999940e-01 2.807200000000000273e+02
1.487362241984885931e+09 1.431000000000000050e-01 2.807200000000000273e+02
1.487362242085098028e+09 1.433999999999999997e-01 2.807200000000000273e+02
1.487362242184843063e+09 1.431999999999999940e-01 2.807200000000000273e+02
1.487362242284595966e+09 1.431000000000000050e-01 2.807300000000000182e+02
1.487362242384351015e+09 1.433000000000000107e-01 2.807300000000000182e+02
1.487362242496874094e+09 1.431999999999999940e-01 2.807300000000000182e+02
1.487362242600496054e+09 1.431999999999999940e-01 2.807300000000000182e+02
1.487362242699414015e+09 1.431999999999999940e-01 2.807300000000000182e+02
1.487362242799312115e+09 1.431999999999999940e-01 2.807300000000000182e+02
1.487362242899429083e+09 1.433000000000000107e-01 2.807300000000000182e+02
1.487362242998779058e+09 1.431999999999999940e-01 2.807300000000000182e+02
1.487362243098408937e+09 1.433000000000000107e-01 2.807300000000000182e+02
1.487362243193891048e+09 1.431999999999999940e-01 2.807300000000000182e+02
1.487362243311271906e+09 1.433000000000000107e-01 2.807300000000000182e+02
1.487362243409419060e+09 1.431000000000000050e-01 2.807400000000000091e+02
1.487362243511317968e+09 1.431999999999999940e-01 2.807400000000000091e+02
1.487362243610305071e+09 1.431000000000000050e-01 2.807300000000000182e+02
1.487362243708789110e+09 1.431999999999999940e-01 2.807400000000000091e+02
1.487362243804783106e+09 1.431999999999999940e-01 2.807400000000000091e+02
1.487362243904355049e+09 1.431999999999999940e-01 2.807400000000000091e+02
1.487362244008306980e+09 1.431000000000000050e-01 2.807400000000000091e+02
1.487362244122283936e+09 1.433000000000000107e-01 2.807400000000000091e+02
1.487362244222238064e+09 1.431999999999999940e-01 2.807400000000000091e+02
1.487362244322424889e+09 1.431000000000000050e-01 2.807400000000000091e+02
1.487362244420861006e+09 1.431999999999999940e-01 2.807400000000000091e+02
1.487362244516896009e+09 1.431000000000000050e-01 2.807400000000000091e+02
1.487362244620214939e+09 1.431999999999999940e-01 2.807400000000000091e+02
1.487362244720230103e+09 1.433000000000000107e-01 2.807400000000000091e+02
1.487362244818751097e+09 1.431999999999999940e-01 2.807500000000000000e+02
1.487362244928407907e+09 1.431000000000000050e-01 2.807500000000000000e+02
1.487362245033258915e+09 1.433000000000000107e-01 2.807500000000000000e+02
1.487362245133449078e+09 1.433000000000000107e-01 2.807500000000000000e+02
1.487362245227586031e+09 1.433999999999999997e-01 2.807500000000000000e+02
1.487362245327353954e+09 1.431000000000000050e-01 2.807500000000000000e+02
1.487362245427050114e+09 1.431000000000000050e-01 2.807500000000000000e+02
1.487362245526837111e+09 1.431999999999999940e-01 2.807500000000000000e+02
1.487362245626586914e+09 1.431999999999999940e-01 2.807500000000000000e+02
1.487362245726355076e+09 1.433000000000000107e-01 2.807500000000000000e+02
1.487362245842751026e+09 1.433000000000000107e-01 2.807500000000000000e+02
1.487362245942518950e+09 1.431999999999999940e-01 2.807500000000000000e+02
1.487362246042285919e+09 1.431000000000000050e-01 2.807500000000000000e+02
1.487362246141282082e+09 1.431999999999999940e-01 2.807599999999999909e+02
1.487362246241810083e+09 1.431999999999999940e-01 2.807599999999999909e+02
1.487362246341798067e+09 1.431999999999999940e-01 2.807500000000000000e+02
1.487362246437226057e+09 1.431000000000000050e-01 2.807599999999999909e+02
1.487362246539518118e+09 1.431999999999999940e-01 2.807599999999999909e+02
1.487362246655136108e+09 1.431000000000000050e-01 2.807599999999999909e+02
1.487362246751827955e+09 1.431000000000000050e-01 2.807599999999999909e+02
1.487362246854007959e+09 1.431999999999999940e-01 2.807599999999999909e+02
1.487362246954068899e+09 1.431999999999999940e-01 2.807599999999999909e+02
1.487362247052881002e+09 1.431999999999999940e-01 2.807599999999999909e+02
1.487362247153033972e+09 1.433999999999999997e-01 2.807599999999999909e+02
1.487362247248605967e+09 1.433000000000000107e-01 2.807599999999999909e+02
1.487362247350987911e+09 1.433000000000000107e-01 2.807599999999999909e+02
1.487362247451922894e+09 1.431999999999999940e-01 2.807599999999999909e+02
1.487362247550913095e+09 1.431999999999999940e-01 2.807699999999999818e+02
1.487362247665060997e+09 1.431999999999999940e-01 2.807699999999999818e+02
1.487362247760536909e+09 1.431999999999999940e-01 2.807699999999999818e+02
1.487362247862963915e+09 1.431000000000000050e-01 2.807699999999999818e+02
1.487362247963957071e+09 1.431999999999999940e-01 2.807699999999999818e+02
1.487362248062109947e+09 1.433000000000000107e-01 2.807699999999999818e+02
1.487362248163057089e+09 1.431999999999999940e-01 2.807699999999999818e+02
1.487362248262994051e+09 1.431999999999999940e-01 2.807699999999999818e+02
1.487362248359883070e+09 1.431999999999999940e-01 2.807699999999999818e+02
1.487362248461797953e+09 1.431999999999999940e-01 2.807699999999999818e+02
1.487362248574873924e+09 1.431999999999999940e-01 2.807699999999999818e+02
1.487362248673115015e+09 1.431000000000000050e-01 2.807699999999999818e+02
1.487362248774708033e+09 1.431000000000000050e-01 2.807699999999999818e+02
1.487362248871634007e+09 1.431999999999999940e-01 2.807799999999999727e+02
1.487362248969898939e+09 1.431999999999999940e-01 2.807799999999999727e+02
1.487362249070452929e+09 1.431999999999999940e-01 2.807799999999999727e+02
1.487362249168380976e+09 1.431000000000000050e-01 2.807799999999999727e+02
1.487362249267973900e+09 1.431999999999999940e-01 2.807799999999999727e+02
1.487362249384345055e+09 1.431999999999999940e-01 2.807799999999999727e+02
1.487362249484025955e+09 1.433000000000000107e-01 2.807799999999999727e+02
1.487362249583805084e+09 1.431999999999999940e-01 2.807799999999999727e+02
1.487362249683476925e+09 1.431999999999999940e-01 2.807799999999999727e+02
1.487362249783340931e+09 1.433000000000000107e-01 2.807799999999999727e+02
1.487362249883100033e+09 1.433999999999999997e-01 2.807799999999999727e+02
1.487362249982875109e+09 1.433000000000000107e-01 2.807799999999999727e+02
1.487362250082637072e+09 1.431999999999999940e-01 2.807799999999999727e+02
1.487362250197527885e+09 1.431000000000000050e-01 2.807799999999999727e+02
1.487362250298069000e+09 1.431999999999999940e-01 2.807900000000000205e+02
1.487362250396769047e+09 1.431999999999999940e-01 2.807900000000000205e+02
1.487362250494096041e+09 1.431999999999999940e-01 2.807900000000000205e+02
1.487362250595686913e+09 1.431999999999999940e-01 2.807900000000000205e+02
1.487362250695703983e+09 1.433000000000000107e-01 2.807900000000000205e+02
1.487362250795736074e+09 1.429999999999999882e-01 2.807900000000000205e+02
1.487362250894577980e+09 1.431999999999999940e-01 2.807900000000000205e+02
1.487362251008651972e+09 1.433000000000000107e-01 2.807900000000000205e+02
1.487362251108597994e+09 1.431999999999999940e-01 2.807900000000000205e+02
1.487362251207736015e+09 1.431999999999999940e-01 2.807900000000000205e+02
1.487362251307804108e+09 1.431000000000000050e-01 2.807900000000000205e+02
1.487362251406667948e+09 1.431999999999999940e-01 2.807900000000000205e+02
1.487362251506653070e+09 1.431000000000000050e-01 2.807900000000000205e+02
1.487362251606460094e+09 1.431000000000000050e-01 2.808000000000000114e+02
1.487362251705630064e+09 1.433000000000000107e-01 2.808000000000000114e+02
1.487362251805568933e+09 1.431999999999999940e-01 2.808000000000000114e+02
1.487362251919725895e+09 1.431999999999999940e-01 2.808000000000000114e+02
1.487362252018594027e+09 1.431999999999999940e-01 2.808000000000000114e+02
1.487362252114017010e+09 1.431999999999999940e-01 2.808000000000000114e+02
1.487362252216713905e+09 1.433000000000000107e-01 2.808000000000000114e+02
1.487362252317521095e+09 1.433000000000000107e-01 2.808000000000000114e+02
1.487362252414179087e+09 1.431999999999999940e-01 2.808000000000000114e+02
1.487362252513696909e+09 1.433000000000000107e-01 2.808000000000000114e+02
1.487362252612483978e+09 1.431000000000000050e-01 2.808000000000000114e+02
1.487362252714523077e+09 1.431999999999999940e-01 2.808000000000000114e+02
1.487362252826108932e+09 1.431000000000000050e-01 2.808000000000000114e+02
1.487362252929258108e+09 1.431999999999999940e-01 2.808000000000000114e+02
1.487362253025646925e+09 1.431000000000000050e-01 2.808000000000000114e+02
1.487362253125407934e+09 1.431999999999999940e-01 2.808000000000000114e+02
1.487362253225195885e+09 1.431000000000000050e-01 2.808100000000000023e+02
1.487362253324928999e+09 1.431999999999999940e-01 2.808100000000000023e+02
1.487362253424696922e+09 1.431000000000000050e-01 2.808100000000000023e+02
1.487362253524399042e+09 1.433000000000000107e-01 2.808100000000000023e+02
1.487362253640294075e+09 1.431000000000000050e-01 2.808100000000000023e+02
1.487362253737871885e+09 1.431000000000000050e-01 2.808100000000000023e+02
1.487362253839353085e+09 1.431999999999999940e-01 2.808100000000000023e+02
1.487362253939373016e+09 1.431000000000000050e-01 2.808100000000000023e+02
1.487362254039489031e+09 1.431999999999999940e-01 2.808100000000000023e+02
1.487362254138318062e+09 1.431000000000000050e-01 2.808100000000000023e+02
1.487362254238653898e+09 1.431000000000000050e-01 2.808100000000000023e+02
1.487362254338329077e+09 1.431999999999999940e-01 2.808100000000000023e+02
1.487362254437268019e+09 1.431999999999999940e-01 2.808199999999999932e+02
1.487362254551305056e+09 1.433000000000000107e-01 2.808199999999999932e+02
1.487362254651284933e+09 1.433000000000000107e-01 2.808199999999999932e+02
1.487362254745630980e+09 1.431999999999999940e-01 2.808199999999999932e+02
1.487362254850209951e+09 1.431999999999999940e-01 2.808199999999999932e+02
1.487362254949265003e+09 1.433999999999999997e-01 2.808199999999999932e+02
1.487362255049352884e+09 1.431000000000000050e-01 2.808199999999999932e+02
1.487362255149358034e+09 1.433000000000000107e-01 2.808199999999999932e+02
1.487362255248284101e+09 1.431000000000000050e-01 2.808199999999999932e+02
1.487362255348285913e+09 1.431000000000000050e-01 2.808199999999999932e+02
1.487362255461968899e+09 1.431999999999999940e-01 2.808199999999999932e+02
1.487362255561242104e+09 1.431000000000000050e-01 2.808199999999999932e+02
1.487362255661212921e+09 1.431999999999999940e-01 2.808299999999999841e+02
1.487362255755709887e+09 1.431000000000000050e-01 2.808299999999999841e+02
1.487362255860196114e+09 1.431000000000000050e-01 2.808299999999999841e+02
1.487362255956192017e+09 1.429999999999999882e-01 2.808299999999999841e+02
1.487362256055042982e+09 1.431999999999999940e-01 2.808299999999999841e+02
1.487362256157474041e+09 1.431999999999999940e-01 2.808299999999999841e+02
1.487362256272025108e+09 1.431000000000000050e-01 2.808299999999999841e+02
1.487362256367630959e+09 1.431000000000000050e-01 2.808299999999999841e+02
1.487362256468359947e+09 1.429999999999999882e-01 2.808299999999999841e+02
1.487362256567164898e+09 1.431999999999999940e-01 2.808299999999999841e+02
1.487362256666671038e+09 1.431999999999999940e-01 2.808299999999999841e+02
1.487362256766695976e+09 1.431999999999999940e-01 2.808299999999999841e+02
1.487362256866445065e+09 1.431000000000000050e-01 2.808299999999999841e+02
1.487362256966232061e+09 1.433000000000000107e-01 2.808299999999999841e+02
1.487362257079216003e+09 1.431999999999999940e-01 2.808399999999999750e+02
1.487362257181226015e+09 1.431999999999999940e-01 2.808399999999999750e+02
1.487362257282144070e+09 1.431000000000000050e-01 2.808399999999999750e+02
1.487362257381912947e+09 1.433000000000000107e-01 2.808399999999999750e+02
1.487362257481630087e+09 1.431999999999999940e-01 2.808399999999999750e+02
1.487362257581605911e+09 1.431999999999999940e-01 2.808399999999999750e+02
1.487362257681138992e+09 1.431000000000000050e-01 2.808399999999999750e+02
1.487362257780906916e+09 1.431000000000000050e-01 2.808399999999999750e+02
1.487362257880019903e+09 1.431000000000000050e-01 2.808399999999999750e+02
1.487362257994123936e+09 1.431000000000000050e-01 2.808399999999999750e+02
1.487362258089910984e+09 1.431999999999999940e-01 2.808399999999999750e+02
1.487362258192962885e+09 1.431000000000000050e-01 2.808399999999999750e+02
1.487362258292996883e+09 1.431999999999999940e-01 2.808399999999999750e+02
1.487362258392893076e+09 1.431000000000000050e-01 2.808399999999999750e+02
1.487362258491988897e+09 1.431000000000000050e-01 2.808500000000000227e+02
1.487362258592098951e+09 1.431000000000000050e-01 2.808500000000000227e+02
1.487362258685868025e+09 1.431999999999999940e-01 2.808500000000000227e+02
1.487362258803775072e+09 1.431999999999999940e-01 2.808500000000000227e+02
1.487362258905026913e+09 1.433000000000000107e-01 2.808500000000000227e+02
1.487362259003957033e+09 1.431000000000000050e-01 2.808500000000000227e+02
1.487362259103957891e+09 1.431999999999999940e-01 2.808500000000000227e+02
1.487362259204076052e+09 1.431999999999999940e-01 2.808500000000000227e+02
1.487362259302923918e+09 1.431999999999999940e-01 2.808500000000000227e+02
1.487362259402920961e+09 1.431999999999999940e-01 2.808500000000000227e+02
1.487362259501929045e+09 1.433000000000000107e-01 2.808500000000000227e+02
1.487362259613758087e+09 1.431000000000000050e-01 2.808600000000000136e+02
1.487362259715924978e+09 1.431000000000000050e-01 2.808600000000000136e+02
1.487362259814798117e+09 1.431999999999999940e-01 2.808600000000000136e+02
1.487362259914832115e+09 1.429999999999999882e-01 2.808600000000000136e+02
1.487362260010499001e+09 1.431999999999999940e-01 2.808600000000000136e+02
1.487362260113755941e+09 1.431999999999999940e-01 2.808600000000000136e+02
1.487362260213850021e+09 1.431000000000000050e-01 2.808600000000000136e+02
1.487362260312087059e+09 1.431999999999999940e-01 2.808600000000000136e+02
1.487362260422207117e+09 1.431000000000000050e-01 2.808600000000000136e+02
1.487362260524384975e+09 1.431000000000000050e-01 2.808600000000000136e+02
1.487362260624146938e+09 1.429999999999999882e-01 2.808600000000000136e+02
1.487362260722299099e+09 1.431000000000000050e-01 2.808600000000000136e+02
1.487362260823683023e+09 1.431999999999999940e-01 2.808600000000000136e+02
1.487362260921623945e+09 1.431999999999999940e-01 2.808700000000000045e+02
1.487362261023232937e+09 1.431000000000000050e-01 2.808700000000000045e+02
1.487362261122997046e+09 1.431999999999999940e-01 2.808700000000000045e+02
1.487362261237750053e+09 1.433000000000000107e-01 2.808700000000000045e+02
1.487362261337726116e+09 1.431000000000000050e-01 2.808700000000000045e+02
1.487362261437800884e+09 1.433000000000000107e-01 2.808700000000000045e+02
1.487362261536668062e+09 1.431999999999999940e-01 2.808700000000000045e+02
1.487362261636714935e+09 1.431999999999999940e-01 2.808700000000000045e+02
1.487362261735821009e+09 1.431999999999999940e-01 2.808700000000000045e+02
1.487362261835760117e+09 1.431999999999999940e-01 2.808700000000000045e+02
1.487362261935641050e+09 1.431999999999999940e-01 2.808700000000000045e+02
1.487362262049628973e+09 1.431999999999999940e-01 2.808700000000000045e+02
1.487362262148446083e+09 1.433000000000000107e-01 2.808700000000000045e+02
1.487362262248621941e+09 1.431999999999999940e-01 2.808799999999999955e+02
1.487362262347621918e+09 1.431999999999999940e-01 2.808799999999999955e+02
1.487362262447740078e+09 1.431999999999999940e-01 2.808799999999999955e+02
1.487362262546610117e+09 1.431999999999999940e-01 2.808799999999999955e+02
1.487362262646589041e+09 1.429999999999999882e-01 2.808799999999999955e+02
1.487362262746547937e+09 1.431999999999999940e-01 2.808799999999999955e+02
1.487362262860665083e+09 1.431000000000000050e-01 2.808799999999999955e+02
1.487362262959594011e+09 1.431000000000000050e-01 2.808799999999999955e+02
1.487362263059581995e+09 1.431000000000000050e-01 2.808799999999999955e+02
1.487362263158626080e+09 1.431999999999999940e-01 2.808799999999999955e+02
1.487362263255806923e+09 1.431999999999999940e-01 2.808799999999999955e+02
1.487362263357584953e+09 1.431999999999999940e-01 2.808799999999999955e+02
1.487362263457530022e+09 1.431000000000000050e-01 2.808799999999999955e+02
1.487362263554794073e+09 1.431999999999999940e-01 2.808799999999999955e+02
1.487362263656444073e+09 1.431000000000000050e-01 2.808799999999999955e+02
1.487362263766621113e+09 1.431999999999999940e-01 2.808899999999999864e+02
1.487362263866394997e+09 1.431999999999999940e-01 2.808899999999999864e+02
1.487362263966161013e+09 1.433000000000000107e-01 2.808899999999999864e+02
1.487362264065916061e+09 1.431000000000000050e-01 2.808899999999999864e+02
1.487362264165683985e+09 1.431999999999999940e-01 2.808899999999999864e+02
1.487362264265333891e+09 1.431000000000000050e-01 2.808899999999999864e+02
1.487362264365207911e+09 1.431999999999999940e-01 2.808899999999999864e+02
1.487362264464981079e+09 1.431000000000000050e-01 2.808899999999999864e+02
1.487362264581403017e+09 1.431999999999999940e-01 2.808899999999999864e+02
1.487362264681138992e+09 1.431999999999999940e-01 2.808899999999999864e+02
1.487362264780565023e+09 1.431999999999999940e-01 2.808899999999999864e+02
1.487362264880481958e+09 1.431999999999999940e-01 2.808899999999999864e+02
1.487362264980428934e+09 1.433000000000000107e-01 2.808899999999999864e+02
1.487362265075818062e+09 1.431000000000000050e-01 2.808899999999999864e+02
1.487362265175918102e+09 1.431999999999999940e-01 2.808899999999999864e+02
1.487362265273247004e+09 1.431000000000000050e-01 2.808999999999999773e+02
1.487362265373456001e+09 1.429999999999999882e-01 2.808999999999999773e+02
1.487362265476003885e+09 1.431000000000000050e-01 2.808999999999999773e+02
1.487362265587712049e+09 1.431999999999999940e-01 2.808999999999999773e+02
1.487362265691365957e+09 1.431000000000000050e-01 2.808999999999999773e+02
1.487362265787678003e+09 1.431000000000000050e-01 2.808999999999999773e+02
1.487362265885481119e+09 1.433000000000000107e-01 2.808999999999999773e+02
1.487362265987962961e+09 1.431999999999999940e-01 2.808999999999999773e+02
1.487362266089440107e+09 1.431000000000000050e-01 2.808999999999999773e+02
1.487362266185158968e+09 1.431000000000000050e-01 2.808999999999999773e+02
1.487362266289213896e+09 1.431000000000000050e-01 2.808999999999999773e+02
1.487362266383413076e+09 1.431000000000000050e-01 2.809100000000000250e+02
1.487362266500349998e+09 1.431000000000000050e-01 2.809100000000000250e+02
1.487362266596941948e+09 1.431999999999999940e-01 2.809100000000000250e+02
1.487362266701387882e+09 1.431000000000000050e-01 2.809100000000000250e+02
1.487362266798317909e+09 1.431000000000000050e-01 2.809100000000000250e+02
1.487362266900227070e+09 1.431999999999999940e-01 2.809100000000000250e+02
1.487362266997711897e+09 1.431000000000000050e-01 2.809100000000000250e+02
1.487362267096630096e+09 1.431000000000000050e-01 2.809100000000000250e+02
1.487362267198743105e+09 1.431999999999999940e-01 2.809100000000000250e+02
1.487362267299240112e+09 1.431999999999999940e-01 2.809100000000000250e+02
1.487362267413176060e+09 1.431000000000000050e-01 2.809100000000000250e+02
1.487362267507416010e+09 1.431999999999999940e-01 2.809100000000000250e+02
1.487362267612085104e+09 1.431000000000000050e-01 2.809100000000000250e+02
1.487362267707298040e+09 1.431000000000000050e-01 2.809100000000000250e+02
1.487362267806983948e+09 1.431999999999999940e-01 2.809100000000000250e+02
1.487362267906738043e+09 1.431999999999999940e-01 2.809100000000000250e+02
1.487362268006397963e+09 1.431000000000000050e-01 2.809200000000000159e+02
1.487362268106257915e+09 1.431999999999999940e-01 2.809200000000000159e+02
1.487362268206018925e+09 1.429999999999999882e-01 2.809200000000000159e+02
1.487362268318516970e+09 1.431000000000000050e-01 2.809200000000000159e+02
1.487362268422127962e+09 1.431000000000000050e-01 2.809200000000000159e+02
1.487362268517796993e+09 1.431999999999999940e-01 2.809200000000000159e+02
1.487362268621711969e+09 1.431999999999999940e-01 2.809200000000000159e+02
1.487362268717422962e+09 1.431999999999999940e-01 2.809200000000000159e+02
1.487362268816193104e+09 1.431999999999999940e-01 2.809200000000000159e+02
1.487362268920994997e+09 1.431999999999999940e-01 2.809200000000000159e+02
1.487362269020173073e+09 1.431000000000000050e-01 2.809200000000000159e+02
1.487362269116197109e+09 1.431999999999999940e-01 2.809200000000000159e+02
1.487362269233763933e+09 1.433000000000000107e-01 2.809200000000000159e+02
1.487362269330991030e+09 1.431000000000000050e-01 2.809200000000000159e+02
1.487362269430594921e+09 1.431999999999999940e-01 2.809300000000000068e+02
1.487362269528347969e+09 1.431000000000000050e-01 2.809300000000000068e+02
1.487362269632030010e+09 1.431000000000000050e-01 2.809300000000000068e+02
1.487362269727260113e+09 1.431000000000000050e-01 2.809300000000000068e+02
1.487362269831811905e+09 1.431000000000000050e-01 2.809300000000000068e+02
1.487362269930875063e+09 1.431000000000000050e-01 2.809300000000000068e+02
1.487362270044193983e+09 1.431000000000000050e-01 2.809300000000000068e+02
1.487362270140907049e+09 1.431999999999999940e-01 2.809300000000000068e+02
1.487362270243921041e+09 1.431000000000000050e-01 2.809300000000000068e+02
1.487362270344022989e+09 1.431000000000000050e-01 2.809300000000000068e+02
1.487362270442842960e+09 1.431000000000000050e-01 2.809300000000000068e+02
1.487362270539527893e+09 1.431999999999999940e-01 2.809300000000000068e+02
1.487362270638739109e+09 1.431000000000000050e-01 2.809399999999999977e+02
1.487362270737639904e+09 1.431000000000000050e-01 2.809399999999999977e+02
1.487362270853041887e+09 1.431000000000000050e-01 2.809399999999999977e+02
1.487362270953903913e+09 1.431999999999999940e-01 2.809399999999999977e+02
1.487362271050064087e+09 1.431999999999999940e-01 2.809399999999999977e+02
1.487362271154925108e+09 1.433000000000000107e-01 2.809399999999999977e+02
1.487362271253835917e+09 1.431000000000000050e-01 2.809399999999999977e+02
1.487362271353761911e+09 1.431999999999999940e-01 2.809399999999999977e+02
1.487362271453726053e+09 1.431999999999999940e-01 2.809399999999999977e+02
1.487362271552864075e+09 1.429999999999999882e-01 2.809399999999999977e+02
1.487362271664354086e+09 1.431000000000000050e-01 2.809399999999999977e+02
1.487362271761538982e+09 1.431000000000000050e-01 2.809399999999999977e+02
1.487362271863187075e+09 1.431000000000000050e-01 2.809399999999999977e+02
1.487362271963721037e+09 1.431999999999999940e-01 2.809399999999999977e+02
1.487362272063627958e+09 1.431999999999999940e-01 2.809399999999999977e+02
1.487362272163007021e+09 1.431000000000000050e-01 2.809499999999999886e+02
1.487362272263021946e+09 1.429999999999999882e-01 2.809499999999999886e+02
1.487362272358616114e+09 1.431000000000000050e-01 2.809499999999999886e+02
1.487362272475246906e+09 1.429999999999999882e-01 2.809499999999999886e+02
1.487362272577847004e+09 1.429999999999999882e-01 2.809499999999999886e+02
1.487362272676687002e+09 1.431000000000000050e-01 2.809499999999999886e+02
1.487362272776777983e+09 1.431000000000000050e-01 2.809499999999999886e+02
1.487362272875725031e+09 1.431000000000000050e-01 2.809499999999999886e+02
1.487362272972148895e+09 1.429999999999999882e-01 2.809499999999999886e+02
1.487362273075707912e+09 1.431000000000000050e-01 2.809499999999999886e+02
1.487362273171284914e+09 1.431999999999999940e-01 2.809499999999999886e+02
1.487362273271084070e+09 1.431999999999999940e-01 2.809599999999999795e+02
1.487362273388732910e+09 1.431999999999999940e-01 2.809599999999999795e+02
1.487362273487637997e+09 1.431000000000000050e-01 2.809599999999999795e+02
1.487362273587585926e+09 1.431000000000000050e-01 2.809499999999999886e+02
1.487362273686837912e+09 1.431000000000000050e-01 2.809599999999999795e+02
1.487362273786704063e+09 1.433000000000000107e-01 2.809599999999999795e+02
1.487362273886575937e+09 1.431999999999999940e-01 2.809599999999999795e+02
1.487362273985088110e+09 1.431000000000000050e-01 2.809599999999999795e+02
1.487362274095432043e+09 1.429999999999999882e-01 2.809599999999999795e+02
1.487362274196530104e+09 1.431000000000000050e-01 2.809599999999999795e+02
1.487362274298644066e+09 1.431000000000000050e-01 2.809599999999999795e+02
1.487362274398597002e+09 1.431000000000000050e-01 2.809599999999999795e+02
1.487362274497328997e+09 1.431999999999999940e-01 2.809599999999999795e+02
1.487362274597585917e+09 1.431000000000000050e-01 2.809700000000000273e+02
1.487362274697534084e+09 1.429999999999999882e-01 2.809599999999999795e+02
1.487362274795078993e+09 1.431000000000000050e-01 2.809599999999999795e+02
1.487362274896542072e+09 1.431000000000000050e-01 2.809700000000000273e+02
1.487362275006525993e+09 1.431000000000000050e-01 2.809700000000000273e+02
1.487362275105901957e+09 1.431000000000000050e-01 2.809700000000000273e+02
1.487362275206068039e+09 1.433000000000000107e-01 2.809700000000000273e+02
1.487362275305811882e+09 1.431999999999999940e-01 2.809700000000000273e+02
1.487362275405582905e+09 1.431000000000000050e-01 2.809700000000000273e+02
1.487362275504929066e+09 1.431999999999999940e-01 2.809700000000000273e+02
1.487362275605035067e+09 1.431000000000000050e-01 2.809700000000000273e+02
1.487362275704780102e+09 1.431000000000000050e-01 2.809700000000000273e+02
1.487362275804549932e+09 1.431999999999999940e-01 2.809700000000000273e+02
1.487362275920032024e+09 1.431000000000000050e-01 2.809700000000000273e+02
1.487362276020425081e+09 1.431000000000000050e-01 2.809700000000000273e+02
1.487362276115874052e+09 1.431999999999999940e-01 2.809800000000000182e+02
1.487362276219516993e+09 1.431999999999999940e-01 2.809800000000000182e+02
1.487362276319452047e+09 1.431000000000000050e-01 2.809800000000000182e+02
1.487362276418391943e+09 1.431999999999999940e-01 2.809800000000000182e+02
1.487362276518450022e+09 1.431000000000000050e-01 2.809800000000000182e+02
1.487362276617666960e+09 1.429999999999999882e-01 2.809800000000000182e+02
1.487362276731342077e+09 1.428999999999999992e-01 2.809800000000000182e+02
1.487362276830832958e+09 1.431999999999999940e-01 2.809800000000000182e+02
1.487362276926224947e+09 1.429999999999999882e-01 2.809800000000000182e+02
1.487362277030431986e+09 1.429999999999999882e-01 2.809800000000000182e+02
1.487362277130485058e+09 1.431999999999999940e-01 2.809800000000000182e+02
1.487362277229443073e+09 1.431000000000000050e-01 2.809800000000000182e+02
1.487362277329452038e+09 1.431999999999999940e-01 2.809800000000000182e+02
1.487362277429280043e+09 1.431000000000000050e-01 2.809900000000000091e+02
1.487362277542066097e+09 1.431000000000000050e-01 2.809900000000000091e+02
1.487362277642076969e+09 1.431000000000000050e-01 2.809900000000000091e+02
1.487362277741555929e+09 1.431000000000000050e-01 2.809900000000000091e+02
1.487362277837872028e+09 1.431999999999999940e-01 2.809900000000000091e+02
1.487362277941232920e+09 1.431999999999999940e-01 2.809900000000000091e+02
1.487362278038486004e+09 1.431999999999999940e-01 2.809900000000000091e+02
1.487362278140427113e+09 1.431999999999999940e-01 2.809900000000000091e+02
1.487362278240299940e+09 1.429999999999999882e-01 2.809900000000000091e+02
1.487362278353965998e+09 1.431000000000000050e-01 2.809900000000000091e+02
1.487362278450016975e+09 1.431000000000000050e-01 2.809900000000000091e+02
1.487362278553313971e+09 1.431000000000000050e-01 2.809900000000000091e+02
1.487362278647763968e+09 1.431000000000000050e-01 2.809900000000000091e+02
1.487362278747469902e+09 1.431999999999999940e-01 2.809900000000000091e+02
1.487362278847207069e+09 1.431000000000000050e-01 2.810000000000000000e+02
1.487362278947123051e+09 1.429999999999999882e-01 2.810000000000000000e+02
1.487362279046897888e+09 1.431000000000000050e-01 2.810000000000000000e+02
1.487362279163234949e+09 1.431000000000000050e-01 2.810000000000000000e+02
1.487362279263009071e+09 1.431000000000000050e-01 2.810000000000000000e+02
1.487362279362786055e+09 1.431999999999999940e-01 2.810000000000000000e+02
1.487362279462539911e+09 1.429999999999999882e-01 2.810000000000000000e+02
1.487362279562238932e+09 1.431999999999999940e-01 2.810000000000000000e+02
