1.487363773552747011e+09 1.419999999999999873e-01 2.796899999999999977e+02
1.487363773678296089e+09 1.419999999999999873e-01 2.796899999999999977e+02
1.487363773778054953e+09 1.419999999999999873e-01 2.796899999999999977e+02
1.487363773875653982e+09 1.419999999999999873e-01 2.796899999999999977e+02
1.487363773977586031e+09 1.418999999999999984e-01 2.796899999999999977e+02
1.487363774075445890e+09 1.419999999999999873e-01 2.796899999999999977e+02
1.487363774193451881e+09 1.419999999999999873e-01 2.796899999999999977e+02
1.487363774293495893e+09 1.418999999999999984e-01 2.796899999999999977e+02
1.487363774393274069e+09 1.419999999999999873e-01 2.796899999999999977e+02
1.487363774490323067e+09 1.419999999999999873e-01 2.796899999999999977e+02
1.487363774592464924e+09 1.421000000000000041e-01 2.796899999999999977e+02
1.487363774691232920e+09 1.419999999999999873e-01 2.796899999999999977e+02
1.487363774791520119e+09 1.418999999999999984e-01 2.796899999999999977e+02
1.487363774891315937e+09 1.419999999999999873e-01 2.796899999999999977e+02
1.487363774990432024e+09 1.419999999999999873e-01 2.796899999999999977e+02
1.487363775104356050e+09 1.418999999999999984e-01 2.796899999999999977e+02
1.487363775204251051e+09 1.419999999999999873e-01 2.796899999999999977e+02
1.487363775303292990e+09 1.418999999999999984e-01 2.796899999999999977e+02
1.487363775403363943e+09 1.419999999999999873e-01 2.796899999999999977e+02
1.487363775502279043e+09 1.419999999999999873e-01 2.796899999999999977e+02
1.487363775602303028e+09 1.418999999999999984e-01 2.796899999999999977e+02
1.487363775702322006e+09 1.418999999999999984e-01 2.796899999999999977e+02
1.487363775801278114e+09 1.418999999999999984e-01 2.796899999999999977e+02
1.487363775915389061e+09 1.421000000000000041e-01 2.796899999999999977e+02
1.487363776015074015e+09 1.419999999999999873e-01 2.796899999999999977e+02
1.487363776114327908e+09 1.421000000000000041e-01 2.796899999999999977e+02
1.487363776214220047e+09 1.418999999999999984e-01 2.796899999999999977e+02
1.487363776314486980e+09 1.419999999999999873e-01 2.796899999999999977e+02
1.487363776410571098e+09 1.418000000000000094e-01 2.796899999999999977e+02
1.487363776513313055e+09 1.418999999999999984e-01 2.796899999999999977e+02
1.487363776612332106e+09 1.421000000000000041e-01 2.796899999999999977e+02
1.487363776722026110e+09 1.421000000000000041e-01 2.796899999999999977e+02
1.487363776823520899e+09 1.419999999999999873e-01 2.796899999999999977e+02
1.487363776926249027e+09 1.419999999999999873e-01 2.796899999999999977e+02
1.487363777020318985e+09 1.421999999999999931e-01 2.796899999999999977e+02
1.487363777125225067e+09 1.419999999999999873e-01 2.796999999999999886e+02
1.487363777219856024e+09 1.421000000000000041e-01 2.796899999999999977e+02
1.487363777319592953e+09 1.419999999999999873e-01 2.796899999999999977e+02
1.487363777419317961e+09 1.419999999999999873e-01 2.796899999999999977e+02
1.487363777532711029e+09 1.419999999999999873e-01 2.796999999999999886e+02
1.487363777635477066e+09 1.421000000000000041e-01 2.796899999999999977e+02
1.487363777734390020e+09 1.419999999999999873e-01 2.796899999999999977e+02
1.487363777832323074e+09 1.418999999999999984e-01 2.796999999999999886e+02
1.487363777934775114e+09 1.418999999999999984e-01 2.796999999999999886e+02
1.487363778034419060e+09 1.418000000000000094e-01 2.796999999999999886e+02
1.487363778134140015e+09 1.418000000000000094e-01 2.796999999999999886e+02
1.487363778234051943e+09 1.419999999999999873e-01 2.796999999999999886e+02
1.487363778348126888e+09 1.418999999999999984e-01 2.796999999999999886e+02
1.487363778448009014e+09 1.418999999999999984e-01 2.796999999999999886e+02
1.487363778548229933e+09 1.419999999999999873e-01 2.796999999999999886e+02
1.487363778647066116e+09 1.419999999999999873e-01 2.796999999999999886e+02
1.487363778747140884e+09 1.419999999999999873e-01 2.796999999999999886e+02
1.487363778846108913e+09 1.418000000000000094e-01 2.796999999999999886e+02
1.487363778945115089e+09 1.421000000000000041e-01 2.796999999999999886e+02
1.487363779056159019e+09 1.419999999999999873e-01 2.796999999999999886e+02
1.487363779158962965e+09 1.419999999999999873e-01 2.796999999999999886e+02
1.487363779258872986e+09 1.419999999999999873e-01 2.796999999999999886e+02
1.487363779356800079e+09 1.421000000000000041e-01 2.796999999999999886e+02
1.487363779457870007e+09 1.421999999999999931e-01 2.796999999999999886e+02
1.487363779557945967e+09 1.421000000000000041e-01 2.796999999999999886e+02
1.487363779656392097e+09 1.419999999999999873e-01 2.796999999999999886e+02
1.487363779757045984e+09 1.419999999999999873e-01 2.796999999999999886e+02
1.487363779870874882e+09 1.419999999999999873e-01 2.796999999999999886e+02
1.487363779969981909e+09 1.419999999999999873e-01 2.796999999999999886e+02
1.487363780069892883e+09 1.418999999999999984e-01 2.796999999999999886e+02
1.487363780169826031e+09 1.418999999999999984e-01 2.796999999999999886e+02
1.487363780268733978e+09 1.419999999999999873e-01 2.796999999999999886e+02
1.487363780368911028e+09 1.418999999999999984e-01 2.796999999999999886e+02
1.487363780467334986e+09 1.419999999999999873e-01 2.796999999999999886e+02
1.487363780562952995e+09 1.419999999999999873e-01 2.796999999999999886e+02
1.487363780666798115e+09 1.419999999999999873e-01 2.796999999999999886e+02
1.487363780777996063e+09 1.419999999999999873e-01 2.797099999999999795e+02
1.487363780879616976e+09 1.419999999999999873e-01 2.797099999999999795e+02
1.487363780977776051e+09 1.419999999999999873e-01 2.797099999999999795e+02
1.487363781077330112e+09 1.419999999999999873e-01 2.797099999999999795e+02
1.487363781176987886e+09 1.419999999999999873e-01 2.797099999999999795e+02
1.487363781276742935e+09 1.418999999999999984e-01 2.797099999999999795e+02
1.487363781376605988e+09 1.419999999999999873e-01 2.797099999999999795e+02
1.487363781472650051e+09 1.419999999999999873e-01 2.797099999999999795e+02
1.487363781591685057e+09 1.421999999999999931e-01 2.797099999999999795e+02
1.487363781691672087e+09 1.419999999999999873e-01 2.797099999999999795e+02
1.487363781786880970e+09 1.419999999999999873e-01 2.797099999999999795e+02
1.487363781890641928e+09 1.419999999999999873e-01 2.797099999999999795e+02
1.487363781986171007e+09 1.421000000000000041e-01 2.797099999999999795e+02
1.487363782089591026e+09 1.419999999999999873e-01 2.797099999999999795e+02
1.487363782189579964e+09 1.419999999999999873e-01 2.797099999999999795e+02
1.487363782288467884e+09 1.421000000000000041e-01 2.797099999999999795e+02
1.487363782402676105e+09 1.418999999999999984e-01 2.797099999999999795e+02
1.487363782502752066e+09 1.419999999999999873e-01 2.797099999999999795e+02
1.487363782597500086e+09 1.419999999999999873e-01 2.797099999999999795e+02
1.487363782696520090e+09 1.418999999999999984e-01 2.797099999999999795e+02
1.487363782796709061e+09 1.419999999999999873e-01 2.797099999999999795e+02
1.487363782896413088e+09 1.419999999999999873e-01 2.797099999999999795e+02
1.487363783000015020e+09 1.419999999999999873e-01 2.797099999999999795e+02
1.487363783095905066e+09 1.418999999999999984e-01 2.797099999999999795e+02
1.487363783209420919e+09 1.418999999999999984e-01 2.797099999999999795e+02
1.487363783313582897e+09 1.418999999999999984e-01 2.797099999999999795e+02
1.487363783413681984e+09 1.418999999999999984e-01 2.797099999999999795e+02
1.487363783512300968e+09 1.419999999999999873e-01 2.797099999999999795e+02
1.487363783612607956e+09 1.421000000000000041e-01 2.797099999999999795e+02
1.487363783709244967e+09 1.419999999999999873e-01 2.797099999999999795e+02
1.487363783811597109e+09 1.421000000000000041e-01 2.797099999999999795e+02
1.487363783911485910e+09 1.421000000000000041e-01 2.797200000000000273e+02
1.487363784020796061e+09 1.421000000000000041e-01 2.797200000000000273e+02
1.487363784119852066e+09 1.419999999999999873e-01 2.797200000000000273e+02
1.487363784219744921e+09 1.421000000000000041e-01 2.797200000000000273e+02
1.487363784319509029e+09 1.421000000000000041e-01 2.797200000000000273e+02
1.487363784423433065e+09 1.419999999999999873e-01 2.797200000000000273e+02
1.487363784519032001e+09 1.421000000000000041e-01 2.797200000000000273e+02
1.487363784618855000e+09 1.419999999999999873e-01 2.797200000000000273e+02
1.487363784719985962e+09 1.418999999999999984e-01 2.797200000000000273e+02
1.487363784831407070e+09 1.419999999999999873e-01 2.797200000000000273e+02
1.487363784934925079e+09 1.418999999999999984e-01 2.797200000000000273e+02
1.487363785034492970e+09 1.419999999999999873e-01 2.797200000000000273e+02
1.487363785134176970e+09 1.418999999999999984e-01 2.797200000000000273e+02
1.487363785229453087e+09 1.418999999999999984e-01 2.797200000000000273e+02
1.487363785333153009e+09 1.419999999999999873e-01 2.797200000000000273e+02
1.487363785429032087e+09 1.418999999999999984e-01 2.797200000000000273e+02
1.487363785528997898e+09 1.419999999999999873e-01 2.797200000000000273e+02
1.487363785647213936e+09 1.419999999999999873e-01 2.797200000000000273e+02
1.487363785746335030e+09 1.419999999999999873e-01 2.797200000000000273e+02
1.487363785846360922e+09 1.419999999999999873e-01 2.797200000000000273e+02
1.487363785944336891e+09 1.421000000000000041e-01 2.797200000000000273e+02
1.487363786045322895e+09 1.421999999999999931e-01 2.797200000000000273e+02
1.487363786145468950e+09 1.419999999999999873e-01 2.797200000000000273e+02
1.487363786244383097e+09 1.419999999999999873e-01 2.797200000000000273e+02
1.487363786344475985e+09 1.421000000000000041e-01 2.797200000000000273e+02
1.487363786455966949e+09 1.421000000000000041e-01 2.797200000000000273e+02
1.487363786557147980e+09 1.419999999999999873e-01 2.797200000000000273e+02
1.487363786657232046e+09 1.419999999999999873e-01 2.797200000000000273e+02
1.487363786755989075e+09 1.421000000000000041e-01 2.797200000000000273e+02
1.487363786856358051e+09 1.419999999999999873e-01 2.797200000000000273e+02
1.487363786953495026e+09 1.421000000000000041e-01 2.797300000000000182e+02
1.487363787053101063e+09 1.419999999999999873e-01 2.797300000000000182e+02
1.487363787155078888e+09 1.421000000000000041e-01 2.797300000000000182e+02
1.487363787269217968e+09 1.419999999999999873e-01 2.797300000000000182e+02
1.487363787363338947e+09 1.418999999999999984e-01 2.797300000000000182e+02
1.487363787468208075e+09 1.418999999999999984e-01 2.797300000000000182e+02
1.487363787564469099e+09 1.421000000000000041e-01 2.797300000000000182e+02
1.487363787662338018e+09 1.419999999999999873e-01 2.797300000000000182e+02
1.487363787767055035e+09 1.419999999999999873e-01 2.797300000000000182e+02
1.487363787866156101e+09 1.419999999999999873e-01 2.797300000000000182e+02
1.487363787965188980e+09 1.419999999999999873e-01 2.797300000000000182e+02
1.487363788066232920e+09 1.419999999999999873e-01 2.797300000000000182e+02
1.487363788177010059e+09 1.419999999999999873e-01 2.797300000000000182e+02
1.487363788276669979e+09 1.418999999999999984e-01 2.797300000000000182e+02
1.487363788376183987e+09 1.421000000000000041e-01 2.797300000000000182e+02
1.487363788476227045e+09 1.421000000000000041e-01 2.797300000000000182e+02
1.487363788576003075e+09 1.419999999999999873e-01 2.797300000000000182e+02
1.487363788674190998e+09 1.421000000000000041e-01 2.797300000000000182e+02
1.487363788775516987e+09 1.421000000000000041e-01 2.797300000000000182e+02
1.487363788891072035e+09 1.419999999999999873e-01 2.797300000000000182e+02
1.487363788988744974e+09 1.421000000000000041e-01 2.797300000000000182e+02
1.487363789089942932e+09 1.421000000000000041e-01 2.797300000000000182e+02
1.487363789190021992e+09 1.421000000000000041e-01 2.797300000000000182e+02
1.487363789288862944e+09 1.418999999999999984e-01 2.797300000000000182e+02
1.487363789389008045e+09 1.421999999999999931e-01 2.797400000000000091e+02
1.487363789484719992e+09 1.421000000000000041e-01 2.797400000000000091e+02
1.487363789587915897e+09 1.419999999999999873e-01 2.797400000000000091e+02
1.487363789687618971e+09 1.418999999999999984e-01 2.797400000000000091e+02
1.487363789800807953e+09 1.418999999999999984e-01 2.797400000000000091e+02
1.487363789899061918e+09 1.419999999999999873e-01 2.797400000000000091e+02
1.487363790000808001e+09 1.419999999999999873e-01 2.797400000000000091e+02
1.487363790095580101e+09 1.418999999999999984e-01 2.797400000000000091e+02
1.487363790199811935e+09 1.418999999999999984e-01 2.797400000000000091e+02
1.487363790298866987e+09 1.419999999999999873e-01 2.797400000000000091e+02
1.487363790398718119e+09 1.418000000000000094e-01 2.797400000000000091e+02
1.487363790498858929e+09 1.421000000000000041e-01 2.797400000000000091e+02
1.487363790595136881e+09 1.419999999999999873e-01 2.797400000000000091e+02
1.487363790712018967e+09 1.418999999999999984e-01 2.797400000000000091e+02
1.487363790810060024e+09 1.419999999999999873e-01 2.797400000000000091e+02
1.487363790910861969e+09 1.418999999999999984e-01 2.797400000000000091e+02
1.487363791010886908e+09 1.419999999999999873e-01 2.797400000000000091e+02
1.487363791109766960e+09 1.418999999999999984e-01 2.797400000000000091e+02
1.487363791209661007e+09 1.419999999999999873e-01 2.797400000000000091e+02
1.487363791309750080e+09 1.418999999999999984e-01 2.797400000000000091e+02
1.487363791408643007e+09 1.421000000000000041e-01 2.797400000000000091e+02
1.487363791518897057e+09 1.421000000000000041e-01 2.797400000000000091e+02
1.487363791618666887e+09 1.421999999999999931e-01 2.797400000000000091e+02
1.487363791718425989e+09 1.419999999999999873e-01 2.797400000000000091e+02
1.487363791816900969e+09 1.421000000000000041e-01 2.797400000000000091e+02
1.487363791917957067e+09 1.419999999999999873e-01 2.797400000000000091e+02
1.487363792017731905e+09 1.419999999999999873e-01 2.797400000000000091e+02
1.487363792117486000e+09 1.421000000000000041e-01 2.797400000000000091e+02
1.487363792217252970e+09 1.419999999999999873e-01 2.797400000000000091e+02
1.487363792333661079e+09 1.418999999999999984e-01 2.797400000000000091e+02
1.487363792433409929e+09 1.418999999999999984e-01 2.797400000000000091e+02
1.487363792532757998e+09 1.421000000000000041e-01 2.797500000000000000e+02
1.487363792632811069e+09 1.418999999999999984e-01 2.797500000000000000e+02
1.487363792731666088e+09 1.418999999999999984e-01 2.797500000000000000e+02
1.487363792831847906e+09 1.418999999999999984e-01 2.797500000000000000e+02
1.487363792931720972e+09 1.418000000000000094e-01 2.797500000000000000e+02
1.487363793030715942e+09 1.418999999999999984e-01 2.797500000000000000e+02
1.487363793144722939e+09 1.419999999999999873e-01 2.797500000000000000e+02
1.487363793244405031e+09 1.419999999999999873e-01 2.797500000000000000e+02
1.487363793343638897e+09 1.418999999999999984e-01 2.797500000000000000e+02
1.487363793443540096e+09 1.419999999999999873e-01 2.797500000000000000e+02
1.487363793543502092e+09 1.419999999999999873e-01 2.797500000000000000e+02
1.487363793638039112e+09 1.419999999999999873e-01 2.797500000000000000e+02
1.487363793742480040e+09 1.419999999999999873e-01 2.797500000000000000e+02
1.487363793836699963e+09 1.421000000000000041e-01 2.797500000000000000e+02
1.487363793955595970e+09 1.419999999999999873e-01 2.797500000000000000e+02
1.487363794055459023e+09 1.421000000000000041e-01 2.797500000000000000e+02
1.487363794155570030e+09 1.419999999999999873e-01 2.797500000000000000e+02
1.487363794254409075e+09 1.421000000000000041e-01 2.797500000000000000e+02
1.487363794354424000e+09 1.419999999999999873e-01 2.797500000000000000e+02
1.487363794450615883e+09 1.419999999999999873e-01 2.797500000000000000e+02
1.487363794549952030e+09 1.421000000000000041e-01 2.797500000000000000e+02
1.487363794648452044e+09 1.419999999999999873e-01 2.797500000000000000e+02
1.487363794766469002e+09 1.421000000000000041e-01 2.797500000000000000e+02
1.487363794866592884e+09 1.418999999999999984e-01 2.797500000000000000e+02
1.487363794966341972e+09 1.421000000000000041e-01 2.797500000000000000e+02
1.487363795065486908e+09 1.421000000000000041e-01 2.797500000000000000e+02
1.487363795165426016e+09 1.419999999999999873e-01 2.797500000000000000e+02
1.487363795260313034e+09 1.421000000000000041e-01 2.797500000000000000e+02
1.487363795359694958e+09 1.419999999999999873e-01 2.797500000000000000e+02
1.487363795459692001e+09 1.419999999999999873e-01 2.797500000000000000e+02
1.487363795574932098e+09 1.421000000000000041e-01 2.797500000000000000e+02
1.487363795675609112e+09 1.419999999999999873e-01 2.797500000000000000e+02
1.487363795775378942e+09 1.419999999999999873e-01 2.797500000000000000e+02
1.487363795875171900e+09 1.419999999999999873e-01 2.797599999999999909e+02
1.487363795974909067e+09 1.419999999999999873e-01 2.797599999999999909e+02
1.487363796074671984e+09 1.419999999999999873e-01 2.797599999999999909e+02
1.487363796174442053e+09 1.419999999999999873e-01 2.797500000000000000e+02
1.487363796274223089e+09 1.421000000000000041e-01 2.797599999999999909e+02
1.487363796370322943e+09 1.419999999999999873e-01 2.797599999999999909e+02
1.487363796488315105e+09 1.421000000000000041e-01 2.797599999999999909e+02
1.487363796587317944e+09 1.419999999999999873e-01 2.797599999999999909e+02
1.487363796684883118e+09 1.419999999999999873e-01 2.797599999999999909e+02
1.487363796785270929e+09 1.419999999999999873e-01 2.797599999999999909e+02
1.487363796883445024e+09 1.421999999999999931e-01 2.797599999999999909e+02
1.487363796986563921e+09 1.419999999999999873e-01 2.797599999999999909e+02
1.487363797082873106e+09 1.419999999999999873e-01 2.797599999999999909e+02
1.487363797199245930e+09 1.421000000000000041e-01 2.797599999999999909e+02
1.487363797299243927e+09 1.419999999999999873e-01 2.797599999999999909e+02
1.487363797397320032e+09 1.421000000000000041e-01 2.797599999999999909e+02
1.487363797497106075e+09 1.419999999999999873e-01 2.797599999999999909e+02
1.487363797597443104e+09 1.419999999999999873e-01 2.797599999999999909e+02
1.487363797693480968e+09 1.419999999999999873e-01 2.797599999999999909e+02
1.487363797792382956e+09 1.419999999999999873e-01 2.797599999999999909e+02
1.487363797897164106e+09 1.419999999999999873e-01 2.797599999999999909e+02
1.487363798009120941e+09 1.419999999999999873e-01 2.797599999999999909e+02
1.487363798110091925e+09 1.419999999999999873e-01 2.797599999999999909e+02
1.487363798209034920e+09 1.421000000000000041e-01 2.797599999999999909e+02
1.487363798309211016e+09 1.419999999999999873e-01 2.797599999999999909e+02
1.487363798409001112e+09 1.421000000000000041e-01 2.797599999999999909e+02
1.487363798508061886e+09 1.418000000000000094e-01 2.797599999999999909e+02
1.487363798604080915e+09 1.421000000000000041e-01 2.797599999999999909e+02
1.487363798708214998e+09 1.421999999999999931e-01 2.797599999999999909e+02
1.487363798807182074e+09 1.421000000000000041e-01 2.797599999999999909e+02
1.487363798917877913e+09 1.421000000000000041e-01 2.797599999999999909e+02
1.487363799017657042e+09 1.421999999999999931e-01 2.797699999999999818e+02
1.487363799117280006e+09 1.419999999999999873e-01 2.797599999999999909e+02
1.487363799217118025e+09 1.419999999999999873e-01 2.797599999999999909e+02
1.487363799316884995e+09 1.421000000000000041e-01 2.797599999999999909e+02
1.487363799416644096e+09 1.419999999999999873e-01 2.797599999999999909e+02
1.487363799516407013e+09 1.421000000000000041e-01 2.797599999999999909e+02
1.487363799616285086e+09 1.421000000000000041e-01 2.797699999999999818e+02
1.487363799728718042e+09 1.421000000000000041e-01 2.797699999999999818e+02
1.487363799830583096e+09 1.418999999999999984e-01 2.797699999999999818e+02
1.487363799931072950e+09 1.421000000000000041e-01 2.797699999999999818e+02
1.487363800027306080e+09 1.421000000000000041e-01 2.797699999999999818e+02
1.487363800126842976e+09 1.421999999999999931e-01 2.797699999999999818e+02
1.487363800229926109e+09 1.421000000000000041e-01 2.797699999999999818e+02
1.487363800325704098e+09 1.421000000000000041e-01 2.797699999999999818e+02
1.487363800428766966e+09 1.419999999999999873e-01 2.797699999999999818e+02
1.487363800542840958e+09 1.421000000000000041e-01 2.797699999999999818e+02
1.487363800642848015e+09 1.419999999999999873e-01 2.797699999999999818e+02
1.487363800741858006e+09 1.419999999999999873e-01 2.797699999999999818e+02
1.487363800841844082e+09 1.418999999999999984e-01 2.797699999999999818e+02
1.487363800940890074e+09 1.419999999999999873e-01 2.797699999999999818e+02
1.487363801040996075e+09 1.421999999999999931e-01 2.797699999999999818e+02
1.487363801138284922e+09 1.419999999999999873e-01 2.797699999999999818e+02
1.487363801253860950e+09 1.419999999999999873e-01 2.797699999999999818e+02
1.487363801353662968e+09 1.421000000000000041e-01 2.797699999999999818e+02
1.487363801453777075e+09 1.419999999999999873e-01 2.797699999999999818e+02
1.487363801552714109e+09 1.421000000000000041e-01 2.797699999999999818e+02
1.487363801652698994e+09 1.421000000000000041e-01 2.797699999999999818e+02
1.487363801751718998e+09 1.421000000000000041e-01 2.797699999999999818e+02
1.487363801851584911e+09 1.421000000000000041e-01 2.797699999999999818e+02
1.487363801951838017e+09 1.419999999999999873e-01 2.797699999999999818e+02
1.487363802060530901e+09 1.419999999999999873e-01 2.797699999999999818e+02
1.487363802160096884e+09 1.421000000000000041e-01 2.797699999999999818e+02
1.487363802259860039e+09 1.419999999999999873e-01 2.797699999999999818e+02
1.487363802359626055e+09 1.421000000000000041e-01 2.797699999999999818e+02
1.487363802459393024e+09 1.418999999999999984e-01 2.797699999999999818e+02
1.487363802559170961e+09 1.419999999999999873e-01 2.797699999999999818e+02
1.487363802658930063e+09 1.421000000000000041e-01 2.797699999999999818e+02
1.487363802758662939e+09 1.421000000000000041e-01 2.797699999999999818e+02
1.487363802858429909e+09 1.421000000000000041e-01 2.797699999999999818e+02
1.487363802974903107e+09 1.421999999999999931e-01 2.797699999999999818e+02
1.487363803074625015e+09 1.421000000000000041e-01 2.797699999999999818e+02
1.487363803174304008e+09 1.421000000000000041e-01 2.797699999999999818e+02
1.487363803271449089e+09 1.419999999999999873e-01 2.797699999999999818e+02
1.487363803371521950e+09 1.421000000000000041e-01 2.797699999999999818e+02
1.487363803473575115e+09 1.419999999999999873e-01 2.797699999999999818e+02
1.487363803573365927e+09 1.419999999999999873e-01 2.797699999999999818e+02
1.487363803672539949e+09 1.419999999999999873e-01 2.797699999999999818e+02
1.487363803786555052e+09 1.419999999999999873e-01 2.797699999999999818e+02
1.487363803884603024e+09 1.419999999999999873e-01 2.797699999999999818e+02
1.487363803985496044e+09 1.418999999999999984e-01 2.797799999999999727e+02
1.487363804085710049e+09 1.419999999999999873e-01 2.797799999999999727e+02
1.487363804184621096e+09 1.419999999999999873e-01 2.797799999999999727e+02
1.487363804284420967e+09 1.418999999999999984e-01 2.797799999999999727e+02
1.487363804384650946e+09 1.421000000000000041e-01 2.797799999999999727e+02
1.487363804479779005e+09 1.421000000000000041e-01 2.797799999999999727e+02
1.487363804595990896e+09 1.419999999999999873e-01 2.797799999999999727e+02
1.487363804697467089e+09 1.418999999999999984e-01 2.797799999999999727e+02
1.487363804792309046e+09 1.419999999999999873e-01 2.797799999999999727e+02
1.487363804896533966e+09 1.419999999999999873e-01 2.797799999999999727e+02
1.487363804991400003e+09 1.419999999999999873e-01 2.797799999999999727e+02
1.487363805093878031e+09 1.421000000000000041e-01 2.797799999999999727e+02
1.487363805195425987e+09 1.421000000000000041e-01 2.797799999999999727e+02
1.487363805290457964e+09 1.419999999999999873e-01 2.797799999999999727e+02
1.487363805408484936e+09 1.419999999999999873e-01 2.797799999999999727e+02
1.487363805508390903e+09 1.418999999999999984e-01 2.797799999999999727e+02
1.487363805607351065e+09 1.421000000000000041e-01 2.797799999999999727e+02
1.487363805707401037e+09 1.421000000000000041e-01 2.797799999999999727e+02
1.487363805807342052e+09 1.419999999999999873e-01 2.797799999999999727e+02
1.487363805906277895e+09 1.419999999999999873e-01 2.797799999999999727e+02
1.487363806006432056e+09 1.419999999999999873e-01 2.797799999999999727e+02
1.487363806100689888e+09 1.421000000000000041e-01 2.797799999999999727e+02
1.487363806217050076e+09 1.419999999999999873e-01 2.797799999999999727e+02
1.487363806316812992e+09 1.421000000000000041e-01 2.797799999999999727e+02
1.487363806416564941e+09 1.421000000000000041e-01 2.797799999999999727e+02
1.487363806516381979e+09 1.421000000000000041e-01 2.797799999999999727e+02
1.487363806616450071e+09 1.421000000000000041e-01 2.797799999999999727e+02
1.487363806715883970e+09 1.421000000000000041e-01 2.797799999999999727e+02
1.487363806815640926e+09 1.421999999999999931e-01 2.797799999999999727e+02
1.487363806915406942e+09 1.421000000000000041e-01 2.797799999999999727e+02
1.487363807030347109e+09 1.421000000000000041e-01 2.797799999999999727e+02
1.487363807129467964e+09 1.419999999999999873e-01 2.797900000000000205e+02
1.487363807230293989e+09 1.419999999999999873e-01 2.797900000000000205e+02
1.487363807329286098e+09 1.419999999999999873e-01 2.797900000000000205e+02
1.487363807429016113e+09 1.418999999999999984e-01 2.797900000000000205e+02
1.487363807528331041e+09 1.419999999999999873e-01 2.797900000000000205e+02
1.487363807628391027e+09 1.419999999999999873e-01 2.797900000000000205e+02
1.487363807727186918e+09 1.419999999999999873e-01 2.797900000000000205e+02
1.487363807838704109e+09 1.421000000000000041e-01 2.797900000000000205e+02
1.487363807941242933e+09 1.421000000000000041e-01 2.797900000000000205e+02
1.487363808041234016e+09 1.419999999999999873e-01 2.797900000000000205e+02
1.487363808137998104e+09 1.419999999999999873e-01 2.797900000000000205e+02
1.487363808240154028e+09 1.421999999999999931e-01 2.797900000000000205e+02
1.487363808339189053e+09 1.419999999999999873e-01 2.797900000000000205e+02
1.487363808439168930e+09 1.419999999999999873e-01 2.797900000000000205e+02
1.487363808539127111e+09 1.421999999999999931e-01 2.797900000000000205e+02
1.487363808652004957e+09 1.421999999999999931e-01 2.797900000000000205e+02
1.487363808752103090e+09 1.421000000000000041e-01 2.797900000000000205e+02
1.487363808852065086e+09 1.421999999999999931e-01 2.797900000000000205e+02
1.487363808947200060e+09 1.421000000000000041e-01 2.797900000000000205e+02
1.487363809050813913e+09 1.421999999999999931e-01 2.797900000000000205e+02
1.487363809146996021e+09 1.421000000000000041e-01 2.797900000000000205e+02
1.487363809250053883e+09 1.421000000000000041e-01 2.797900000000000205e+02
1.487363809350163937e+09 1.419999999999999873e-01 2.797900000000000205e+02
1.487363809459268093e+09 1.421000000000000041e-01 2.797900000000000205e+02
1.487363809558885098e+09 1.419999999999999873e-01 2.797900000000000205e+02
1.487363809658823013e+09 1.419999999999999873e-01 2.797900000000000205e+02
1.487363809758591890e+09 1.421999999999999931e-01 2.797900000000000205e+02
1.487363809858330965e+09 1.421000000000000041e-01 2.797900000000000205e+02
1.487363809958087921e+09 1.419999999999999873e-01 2.797900000000000205e+02
1.487363810057833910e+09 1.421000000000000041e-01 2.797900000000000205e+02
1.487363810157608032e+09 1.419999999999999873e-01 2.797900000000000205e+02
1.487363810257412910e+09 1.421000000000000041e-01 2.797900000000000205e+02
1.487363810373770952e+09 1.419999999999999873e-01 2.797900000000000205e+02
1.487363810473537922e+09 1.421000000000000041e-01 2.797900000000000205e+02
1.487363810572938919e+09 1.419999999999999873e-01 2.797900000000000205e+02
1.487363810672996044e+09 1.421000000000000041e-01 2.797900000000000205e+02
1.487363810771977901e+09 1.421000000000000041e-01 2.797900000000000205e+02
1.487363810871942043e+09 1.419999999999999873e-01 2.797900000000000205e+02
1.487363810971868038e+09 1.419999999999999873e-01 2.798000000000000114e+02
1.487363811084927082e+09 1.421000000000000041e-01 2.798000000000000114e+02
1.487363811184984922e+09 1.421999999999999931e-01 2.797900000000000205e+02
1.487363811281092882e+09 1.421000000000000041e-01 2.798000000000000114e+02
1.487363811379798889e+09 1.421000000000000041e-01 2.798000000000000114e+02
1.487363811479465008e+09 1.421000000000000041e-01 2.798000000000000114e+02
1.487363811583671093e+09 1.419999999999999873e-01 2.798000000000000114e+02
1.487363811679280043e+09 1.419999999999999873e-01 2.798000000000000114e+02
1.487363811782804012e+09 1.421999999999999931e-01 2.798000000000000114e+02
1.487363811881793022e+09 1.421000000000000041e-01 2.798000000000000114e+02
1.487363811991777897e+09 1.419999999999999873e-01 2.798000000000000114e+02
1.487363812093575954e+09 1.421000000000000041e-01 2.798000000000000114e+02
1.487363812194674969e+09 1.419999999999999873e-01 2.798000000000000114e+02
1.487363812290462971e+09 1.419999999999999873e-01 2.798000000000000114e+02
1.487363812393701077e+09 1.419999999999999873e-01 2.798000000000000114e+02
1.487363812488635063e+09 1.419999999999999873e-01 2.798000000000000114e+02
1.487363812593624115e+09 1.419999999999999873e-01 2.798000000000000114e+02
1.487363812692816973e+09 1.421000000000000041e-01 2.798000000000000114e+02
1.487363812789496899e+09 1.421000000000000041e-01 2.798000000000000114e+02
1.487363812906611919e+09 1.421000000000000041e-01 2.798000000000000114e+02
1.487363813000860929e+09 1.418999999999999984e-01 2.798000000000000114e+02
1.487363813105705976e+09 1.418999999999999984e-01 2.798000000000000114e+02
1.487363813202991962e+09 1.421000000000000041e-01 2.798000000000000114e+02
1.487363813300080061e+09 1.421000000000000041e-01 2.798000000000000114e+02
1.487363813399779081e+09 1.421000000000000041e-01 2.798000000000000114e+02
1.487363813499623060e+09 1.421000000000000041e-01 2.798000000000000114e+02
1.487363813599342108e+09 1.421000000000000041e-01 2.798000000000000114e+02
1.487363813715743065e+09 1.421000000000000041e-01 2.798000000000000114e+02
1.487363813815505028e+09 1.421999999999999931e-01 2.798000000000000114e+02
1.487363813915277004e+09 1.421000000000000041e-01 2.798000000000000114e+02
1.487363814015033960e+09 1.421000000000000041e-01 2.798000000000000114e+02
1.487363814114798069e+09 1.421000000000000041e-01 2.798000000000000114e+02
1.487363814214572906e+09 1.421999999999999931e-01 2.798000000000000114e+02
1.487363814314331055e+09 1.421000000000000041e-01 2.798000000000000114e+02
1.487363814414091110e+09 1.421000000000000041e-01 2.798000000000000114e+02
1.487363814528582096e+09 1.421000000000000041e-01 2.798000000000000114e+02
1.487363814623756886e+09 1.419999999999999873e-01 2.798000000000000114e+02
1.487363814727607965e+09 1.421000000000000041e-01 2.798100000000000023e+02
1.487363814827545881e+09 1.419999999999999873e-01 2.798100000000000023e+02
1.487363814926552057e+09 1.419999999999999873e-01 2.798100000000000023e+02
1.487363815026523113e+09 1.419999999999999873e-01 2.798100000000000023e+02
1.487363815125603914e+09 1.421000000000000041e-01 2.798100000000000023e+02
1.487363815225400925e+09 1.421000000000000041e-01 2.798100000000000023e+02
1.487363815335917950e+09 1.421000000000000041e-01 2.798100000000000023e+02
1.487363815435926914e+09 1.419999999999999873e-01 2.798100000000000023e+02
1.487363815538335085e+09 1.419999999999999873e-01 2.798100000000000023e+02
1.487363815638302088e+09 1.419999999999999873e-01 2.798100000000000023e+02
1.487363815737368107e+09 1.419999999999999873e-01 2.798100000000000023e+02
1.487363815837337017e+09 1.421000000000000041e-01 2.798100000000000023e+02
1.487363815936347961e+09 1.419999999999999873e-01 2.798100000000000023e+02
1.487363816031632900e+09 1.421999999999999931e-01 2.798100000000000023e+02
1.487363816150304079e+09 1.421000000000000041e-01 2.798100000000000023e+02
1.487363816249345064e+09 1.421000000000000041e-01 2.798100000000000023e+02
1.487363816349237919e+09 1.419999999999999873e-01 2.798100000000000023e+02
1.487363816448744059e+09 1.421000000000000041e-01 2.798100000000000023e+02
1.487363816543622971e+09 1.421000000000000041e-01 2.798100000000000023e+02
1.487363816646195889e+09 1.421000000000000041e-01 2.798100000000000023e+02
1.487363816747333050e+09 1.421000000000000041e-01 2.798100000000000023e+02
1.487363816847228050e+09 1.419999999999999873e-01 2.798100000000000023e+02
1.487363816960242987e+09 1.421000000000000041e-01 2.798100000000000023e+02
1.487363817057818890e+09 1.419999999999999873e-01 2.798100000000000023e+02
1.487363817157562017e+09 1.419999999999999873e-01 2.798100000000000023e+02
1.487363817257241011e+09 1.421000000000000041e-01 2.798100000000000023e+02
1.487363817357006073e+09 1.419999999999999873e-01 2.798100000000000023e+02
1.487363817456768990e+09 1.418999999999999984e-01 2.798100000000000023e+02
1.487363817559185028e+09 1.419999999999999873e-01 2.798100000000000023e+02
1.487363817656296968e+09 1.419999999999999873e-01 2.798100000000000023e+02
1.487363817770490885e+09 1.419999999999999873e-01 2.798199999999999932e+02
1.487363817872227907e+09 1.421000000000000041e-01 2.798199999999999932e+02
1.487363817966463089e+09 1.421000000000000041e-01 2.798199999999999932e+02
1.487363818071213961e+09 1.419999999999999873e-01 2.798199999999999932e+02
1.487363818170206070e+09 1.421000000000000041e-01 2.798199999999999932e+02
1.487363818270117998e+09 1.421999999999999931e-01 2.798199999999999932e+02
1.487363818370232105e+09 1.423000000000000098e-01 2.798199999999999932e+02
1.487363818469156027e+09 1.419999999999999873e-01 2.798199999999999932e+02
1.487363818569194078e+09 1.421999999999999931e-01 2.798199999999999932e+02
1.487363818682883024e+09 1.419999999999999873e-01 2.798199999999999932e+02
1.487363818782154083e+09 1.419999999999999873e-01 2.798199999999999932e+02
1.487363818882091999e+09 1.421000000000000041e-01 2.798199999999999932e+02
1.487363818977703094e+09 1.421000000000000041e-01 2.798199999999999932e+02
1.487363819081089973e+09 1.423000000000000098e-01 2.798199999999999932e+02
1.487363819181154966e+09 1.419999999999999873e-01 2.798199999999999932e+02
1.487363819279793024e+09 1.421000000000000041e-01 2.798199999999999932e+02
1.487363819380131006e+09 1.419999999999999873e-01 2.798199999999999932e+02
1.487363819488919020e+09 1.419999999999999873e-01 2.798199999999999932e+02
1.487363819591922998e+09 1.419999999999999873e-01 2.798199999999999932e+02
1.487363819693291903e+09 1.419999999999999873e-01 2.798199999999999932e+02
1.487363819790133953e+09 1.419999999999999873e-01 2.798199999999999932e+02
1.487363819891978979e+09 1.419999999999999873e-01 2.798199999999999932e+02
1.487363819987138033e+09 1.418999999999999984e-01 2.798199999999999932e+02
1.487363820090852976e+09 1.418999999999999984e-01 2.798199999999999932e+02
1.487363820191044092e+09 1.419999999999999873e-01 2.798299999999999841e+02
1.487363820305064917e+09 1.419999999999999873e-01 2.798199999999999932e+02
1.487363820399730921e+09 1.418999999999999984e-01 2.798199999999999932e+02
1.487363820499564886e+09 1.421000000000000041e-01 2.798199999999999932e+02
1.487363820598758936e+09 1.419999999999999873e-01 2.798199999999999932e+02
1.487363820699043989e+09 1.421999999999999931e-01 2.798199999999999932e+02
1.487363820798865080e+09 1.421000000000000041e-01 2.798299999999999841e+02
1.487363820898581028e+09 1.421000000000000041e-01 2.798299999999999841e+02
1.487363820998260021e+09 1.419999999999999873e-01 2.798299999999999841e+02
1.487363821114727974e+09 1.421000000000000041e-01 2.798299999999999841e+02
1.487363821214504957e+09 1.421999999999999931e-01 2.798299999999999841e+02
1.487363821314191103e+09 1.421000000000000041e-01 2.798299999999999841e+02
1.487363821413919926e+09 1.421000000000000041e-01 2.798299999999999841e+02
1.487363821513758898e+09 1.419999999999999873e-01 2.798299999999999841e+02
1.487363821613485098e+09 1.421000000000000041e-01 2.798299999999999841e+02
1.487363821712836981e+09 1.419999999999999873e-01 2.798299999999999841e+02
1.487363821812864065e+09 1.421000000000000041e-01 2.798299999999999841e+02
1.487363821924096107e+09 1.421999999999999931e-01 2.798299999999999841e+02
1.487363822025892973e+09 1.421000000000000041e-01 2.798299999999999841e+02
1.487363822125798941e+09 1.421000000000000041e-01 2.798299999999999841e+02
1.487363822224751949e+09 1.421000000000000041e-01 2.798299999999999841e+02
1.487363822324847937e+09 1.419999999999999873e-01 2.798299999999999841e+02
1.487363822424730062e+09 1.421000000000000041e-01 2.798299999999999841e+02
1.487363822523838043e+09 1.419999999999999873e-01 2.798299999999999841e+02
1.487363822620189905e+09 1.419999999999999873e-01 2.798299999999999841e+02
1.487363822737868071e+09 1.419999999999999873e-01 2.798299999999999841e+02
1.487363822836698055e+09 1.421000000000000041e-01 2.798299999999999841e+02
1.487363822936701059e+09 1.421000000000000041e-01 2.798399999999999750e+02
1.487363823035672903e+09 1.419999999999999873e-01 2.798399999999999750e+02
1.487363823135667086e+09 1.421000000000000041e-01 2.798399999999999750e+02
1.487363823235668898e+09 1.419999999999999873e-01 2.798399999999999750e+02
1.487363823334626913e+09 1.419999999999999873e-01 2.798399999999999750e+02
1.487363823434643984e+09 1.419999999999999873e-01 2.798399999999999750e+02
1.487363823548382044e+09 1.421000000000000041e-01 2.798399999999999750e+02
1.487363823647732973e+09 1.421999999999999931e-01 2.798399999999999750e+02
1.487363823747559071e+09 1.421000000000000041e-01 2.798399999999999750e+02
1.487363823841500998e+09 1.421999999999999931e-01 2.798399999999999750e+02
1.487363823942182064e+09 1.421999999999999931e-01 2.798399999999999750e+02
1.487363824046581030e+09 1.421000000000000041e-01 2.798399999999999750e+02
1.487363824140775919e+09 1.421000000000000041e-01 2.798399999999999750e+02
1.487363824245708942e+09 1.421000000000000041e-01 2.798399999999999750e+02
1.487363824345599890e+09 1.419999999999999873e-01 2.798399999999999750e+02
1.487363824456712008e+09 1.421000000000000041e-01 2.798399999999999750e+02
1.487363824556473017e+09 1.421000000000000041e-01 2.798399999999999750e+02
1.487363824656235933e+09 1.419999999999999873e-01 2.798399999999999750e+02
1.487363824754209042e+09 1.419999999999999873e-01 2.798399999999999750e+02
1.487363824855760098e+09 1.421000000000000041e-01 2.798399999999999750e+02
1.487363824955530882e+09 1.421000000000000041e-01 2.798399999999999750e+02
1.487363825055298090e+09 1.421000000000000041e-01 2.798399999999999750e+02
1.487363825170519114e+09 1.421000000000000041e-01 2.798500000000000227e+02
1.487363825267173052e+09 1.421000000000000041e-01 2.798500000000000227e+02
1.487363825366983891e+09 1.419999999999999873e-01 2.798500000000000227e+02
1.487363825469609976e+09 1.419999999999999873e-01 2.798500000000000227e+02
1.487363825568424940e+09 1.419999999999999873e-01 2.798500000000000227e+02
1.487363825668462038e+09 1.419999999999999873e-01 2.798500000000000227e+02
1.487363825767350912e+09 1.421000000000000041e-01 2.798500000000000227e+02
1.487363825867444992e+09 1.419999999999999873e-01 2.798500000000000227e+02
1.487363825964375973e+09 1.421000000000000041e-01 2.798500000000000227e+02
1.487363826080564022e+09 1.421999999999999931e-01 2.798500000000000227e+02
1.487363826180484056e+09 1.421000000000000041e-01 2.798500000000000227e+02
1.487363826280342102e+09 1.421000000000000041e-01 2.798500000000000227e+02
1.487363826374898911e+09 1.421999999999999931e-01 2.798500000000000227e+02
1.487363826476406097e+09 1.421000000000000041e-01 2.798500000000000227e+02
1.487363826578464031e+09 1.421000000000000041e-01 2.798500000000000227e+02
1.487363826678406000e+09 1.419999999999999873e-01 2.798500000000000227e+02
1.487363826778259993e+09 1.419999999999999873e-01 2.798500000000000227e+02
1.487363826877398014e+09 1.418999999999999984e-01 2.798500000000000227e+02
1.487363826986435890e+09 1.419999999999999873e-01 2.798500000000000227e+02
1.487363827090842009e+09 1.419999999999999873e-01 2.798500000000000227e+02
1.487363827190203905e+09 1.419999999999999873e-01 2.798500000000000227e+02
1.487363827289015055e+09 1.419999999999999873e-01 2.798500000000000227e+02
1.487363827389112949e+09 1.421000000000000041e-01 2.798500000000000227e+02
1.487363827485054970e+09 1.419999999999999873e-01 2.798500000000000227e+02
1.487363827589215994e+09 1.419999999999999873e-01 2.798500000000000227e+02
1.487363827688194036e+09 1.421000000000000041e-01 2.798600000000000136e+02
1.487363827798675060e+09 1.419999999999999873e-01 2.798600000000000136e+02
1.487363827898444891e+09 1.421000000000000041e-01 2.798600000000000136e+02
1.487363827998265982e+09 1.421000000000000041e-01 2.798600000000000136e+02
1.487363828097873926e+09 1.421000000000000041e-01 2.798600000000000136e+02
1.487363828197738886e+09 1.419999999999999873e-01 2.798600000000000136e+02
1.487363828297509909e+09 1.421000000000000041e-01 2.798600000000000136e+02
1.487363828397257090e+09 1.419999999999999873e-01 2.798600000000000136e+02
1.487363828497071981e+09 1.421999999999999931e-01 2.798600000000000136e+02
1.487363828613301039e+09 1.421000000000000041e-01 2.798600000000000136e+02
1.487363828713136911e+09 1.421000000000000041e-01 2.798600000000000136e+02
1.487363828812160015e+09 1.421000000000000041e-01 2.798600000000000136e+02
1.487363828912224054e+09 1.421000000000000041e-01 2.798600000000000136e+02
1.487363829011256933e+09 1.419999999999999873e-01 2.798600000000000136e+02
1.487363829111299038e+09 1.421000000000000041e-01 2.798600000000000136e+02
1.487363829211132050e+09 1.419999999999999873e-01 2.798600000000000136e+02
1.487363829310086012e+09 1.421000000000000041e-01 2.798600000000000136e+02
1.487363829424014091e+09 1.419999999999999873e-01 2.798600000000000136e+02
1.487363829519112110e+09 1.421000000000000041e-01 2.798600000000000136e+02
1.487363829623038054e+09 1.419999999999999873e-01 2.798600000000000136e+02
1.487363829722773075e+09 1.419999999999999873e-01 2.798600000000000136e+02
1.487363829821425915e+09 1.421000000000000041e-01 2.798600000000000136e+02
1.487363829917337894e+09 1.419999999999999873e-01 2.798600000000000136e+02
1.487363830021955013e+09 1.419999999999999873e-01 2.798600000000000136e+02
1.487363830121114969e+09 1.421000000000000041e-01 2.798600000000000136e+02
1.487363830234962940e+09 1.419999999999999873e-01 2.798600000000000136e+02
1.487363830331392050e+09 1.418999999999999984e-01 2.798700000000000045e+02
1.487363830434998035e+09 1.418999999999999984e-01 2.798700000000000045e+02
1.487363830533862114e+09 1.421000000000000041e-01 2.798700000000000045e+02
1.487363830633829117e+09 1.421000000000000041e-01 2.798700000000000045e+02
1.487363830732954979e+09 1.421000000000000041e-01 2.798700000000000045e+02
1.487363830832820892e+09 1.419999999999999873e-01 2.798700000000000045e+02
1.487363830931468964e+09 1.421000000000000041e-01 2.798700000000000045e+02
1.487363831040838003e+09 1.421000000000000041e-01 2.798700000000000045e+02
1.487363831145981073e+09 1.421999999999999931e-01 2.798700000000000045e+02
1.487363831245862961e+09 1.421999999999999931e-01 2.798700000000000045e+02
1.487363831340183973e+09 1.421999999999999931e-01 2.798700000000000045e+02
1.487363831442163944e+09 1.421000000000000041e-01 2.798700000000000045e+02
1.487363831542608976e+09 1.421999999999999931e-01 2.798700000000000045e+02
1.487363831639477968e+09 1.421000000000000041e-01 2.798700000000000045e+02
1.487363831739234924e+09 1.421000000000000041e-01 2.798700000000000045e+02
1.487363831855824947e+09 1.421000000000000041e-01 2.798700000000000045e+02
1.487363831955408096e+09 1.421000000000000041e-01 2.798700000000000045e+02
1.487363832055162907e+09 1.421000000000000041e-01 2.798700000000000045e+02
1.487363832154944897e+09 1.419999999999999873e-01 2.798700000000000045e+02
1.487363832254689932e+09 1.421000000000000041e-01 2.798700000000000045e+02
1.487363832354540110e+09 1.419999999999999873e-01 2.798700000000000045e+02
1.487363832454222918e+09 1.419999999999999873e-01 2.798700000000000045e+02
1.487363832549315929e+09 1.419999999999999873e-01 2.798700000000000045e+02
1.487363832653750896e+09 1.421000000000000041e-01 2.798700000000000045e+02
1.487363832767796993e+09 1.421999999999999931e-01 2.798799999999999955e+02
1.487363832867820978e+09 1.421000000000000041e-01 2.798799999999999955e+02
1.487363832966789007e+09 1.421000000000000041e-01 2.798799999999999955e+02
1.487363833066734076e+09 1.421000000000000041e-01 2.798799999999999955e+02
1.487363833161317110e+09 1.421000000000000041e-01 2.798799999999999955e+02
1.487363833265724897e+09 1.421999999999999931e-01 2.798799999999999955e+02
1.487363833365782976e+09 1.421000000000000041e-01 2.798799999999999955e+02
1.487363833464677095e+09 1.421999999999999931e-01 2.798799999999999955e+02
