1.487363559757553101e+09 1.418000000000000094e-01 2.794700000000000273e+02
1.487363559887780905e+09 1.418000000000000094e-01 2.794700000000000273e+02
1.487363559987827063e+09 1.421000000000000041e-01 2.794700000000000273e+02
1.487363560086792946e+09 1.418000000000000094e-01 2.794700000000000273e+02
1.487363560186659098e+09 1.418999999999999984e-01 2.794700000000000273e+02
1.487363560285948992e+09 1.418000000000000094e-01 2.794700000000000273e+02
1.487363560385590076e+09 1.418999999999999984e-01 2.794800000000000182e+02
1.487363560485660076e+09 1.418999999999999984e-01 2.794700000000000273e+02
1.487363560598674059e+09 1.418999999999999984e-01 2.794700000000000273e+02
1.487363560698622942e+09 1.418000000000000094e-01 2.794800000000000182e+02
1.487363560798667908e+09 1.418999999999999984e-01 2.794800000000000182e+02
1.487363560895006895e+09 1.418000000000000094e-01 2.794800000000000182e+02
1.487363560997687101e+09 1.418000000000000094e-01 2.794800000000000182e+02
1.487363561096601009e+09 1.418999999999999984e-01 2.794800000000000182e+02
1.487363561194093943e+09 1.418000000000000094e-01 2.794800000000000182e+02
1.487363561296462059e+09 1.418999999999999984e-01 2.794800000000000182e+02
1.487363561409575939e+09 1.416999999999999926e-01 2.794800000000000182e+02
1.487363561509466887e+09 1.418999999999999984e-01 2.794800000000000182e+02
1.487363561609580040e+09 1.419999999999999873e-01 2.794800000000000182e+02
1.487363561708497047e+09 1.418999999999999984e-01 2.794800000000000182e+02
1.487363561808499098e+09 1.418999999999999984e-01 2.794800000000000182e+02
1.487363561907459021e+09 1.418000000000000094e-01 2.794800000000000182e+02
1.487363562007622004e+09 1.418999999999999984e-01 2.794800000000000182e+02
1.487363562102576971e+09 1.421000000000000041e-01 2.794800000000000182e+02
1.487363562206660986e+09 1.418999999999999984e-01 2.794800000000000182e+02
1.487363562318835020e+09 1.418999999999999984e-01 2.794800000000000182e+02
1.487363562416630983e+09 1.418000000000000094e-01 2.794800000000000182e+02
1.487363562516762972e+09 1.418999999999999984e-01 2.794800000000000182e+02
1.487363562616739035e+09 1.418999999999999984e-01 2.794800000000000182e+02
1.487363562716173887e+09 1.418999999999999984e-01 2.794800000000000182e+02
1.487363562816235065e+09 1.418999999999999984e-01 2.794800000000000182e+02
1.487363562916007042e+09 1.418999999999999984e-01 2.794800000000000182e+02
1.487363563016941071e+09 1.418000000000000094e-01 2.794900000000000091e+02
1.487363563115495920e+09 1.418000000000000094e-01 2.794800000000000182e+02
1.487363563231151104e+09 1.418000000000000094e-01 2.794900000000000091e+02
1.487363563330359936e+09 1.418999999999999984e-01 2.794900000000000091e+02
1.487363563430397034e+09 1.418000000000000094e-01 2.794900000000000091e+02
1.487363563529453993e+09 1.418999999999999984e-01 2.794900000000000091e+02
1.487363563629414082e+09 1.418999999999999984e-01 2.794900000000000091e+02
1.487363563729389906e+09 1.418999999999999984e-01 2.794900000000000091e+02
1.487363563829449892e+09 1.418000000000000094e-01 2.794900000000000091e+02
1.487363563925487041e+09 1.418000000000000094e-01 2.794900000000000091e+02
1.487363564042232037e+09 1.418999999999999984e-01 2.794900000000000091e+02
1.487363564141299963e+09 1.418000000000000094e-01 2.794900000000000091e+02
1.487363564241225004e+09 1.419999999999999873e-01 2.794900000000000091e+02
1.487363564340442896e+09 1.418999999999999984e-01 2.794900000000000091e+02
1.487363564440428019e+09 1.418999999999999984e-01 2.794900000000000091e+02
1.487363564536803007e+09 1.419999999999999873e-01 2.794900000000000091e+02
1.487363564638566971e+09 1.418999999999999984e-01 2.794900000000000091e+02
1.487363564739274025e+09 1.421000000000000041e-01 2.794900000000000091e+02
1.487363564839270115e+09 1.418999999999999984e-01 2.794900000000000091e+02
1.487363564952253103e+09 1.418999999999999984e-01 2.794900000000000091e+02
1.487363565050261974e+09 1.418999999999999984e-01 2.794900000000000091e+02
1.487363565150496960e+09 1.418999999999999984e-01 2.794900000000000091e+02
1.487363565251189947e+09 1.418999999999999984e-01 2.794900000000000091e+02
1.487363565351260900e+09 1.418999999999999984e-01 2.794900000000000091e+02
1.487363565450382948e+09 1.418000000000000094e-01 2.794900000000000091e+02
1.487363565550256014e+09 1.418999999999999984e-01 2.795000000000000000e+02
1.487363565650331020e+09 1.418999999999999984e-01 2.795000000000000000e+02
1.487363565764250040e+09 1.418999999999999984e-01 2.795000000000000000e+02
1.487363565858944893e+09 1.419999999999999873e-01 2.795000000000000000e+02
1.487363565958761930e+09 1.418000000000000094e-01 2.795000000000000000e+02
1.487363566057418108e+09 1.419999999999999873e-01 2.795000000000000000e+02
1.487363566158602953e+09 1.418999999999999984e-01 2.795000000000000000e+02
1.487363566258300066e+09 1.418999999999999984e-01 2.795000000000000000e+02
1.487363566357774973e+09 1.419999999999999873e-01 2.795000000000000000e+02
1.487363566457535028e+09 1.418999999999999984e-01 2.795000000000000000e+02
1.487363566557321072e+09 1.419999999999999873e-01 2.795000000000000000e+02
1.487363566673696041e+09 1.418999999999999984e-01 2.795000000000000000e+02
1.487363566773468018e+09 1.418999999999999984e-01 2.795000000000000000e+02
1.487363566868865013e+09 1.419999999999999873e-01 2.795000000000000000e+02
1.487363566973006964e+09 1.419999999999999873e-01 2.795000000000000000e+02
1.487363567072359085e+09 1.419999999999999873e-01 2.795000000000000000e+02
1.487363567170391083e+09 1.418000000000000094e-01 2.795000000000000000e+02
1.487363567272200108e+09 1.418000000000000094e-01 2.795000000000000000e+02
1.487363567371006966e+09 1.418999999999999984e-01 2.795000000000000000e+02
1.487363567471016884e+09 1.418999999999999984e-01 2.795000000000000000e+02
1.487363567585167885e+09 1.419999999999999873e-01 2.795099999999999909e+02
1.487363567684030056e+09 1.418999999999999984e-01 2.795000000000000000e+02
1.487363567781806946e+09 1.418999999999999984e-01 2.795000000000000000e+02
1.487363567883280039e+09 1.419999999999999873e-01 2.795000000000000000e+02
1.487363567983001947e+09 1.418999999999999984e-01 2.795000000000000000e+02
1.487363568083029985e+09 1.418999999999999984e-01 2.795000000000000000e+02
1.487363568181790113e+09 1.418999999999999984e-01 2.795099999999999909e+02
1.487363568277470112e+09 1.418999999999999984e-01 2.795099999999999909e+02
1.487363568391599894e+09 1.418999999999999984e-01 2.795099999999999909e+02
1.487363568495140076e+09 1.419999999999999873e-01 2.795099999999999909e+02
1.487363568594894886e+09 1.421000000000000041e-01 2.795099999999999909e+02
1.487363568694128036e+09 1.419999999999999873e-01 2.795099999999999909e+02
1.487363568793917894e+09 1.419999999999999873e-01 2.795099999999999909e+02
1.487363568893898964e+09 1.421000000000000041e-01 2.795099999999999909e+02
1.487363568992882967e+09 1.418999999999999984e-01 2.795099999999999909e+02
1.487363569091407061e+09 1.419999999999999873e-01 2.795099999999999909e+02
1.487363569191971064e+09 1.418999999999999984e-01 2.795099999999999909e+02
1.487363569300518036e+09 1.418999999999999984e-01 2.795099999999999909e+02
1.487363569401283979e+09 1.418999999999999984e-01 2.795099999999999909e+02
1.487363569502965927e+09 1.418999999999999984e-01 2.795099999999999909e+02
1.487363569599992037e+09 1.418999999999999984e-01 2.795099999999999909e+02
1.487363569703408957e+09 1.418999999999999984e-01 2.795099999999999909e+02
1.487363569799401045e+09 1.418999999999999984e-01 2.795099999999999909e+02
1.487363569898411989e+09 1.419999999999999873e-01 2.795099999999999909e+02
1.487363569999064922e+09 1.418999999999999984e-01 2.795099999999999909e+02
1.487363570115487099e+09 1.418999999999999984e-01 2.795099999999999909e+02
1.487363570215223074e+09 1.421000000000000041e-01 2.795099999999999909e+02
1.487363570311320066e+09 1.419999999999999873e-01 2.795199999999999818e+02
1.487363570414755106e+09 1.418999999999999984e-01 2.795199999999999818e+02
1.487363570514523983e+09 1.418999999999999984e-01 2.795199999999999818e+02
1.487363570614432096e+09 1.419999999999999873e-01 2.795199999999999818e+02
1.487363570712097883e+09 1.419999999999999873e-01 2.795199999999999818e+02
1.487363570813815117e+09 1.419999999999999873e-01 2.795199999999999818e+02
1.487363570928852081e+09 1.421000000000000041e-01 2.795199999999999818e+02
1.487363571026787043e+09 1.419999999999999873e-01 2.795199999999999818e+02
1.487363571123006105e+09 1.418999999999999984e-01 2.795199999999999818e+02
1.487363571224594116e+09 1.421000000000000041e-01 2.795199999999999818e+02
1.487363571326576948e+09 1.419999999999999873e-01 2.795199999999999818e+02
1.487363571425879955e+09 1.418999999999999984e-01 2.795199999999999818e+02
1.487363571525755882e+09 1.418999999999999984e-01 2.795199999999999818e+02
1.487363571634948969e+09 1.418000000000000094e-01 2.795199999999999818e+02
1.487363571739629030e+09 1.418999999999999984e-01 2.795299999999999727e+02
1.487363571838571072e+09 1.419999999999999873e-01 2.795199999999999818e+02
1.487363571938775063e+09 1.418999999999999984e-01 2.795199999999999818e+02
1.487363572037595987e+09 1.418999999999999984e-01 2.795199999999999818e+02
1.487363572137136936e+09 1.419999999999999873e-01 2.795199999999999818e+02
1.487363572237831116e+09 1.419999999999999873e-01 2.795199999999999818e+02
1.487363572332107067e+09 1.418999999999999984e-01 2.795199999999999818e+02
1.487363572436624050e+09 1.418999999999999984e-01 2.795299999999999727e+02
1.487363572550426006e+09 1.421000000000000041e-01 2.795299999999999727e+02
1.487363572649514914e+09 1.418999999999999984e-01 2.795299999999999727e+02
1.487363572749753952e+09 1.418999999999999984e-01 2.795299999999999727e+02
1.487363572848347902e+09 1.418999999999999984e-01 2.795299999999999727e+02
1.487363572948689938e+09 1.419999999999999873e-01 2.795299999999999727e+02
1.487363573048362970e+09 1.421000000000000041e-01 2.795299999999999727e+02
1.487363573147383928e+09 1.418999999999999984e-01 2.795299999999999727e+02
1.487363573247469902e+09 1.418999999999999984e-01 2.795299999999999727e+02
1.487363573341499090e+09 1.418999999999999984e-01 2.795299999999999727e+02
1.487363573456823111e+09 1.419999999999999873e-01 2.795299999999999727e+02
1.487363573557580948e+09 1.418999999999999984e-01 2.795299999999999727e+02
1.487363573657037020e+09 1.419999999999999873e-01 2.795299999999999727e+02
1.487363573758168936e+09 1.418999999999999984e-01 2.795299999999999727e+02
1.487363573859184027e+09 1.419999999999999873e-01 2.795299999999999727e+02
1.487363573956276894e+09 1.419999999999999873e-01 2.795299999999999727e+02
1.487363574055960894e+09 1.418999999999999984e-01 2.795299999999999727e+02
1.487363574155826092e+09 1.418999999999999984e-01 2.795299999999999727e+02
1.487363574271559954e+09 1.419999999999999873e-01 2.795299999999999727e+02
1.487363574366627932e+09 1.418000000000000094e-01 2.795299999999999727e+02
1.487363574469136000e+09 1.418999999999999984e-01 2.795299999999999727e+02
1.487363574570552111e+09 1.418999999999999984e-01 2.795400000000000205e+02
1.487363574665488958e+09 1.419999999999999873e-01 2.795400000000000205e+02
1.487363574766710997e+09 1.418999999999999984e-01 2.795400000000000205e+02
1.487363574867516994e+09 1.418999999999999984e-01 2.795400000000000205e+02
1.487363574968333006e+09 1.418999999999999984e-01 2.795400000000000205e+02
1.487363575082382917e+09 1.418999999999999984e-01 2.795400000000000205e+02
1.487363575182444096e+09 1.421000000000000041e-01 2.795400000000000205e+02
1.487363575281315088e+09 1.418999999999999984e-01 2.795400000000000205e+02
1.487363575379781961e+09 1.418999999999999984e-01 2.795400000000000205e+02
1.487363575481425047e+09 1.419999999999999873e-01 2.795400000000000205e+02
1.487363575580357075e+09 1.419999999999999873e-01 2.795400000000000205e+02
1.487363575675388098e+09 1.419999999999999873e-01 2.795400000000000205e+02
1.487363575776365042e+09 1.418999999999999984e-01 2.795400000000000205e+02
1.487363575893265963e+09 1.419999999999999873e-01 2.795400000000000205e+02
1.487363575992419958e+09 1.419999999999999873e-01 2.795400000000000205e+02
1.487363576092369080e+09 1.418999999999999984e-01 2.795400000000000205e+02
1.487363576191029072e+09 1.418999999999999984e-01 2.795400000000000205e+02
1.487363576292582035e+09 1.419999999999999873e-01 2.795400000000000205e+02
1.487363576391177893e+09 1.418999999999999984e-01 2.795400000000000205e+02
1.487363576491350889e+09 1.418999999999999984e-01 2.795500000000000114e+02
1.487363576591305971e+09 1.418999999999999984e-01 2.795500000000000114e+02
1.487363576699908972e+09 1.419999999999999873e-01 2.795500000000000114e+02
1.487363576799520016e+09 1.418999999999999984e-01 2.795500000000000114e+02
1.487363576902383089e+09 1.418999999999999984e-01 2.795500000000000114e+02
1.487363576998150110e+09 1.418999999999999984e-01 2.795500000000000114e+02
1.487363577102013111e+09 1.418999999999999984e-01 2.795500000000000114e+02
1.487363577202224970e+09 1.418999999999999984e-01 2.795500000000000114e+02
1.487363577298273087e+09 1.418999999999999984e-01 2.795500000000000114e+02
1.487363577398046017e+09 1.419999999999999873e-01 2.795500000000000114e+02
1.487363577514437914e+09 1.418999999999999984e-01 2.795500000000000114e+02
1.487363577614201069e+09 1.419999999999999873e-01 2.795500000000000114e+02
1.487363577714003086e+09 1.418999999999999984e-01 2.795500000000000114e+02
1.487363577809537888e+09 1.419999999999999873e-01 2.795500000000000114e+02
1.487363577913494110e+09 1.419999999999999873e-01 2.795500000000000114e+02
1.487363578009252071e+09 1.419999999999999873e-01 2.795500000000000114e+02
1.487363578112029076e+09 1.418999999999999984e-01 2.795500000000000114e+02
1.487363578212786913e+09 1.418999999999999984e-01 2.795600000000000023e+02
1.487363578326114893e+09 1.419999999999999873e-01 2.795600000000000023e+02
1.487363578423181057e+09 1.418999999999999984e-01 2.795600000000000023e+02
1.487363578526011944e+09 1.418999999999999984e-01 2.795600000000000023e+02
1.487363578625022888e+09 1.418999999999999984e-01 2.795600000000000023e+02
1.487363578725049019e+09 1.419999999999999873e-01 2.795600000000000023e+02
1.487363578824134111e+09 1.418999999999999984e-01 2.795600000000000023e+02
1.487363578919194937e+09 1.418000000000000094e-01 2.795600000000000023e+02
1.487363579018630981e+09 1.419999999999999873e-01 2.795600000000000023e+02
1.487363579122730970e+09 1.418999999999999984e-01 2.795600000000000023e+02
1.487363579236422062e+09 1.418000000000000094e-01 2.795600000000000023e+02
1.487363579332042933e+09 1.419999999999999873e-01 2.795600000000000023e+02
1.487363579431472063e+09 1.419999999999999873e-01 2.795600000000000023e+02
1.487363579531166077e+09 1.419999999999999873e-01 2.795600000000000023e+02
1.487363579629929066e+09 1.421000000000000041e-01 2.795600000000000023e+02
1.487363579729384899e+09 1.419999999999999873e-01 2.795600000000000023e+02
1.487363579834320068e+09 1.419999999999999873e-01 2.795600000000000023e+02
1.487363579933583975e+09 1.421000000000000041e-01 2.795699999999999932e+02
1.487363580045700073e+09 1.419999999999999873e-01 2.795699999999999932e+02
1.487363580145555019e+09 1.418999999999999984e-01 2.795699999999999932e+02
1.487363580246993065e+09 1.418000000000000094e-01 2.795699999999999932e+02
1.487363580345153093e+09 1.419999999999999873e-01 2.795699999999999932e+02
1.487363580446074963e+09 1.418999999999999984e-01 2.795699999999999932e+02
1.487363580545847893e+09 1.418999999999999984e-01 2.795699999999999932e+02
1.487363580645896912e+09 1.418999999999999984e-01 2.795699999999999932e+02
1.487363580740087032e+09 1.418000000000000094e-01 2.795699999999999932e+02
1.487363580839863062e+09 1.419999999999999873e-01 2.795699999999999932e+02
1.487363580945000887e+09 1.418999999999999984e-01 2.795699999999999932e+02
1.487363581052479982e+09 1.418999999999999984e-01 2.795699999999999932e+02
1.487363581155726910e+09 1.418999999999999984e-01 2.795699999999999932e+02
1.487363581255486012e+09 1.418999999999999984e-01 2.795699999999999932e+02
1.487363581355256081e+09 1.418000000000000094e-01 2.795699999999999932e+02
1.487363581455131054e+09 1.419999999999999873e-01 2.795699999999999932e+02
1.487363581550998926e+09 1.418999999999999984e-01 2.795699999999999932e+02
1.487363581654577017e+09 1.418999999999999984e-01 2.795699999999999932e+02
1.487363581754317999e+09 1.419999999999999873e-01 2.795699999999999932e+02
1.487363581854105949e+09 1.419999999999999873e-01 2.795699999999999932e+02
1.487363581968913078e+09 1.419999999999999873e-01 2.795699999999999932e+02
1.487363582068717003e+09 1.419999999999999873e-01 2.795699999999999932e+02
1.487363582167742014e+09 1.418999999999999984e-01 2.795699999999999932e+02
1.487363582267642021e+09 1.419999999999999873e-01 2.795699999999999932e+02
1.487363582366745949e+09 1.419999999999999873e-01 2.795799999999999841e+02
1.487363582466617107e+09 1.418999999999999984e-01 2.795799999999999841e+02
1.487363582566682100e+09 1.419999999999999873e-01 2.795799999999999841e+02
1.487363582665674925e+09 1.421000000000000041e-01 2.795799999999999841e+02
1.487363582779675007e+09 1.419999999999999873e-01 2.795799999999999841e+02
1.487363582875925064e+09 1.419999999999999873e-01 2.795799999999999841e+02
1.487363582978831053e+09 1.418999999999999984e-01 2.795799999999999841e+02
1.487363583078604937e+09 1.419999999999999873e-01 2.795799999999999841e+02
1.487363583177586079e+09 1.418999999999999984e-01 2.795799999999999841e+02
1.487363583276915073e+09 1.419999999999999873e-01 2.795799999999999841e+02
1.487363583377640963e+09 1.419999999999999873e-01 2.795799999999999841e+02
1.487363583476705074e+09 1.418999999999999984e-01 2.795799999999999841e+02
1.487363583590584040e+09 1.418999999999999984e-01 2.795799999999999841e+02
1.487363583690499067e+09 1.419999999999999873e-01 2.795799999999999841e+02
1.487363583787137985e+09 1.418999999999999984e-01 2.795799999999999841e+02
1.487363583889467001e+09 1.418999999999999984e-01 2.795799999999999841e+02
1.487363583989713907e+09 1.419999999999999873e-01 2.795799999999999841e+02
1.487363584088581085e+09 1.419999999999999873e-01 2.795799999999999841e+02
1.487363584188529968e+09 1.418999999999999984e-01 2.795899999999999750e+02
1.487363584287425041e+09 1.418999999999999984e-01 2.795899999999999750e+02
1.487363584398001909e+09 1.419999999999999873e-01 2.795899999999999750e+02
1.487363584497792006e+09 1.421000000000000041e-01 2.795899999999999750e+02
1.487363584597543001e+09 1.418999999999999984e-01 2.795899999999999750e+02
1.487363584695713043e+09 1.419999999999999873e-01 2.795899999999999750e+02
1.487363584797034979e+09 1.419999999999999873e-01 2.795899999999999750e+02
1.487363584897325993e+09 1.418999999999999984e-01 2.795899999999999750e+02
1.487363584996617079e+09 1.418999999999999984e-01 2.795899999999999750e+02
1.487363585096318960e+09 1.418999999999999984e-01 2.795899999999999750e+02
1.487363585196090937e+09 1.419999999999999873e-01 2.795899999999999750e+02
1.487363585312474966e+09 1.418999999999999984e-01 2.795899999999999750e+02
1.487363585406550884e+09 1.418999999999999984e-01 2.795899999999999750e+02
1.487363585511471033e+09 1.418999999999999984e-01 2.795899999999999750e+02
1.487363585611560106e+09 1.418999999999999984e-01 2.795899999999999750e+02
1.487363585710397005e+09 1.418999999999999984e-01 2.795899999999999750e+02
1.487363585810492039e+09 1.418000000000000094e-01 2.795899999999999750e+02
1.487363585909362078e+09 1.419999999999999873e-01 2.796000000000000227e+02
1.487363586009362936e+09 1.418999999999999984e-01 2.795899999999999750e+02
1.487363586108189106e+09 1.419999999999999873e-01 2.795899999999999750e+02
1.487363586222320080e+09 1.419999999999999873e-01 2.796000000000000227e+02
1.487363586322431087e+09 1.419999999999999873e-01 2.796000000000000227e+02
1.487363586422353029e+09 1.421000000000000041e-01 2.796000000000000227e+02
1.487363586516308069e+09 1.421000000000000041e-01 2.796000000000000227e+02
1.487363586621202946e+09 1.421000000000000041e-01 2.796000000000000227e+02
1.487363586720297098e+09 1.419999999999999873e-01 2.796000000000000227e+02
1.487363586820213079e+09 1.421000000000000041e-01 2.796000000000000227e+02
1.487363586920293093e+09 1.421000000000000041e-01 2.796000000000000227e+02
1.487363587033493042e+09 1.418999999999999984e-01 2.796000000000000227e+02
1.487363587133379936e+09 1.419999999999999873e-01 2.796000000000000227e+02
1.487363587232352018e+09 1.418999999999999984e-01 2.796000000000000227e+02
1.487363587332129955e+09 1.419999999999999873e-01 2.796000000000000227e+02
1.487363587432235956e+09 1.419999999999999873e-01 2.796000000000000227e+02
1.487363587531235933e+09 1.419999999999999873e-01 2.796000000000000227e+02
1.487363587631150007e+09 1.421000000000000041e-01 2.796000000000000227e+02
1.487363587731462955e+09 1.419999999999999873e-01 2.796000000000000227e+02
1.487363587829564095e+09 1.419999999999999873e-01 2.796000000000000227e+02
1.487363587939548016e+09 1.419999999999999873e-01 2.796000000000000227e+02
1.487363588039443970e+09 1.419999999999999873e-01 2.796100000000000136e+02
1.487363588139089108e+09 1.419999999999999873e-01 2.796100000000000136e+02
1.487363588238837004e+09 1.418999999999999984e-01 2.796100000000000136e+02
1.487363588338501930e+09 1.418999999999999984e-01 2.796100000000000136e+02
1.487363588438369036e+09 1.421000000000000041e-01 2.796100000000000136e+02
1.487363588538134098e+09 1.421000000000000041e-01 2.796100000000000136e+02
1.487363588638088942e+09 1.418000000000000094e-01 2.796100000000000136e+02
1.487363588737683058e+09 1.421000000000000041e-01 2.796100000000000136e+02
1.487363588854057074e+09 1.419999999999999873e-01 2.796100000000000136e+02
1.487363588953845024e+09 1.419999999999999873e-01 2.796100000000000136e+02
1.487363589049933910e+09 1.418999999999999984e-01 2.796100000000000136e+02
1.487363589153435946e+09 1.419999999999999873e-01 2.796100000000000136e+02
1.487363589252578974e+09 1.421000000000000041e-01 2.796100000000000136e+02
1.487363589348705053e+09 1.419999999999999873e-01 2.796100000000000136e+02
1.487363589451948881e+09 1.418999999999999984e-01 2.796100000000000136e+02
1.487363589550740004e+09 1.419999999999999873e-01 2.796100000000000136e+02
1.487363589666241884e+09 1.418999999999999984e-01 2.796200000000000045e+02
1.487363589764770031e+09 1.418999999999999984e-01 2.796100000000000136e+02
1.487363589865108013e+09 1.419999999999999873e-01 2.796100000000000136e+02
1.487363589964066982e+09 1.418999999999999984e-01 2.796200000000000045e+02
1.487363590063992977e+09 1.419999999999999873e-01 2.796200000000000045e+02
1.487363590164117098e+09 1.418000000000000094e-01 2.796200000000000045e+02
1.487363590263082027e+09 1.418999999999999984e-01 2.796200000000000045e+02
1.487363590362937927e+09 1.418999999999999984e-01 2.796200000000000045e+02
1.487363590476960897e+09 1.421000000000000041e-01 2.796200000000000045e+02
1.487363590575685978e+09 1.419999999999999873e-01 2.796200000000000045e+02
1.487363590676083088e+09 1.421000000000000041e-01 2.796200000000000045e+02
1.487363590774934053e+09 1.419999999999999873e-01 2.796200000000000045e+02
1.487363590870757103e+09 1.421000000000000041e-01 2.796200000000000045e+02
1.487363590974885941e+09 1.419999999999999873e-01 2.796200000000000045e+02
1.487363591070297956e+09 1.421000000000000041e-01 2.796200000000000045e+02
1.487363591173846006e+09 1.421000000000000041e-01 2.796200000000000045e+02
1.487363591272761106e+09 1.421000000000000041e-01 2.796200000000000045e+02
1.487363591386948109e+09 1.419999999999999873e-01 2.796200000000000045e+02
1.487363591486741066e+09 1.421000000000000041e-01 2.796200000000000045e+02
1.487363591585130930e+09 1.419999999999999873e-01 2.796200000000000045e+02
1.487363591685874939e+09 1.421000000000000041e-01 2.796200000000000045e+02
1.487363591785835028e+09 1.418999999999999984e-01 2.796299999999999955e+02
1.487363591880017996e+09 1.419999999999999873e-01 2.796299999999999955e+02
1.487363591984817982e+09 1.419999999999999873e-01 2.796299999999999955e+02
1.487363592079689026e+09 1.418000000000000094e-01 2.796299999999999955e+02
1.487363592196120977e+09 1.419999999999999873e-01 2.796299999999999955e+02
1.487363592295819998e+09 1.419999999999999873e-01 2.796299999999999955e+02
1.487363592395576000e+09 1.418999999999999984e-01 2.796299999999999955e+02
1.487363592491681099e+09 1.421000000000000041e-01 2.796299999999999955e+02
1.487363592591866970e+09 1.418999999999999984e-01 2.796299999999999955e+02
1.487363592694875956e+09 1.418999999999999984e-01 2.796299999999999955e+02
1.487363592794646978e+09 1.419999999999999873e-01 2.796299999999999955e+02
1.487363592894413948e+09 1.421000000000000041e-01 2.796299999999999955e+02
1.487363593003706932e+09 1.419999999999999873e-01 2.796299999999999955e+02
1.487363593105237007e+09 1.419999999999999873e-01 2.796299999999999955e+02
1.487363593208364010e+09 1.421999999999999931e-01 2.796299999999999955e+02
1.487363593307666063e+09 1.421000000000000041e-01 2.796299999999999955e+02
1.487363593407751083e+09 1.421000000000000041e-01 2.796299999999999955e+02
1.487363593506625891e+09 1.419999999999999873e-01 2.796299999999999955e+02
1.487363593606512070e+09 1.421000000000000041e-01 2.796299999999999955e+02
1.487363593706753016e+09 1.419999999999999873e-01 2.796399999999999864e+02
1.487363593818160057e+09 1.419999999999999873e-01 2.796399999999999864e+02
1.487363593919620037e+09 1.418999999999999984e-01 2.796399999999999864e+02
1.487363594015919924e+09 1.419999999999999873e-01 2.796399999999999864e+02
1.487363594114862919e+09 1.419999999999999873e-01 2.796399999999999864e+02
1.487363594215699911e+09 1.419999999999999873e-01 2.796399999999999864e+02
1.487363594317636013e+09 1.419999999999999873e-01 2.796399999999999864e+02
1.487363594417433977e+09 1.418999999999999984e-01 2.796399999999999864e+02
1.487363594515904903e+09 1.421000000000000041e-01 2.796399999999999864e+02
1.487363594629976988e+09 1.421000000000000041e-01 2.796399999999999864e+02
1.487363594730752945e+09 1.421000000000000041e-01 2.796399999999999864e+02
1.487363594830512047e+09 1.419999999999999873e-01 2.796399999999999864e+02
1.487363594927125931e+09 1.421000000000000041e-01 2.796399999999999864e+02
1.487363595029685020e+09 1.419999999999999873e-01 2.796399999999999864e+02
1.487363595125706911e+09 1.419999999999999873e-01 2.796399999999999864e+02
1.487363595228642941e+09 1.419999999999999873e-01 2.796399999999999864e+02
1.487363595328485966e+09 1.421000000000000041e-01 2.796499999999999773e+02
1.487363595438278913e+09 1.419999999999999873e-01 2.796499999999999773e+02
1.487363595538041115e+09 1.421000000000000041e-01 2.796499999999999773e+02
1.487363595637823105e+09 1.418999999999999984e-01 2.796499999999999773e+02
1.487363595737566948e+09 1.421000000000000041e-01 2.796499999999999773e+02
1.487363595837338924e+09 1.421000000000000041e-01 2.796499999999999773e+02
1.487363595937103987e+09 1.421999999999999931e-01 2.796499999999999773e+02
1.487363596036885023e+09 1.421000000000000041e-01 2.796499999999999773e+02
1.487363596136600018e+09 1.419999999999999873e-01 2.796499999999999773e+02
1.487363596250729084e+09 1.419999999999999873e-01 2.796499999999999773e+02
1.487363596352452993e+09 1.421000000000000041e-01 2.796499999999999773e+02
1.487363596452444077e+09 1.419999999999999873e-01 2.796499999999999773e+02
1.487363596550333977e+09 1.418999999999999984e-01 2.796499999999999773e+02
1.487363596651448011e+09 1.418999999999999984e-01 2.796499999999999773e+02
1.487363596750406981e+09 1.419999999999999873e-01 2.796499999999999773e+02
1.487363596850512981e+09 1.421000000000000041e-01 2.796499999999999773e+02
1.487363596950329065e+09 1.419999999999999873e-01 2.796499999999999773e+02
1.487363597046646118e+09 1.419999999999999873e-01 2.796499999999999773e+02
1.487363597163459063e+09 1.419999999999999873e-01 2.796499999999999773e+02
1.487363597263381004e+09 1.419999999999999873e-01 2.796600000000000250e+02
1.487363597362323999e+09 1.419999999999999873e-01 2.796600000000000250e+02
1.487363597462388039e+09 1.419999999999999873e-01 2.796600000000000250e+02
1.487363597559916973e+09 1.421000000000000041e-01 2.796600000000000250e+02
1.487363597661393881e+09 1.419999999999999873e-01 2.796600000000000250e+02
1.487363597761051893e+09 1.421000000000000041e-01 2.796600000000000250e+02
1.487363597870724916e+09 1.419999999999999873e-01 2.796600000000000250e+02
1.487363597974179029e+09 1.419999999999999873e-01 2.796600000000000250e+02
1.487363598068993092e+09 1.418999999999999984e-01 2.796600000000000250e+02
1.487363598173461914e+09 1.419999999999999873e-01 2.796600000000000250e+02
1.487363598273189068e+09 1.419999999999999873e-01 2.796600000000000250e+02
1.487363598369752884e+09 1.419999999999999873e-01 2.796600000000000250e+02
1.487363598472194910e+09 1.419999999999999873e-01 2.796600000000000250e+02
1.487363598569947004e+09 1.421999999999999931e-01 2.796600000000000250e+02
1.487363598686254978e+09 1.419999999999999873e-01 2.796600000000000250e+02
1.487363598780389071e+09 1.419999999999999873e-01 2.796600000000000250e+02
1.487363598885292053e+09 1.421000000000000041e-01 2.796600000000000250e+02
1.487363598979898930e+09 1.419999999999999873e-01 2.796600000000000250e+02
1.487363599079410076e+09 1.419999999999999873e-01 2.796700000000000159e+02
1.487363599179333925e+09 1.419999999999999873e-01 2.796700000000000159e+02
1.487363599279093027e+09 1.419999999999999873e-01 2.796700000000000159e+02
1.487363599378577948e+09 1.421000000000000041e-01 2.796700000000000159e+02
1.487363599478492022e+09 1.419999999999999873e-01 2.796700000000000159e+02
1.487363599592915058e+09 1.421000000000000041e-01 2.796700000000000159e+02
1.487363599691050053e+09 1.421999999999999931e-01 2.796700000000000159e+02
1.487363599794945002e+09 1.421999999999999931e-01 2.796700000000000159e+02
1.487363599894314051e+09 1.421000000000000041e-01 2.796700000000000159e+02
1.487363599994077921e+09 1.421000000000000041e-01 2.796700000000000159e+02
1.487363600088988066e+09 1.421000000000000041e-01 2.796700000000000159e+02
1.487363600193615913e+09 1.419999999999999873e-01 2.796700000000000159e+02
1.487363600293306112e+09 1.419999999999999873e-01 2.796700000000000159e+02
1.487363600406147957e+09 1.421000000000000041e-01 2.796700000000000159e+02
1.487363600507035017e+09 1.421000000000000041e-01 2.796800000000000068e+02
1.487363600603624105e+09 1.421000000000000041e-01 2.796800000000000068e+02
1.487363600706002951e+09 1.421000000000000041e-01 2.796800000000000068e+02
1.487363600801282883e+09 1.418999999999999984e-01 2.796800000000000068e+02
1.487363600904988050e+09 1.419999999999999873e-01 2.796800000000000068e+02
1.487363601004966021e+09 1.419999999999999873e-01 2.796800000000000068e+02
1.487363601101876974e+09 1.419999999999999873e-01 2.796800000000000068e+02
1.487363601217994928e+09 1.419999999999999873e-01 2.796800000000000068e+02
1.487363601312753916e+09 1.421000000000000041e-01 2.796800000000000068e+02
1.487363601413074017e+09 1.419999999999999873e-01 2.796800000000000068e+02
1.487363601515635014e+09 1.421000000000000041e-01 2.796800000000000068e+02
1.487363601616903067e+09 1.419999999999999873e-01 2.796800000000000068e+02
1.487363601710941076e+09 1.419999999999999873e-01 2.796800000000000068e+02
1.487363601815989971e+09 1.421000000000000041e-01 2.796800000000000068e+02
1.487363601912487984e+09 1.421999999999999931e-01 2.796800000000000068e+02
1.487363602028919935e+09 1.421999999999999931e-01 2.796800000000000068e+02
1.487363602128909111e+09 1.421000000000000041e-01 2.796800000000000068e+02
1.487363602228873014e+09 1.419999999999999873e-01 2.796899999999999977e+02
1.487363602327863932e+09 1.421999999999999931e-01 2.796899999999999977e+02
1.487363602427635908e+09 1.421000000000000041e-01 2.796800000000000068e+02
1.487363602526875973e+09 1.421999999999999931e-01 2.796800000000000068e+02
1.487363602627022028e+09 1.421000000000000041e-01 2.796800000000000068e+02
1.487363602720926046e+09 1.419999999999999873e-01 2.796899999999999977e+02
1.487363602825815916e+09 1.419999999999999873e-01 2.796899999999999977e+02
1.487363602937131882e+09 1.421000000000000041e-01 2.796899999999999977e+02
1.487363603036849976e+09 1.419999999999999873e-01 2.796899999999999977e+02
1.487363603133632898e+09 1.421000000000000041e-01 2.796899999999999977e+02
1.487363603236323118e+09 1.419999999999999873e-01 2.796899999999999977e+02
1.487363603336234093e+09 1.421000000000000041e-01 2.796899999999999977e+02
1.487363603435837030e+09 1.421000000000000041e-01 2.796899999999999977e+02
1.487363603535615921e+09 1.421000000000000041e-01 2.796899999999999977e+02
1.487363603650702000e+09 1.421000000000000041e-01 2.796899999999999977e+02
1.487363603748292923e+09 1.421000000000000041e-01 2.796899999999999977e+02
1.487363603850738049e+09 1.421999999999999931e-01 2.796899999999999977e+02
1.487363603949853897e+09 1.421999999999999931e-01 2.796899999999999977e+02
1.487363604049949884e+09 1.421000000000000041e-01 2.796899999999999977e+02
1.487363604145483971e+09 1.421999999999999931e-01 2.796999999999999886e+02
1.487363604248790979e+09 1.421000000000000041e-01 2.796899999999999977e+02
1.487363604348745108e+09 1.423000000000000098e-01 2.796899999999999977e+02
1.487363604447681904e+09 1.421000000000000041e-01 2.796999999999999886e+02
1.487363604561752081e+09 1.421000000000000041e-01 2.796899999999999977e+02
1.487363604661690950e+09 1.421000000000000041e-01 2.796999999999999886e+02
1.487363604760771036e+09 1.421000000000000041e-01 2.796999999999999886e+02
1.487363604860631943e+09 1.418999999999999984e-01 2.796999999999999886e+02
1.487363604955868959e+09 1.419999999999999873e-01 2.796999999999999886e+02
1.487363605059732914e+09 1.421000000000000041e-01 2.796999999999999886e+02
1.487363605158202887e+09 1.419999999999999873e-01 2.796999999999999886e+02
1.487363605258344889e+09 1.419999999999999873e-01 2.796999999999999886e+02
1.487363605358623981e+09 1.421000000000000041e-01 2.796999999999999886e+02
1.487363605472565889e+09 1.421000000000000041e-01 2.796999999999999886e+02
1.487363605566607952e+09 1.421999999999999931e-01 2.796999999999999886e+02
1.487363605666873932e+09 1.421000000000000041e-01 2.796999999999999886e+02
1.487363605769001961e+09 1.421000000000000041e-01 2.796999999999999886e+02
1.487363605868591070e+09 1.419999999999999873e-01 2.796999999999999886e+02
1.487363605970637083e+09 1.419999999999999873e-01 2.796999999999999886e+02
1.487363606064765930e+09 1.421000000000000041e-01 2.796999999999999886e+02
1.487363606169449091e+09 1.421000000000000041e-01 2.797099999999999795e+02
1.487363606283622980e+09 1.421000000000000041e-01 2.797099999999999795e+02
1.487363606378911972e+09 1.418999999999999984e-01 2.797099999999999795e+02
1.487363606478614092e+09 1.421000000000000041e-01 2.797099999999999795e+02
1.487363606578397036e+09 1.421000000000000041e-01 2.797099999999999795e+02
1.487363606677927971e+09 1.421000000000000041e-01 2.797099999999999795e+02
1.487363606777900934e+09 1.421000000000000041e-01 2.797099999999999795e+02
1.487363606877682924e+09 1.419999999999999873e-01 2.797099999999999795e+02
1.487363606977435112e+09 1.421000000000000041e-01 2.797099999999999795e+02
1.487363607093823910e+09 1.419999999999999873e-01 2.797099999999999795e+02
1.487363607193320036e+09 1.419999999999999873e-01 2.797099999999999795e+02
1.487363607293283939e+09 1.421000000000000041e-01 2.797099999999999795e+02
1.487363607393066883e+09 1.419999999999999873e-01 2.797099999999999795e+02
1.487363607492470026e+09 1.419999999999999873e-01 2.797099999999999795e+02
1.487363607592530012e+09 1.419999999999999873e-01 2.797099999999999795e+02
1.487363607691615105e+09 1.419999999999999873e-01 2.797200000000000273e+02
1.487363607791347027e+09 1.421000000000000041e-01 2.797099999999999795e+02
1.487363607905488968e+09 1.419999999999999873e-01 2.797099999999999795e+02
1.487363608004374027e+09 1.421000000000000041e-01 2.797099999999999795e+02
1.487363608101079941e+09 1.419999999999999873e-01 2.797200000000000273e+02
1.487363608204452991e+09 1.419999999999999873e-01 2.797200000000000273e+02
1.487363608302194118e+09 1.421000000000000041e-01 2.797200000000000273e+02
1.487363608399645090e+09 1.421000000000000041e-01 2.797200000000000273e+02
1.487363608502324104e+09 1.421000000000000041e-01 2.797200000000000273e+02
1.487363608602464914e+09 1.419999999999999873e-01 2.797200000000000273e+02
1.487363608714864969e+09 1.419999999999999873e-01 2.797200000000000273e+02
1.487363608815344095e+09 1.421999999999999931e-01 2.797200000000000273e+02
1.487363608915165901e+09 1.419999999999999873e-01 2.797200000000000273e+02
1.487363609015460014e+09 1.419999999999999873e-01 2.797200000000000273e+02
1.487363609111210108e+09 1.421000000000000041e-01 2.797200000000000273e+02
1.487363609214273930e+09 1.418999999999999984e-01 2.797200000000000273e+02
1.487363609313396931e+09 1.419999999999999873e-01 2.797200000000000273e+02
1.487363609411499977e+09 1.421000000000000041e-01 2.797200000000000273e+02
1.487363609527156115e+09 1.421000000000000041e-01 2.797200000000000273e+02
1.487363609621812105e+09 1.419999999999999873e-01 2.797200000000000273e+02
1.487363609726391077e+09 1.419999999999999873e-01 2.797300000000000182e+02
1.487363609824209929e+09 1.421000000000000041e-01 2.797200000000000273e+02
1.487363609920363903e+09 1.421000000000000041e-01 2.797200000000000273e+02
1.487363610025175095e+09 1.419999999999999873e-01 2.797300000000000182e+02
1.487363610119896889e+09 1.421000000000000041e-01 2.797300000000000182e+02
1.487363610219656944e+09 1.419999999999999873e-01 2.797300000000000182e+02
1.487363610336074114e+09 1.421999999999999931e-01 2.797300000000000182e+02
1.487363610435817003e+09 1.421000000000000041e-01 2.797300000000000182e+02
1.487363610535557985e+09 1.421000000000000041e-01 2.797300000000000182e+02
1.487363610635364056e+09 1.421000000000000041e-01 2.797300000000000182e+02
1.487363610735084057e+09 1.421999999999999931e-01 2.797300000000000182e+02
1.487363610834876060e+09 1.421000000000000041e-01 2.797300000000000182e+02
1.487363610934617996e+09 1.421000000000000041e-01 2.797300000000000182e+02
1.487363611034404039e+09 1.421000000000000041e-01 2.797300000000000182e+02
1.487363611134100914e+09 1.421000000000000041e-01 2.797300000000000182e+02
1.487363611249042034e+09 1.419999999999999873e-01 2.797300000000000182e+02
1.487363611348037004e+09 1.421000000000000041e-01 2.797300000000000182e+02
1.487363611448067904e+09 1.419999999999999873e-01 2.797300000000000182e+02
1.487363611547072887e+09 1.419999999999999873e-01 2.797400000000000091e+02
1.487363611647007942e+09 1.418999999999999984e-01 2.797400000000000091e+02
1.487363611742928982e+09 1.419999999999999873e-01 2.797400000000000091e+02
1.487363611845330000e+09 1.421000000000000041e-01 2.797400000000000091e+02
1.487363611959244013e+09 1.419999999999999873e-01 2.797400000000000091e+02
1.487363612059919119e+09 1.419999999999999873e-01 2.797400000000000091e+02
1.487363612158998013e+09 1.421999999999999931e-01 2.797400000000000091e+02
1.487363612254947901e+09 1.421999999999999931e-01 2.797400000000000091e+02
1.487363612357347012e+09 1.421000000000000041e-01 2.797400000000000091e+02
1.487363612458112955e+09 1.419999999999999873e-01 2.797400000000000091e+02
1.487363612558106899e+09 1.421000000000000041e-01 2.797400000000000091e+02
1.487363612657180071e+09 1.421000000000000041e-01 2.797400000000000091e+02
1.487363612766829967e+09 1.421000000000000041e-01 2.797400000000000091e+02
1.487363612868208885e+09 1.421999999999999931e-01 2.797400000000000091e+02
1.487363612964797974e+09 1.419999999999999873e-01 2.797400000000000091e+02
1.487363613064802885e+09 1.421000000000000041e-01 2.797400000000000091e+02
1.487363613168366909e+09 1.421000000000000041e-01 2.797400000000000091e+02
1.487363613268932104e+09 1.421000000000000041e-01 2.797400000000000091e+02
1.487363613366664886e+09 1.421000000000000041e-01 2.797400000000000091e+02
1.487363613467746973e+09 1.421000000000000041e-01 2.797500000000000000e+02
1.487363613566740036e+09 1.419999999999999873e-01 2.797500000000000000e+02
1.487363613678049088e+09 1.419999999999999873e-01 2.797500000000000000e+02
1.487363613777818918e+09 1.419999999999999873e-01 2.797500000000000000e+02
1.487363613877578020e+09 1.419999999999999873e-01 2.797500000000000000e+02
1.487363613977336884e+09 1.421000000000000041e-01 2.797500000000000000e+02
1.487363614077132940e+09 1.418999999999999984e-01 2.797500000000000000e+02
1.487363614176908016e+09 1.419999999999999873e-01 2.797500000000000000e+02
1.487363614276639938e+09 1.421000000000000041e-01 2.797500000000000000e+02
1.487363614376403093e+09 1.421000000000000041e-01 2.797500000000000000e+02
1.487363614489043951e+09 1.421000000000000041e-01 2.797500000000000000e+02
1.487363614591880083e+09 1.421000000000000041e-01 2.797500000000000000e+02
1.487363614691091061e+09 1.421000000000000041e-01 2.797500000000000000e+02
1.487363614790923119e+09 1.421000000000000041e-01 2.797500000000000000e+02
1.487363614890711069e+09 1.421999999999999931e-01 2.797500000000000000e+02
1.487363614990919113e+09 1.421000000000000041e-01 2.797500000000000000e+02
1.487363615089823008e+09 1.421000000000000041e-01 2.797500000000000000e+02
1.487363615189903975e+09 1.419999999999999873e-01 2.797599999999999909e+02
1.487363615303519011e+09 1.421000000000000041e-01 2.797599999999999909e+02
1.487363615402745962e+09 1.421000000000000041e-01 2.797599999999999909e+02
1.487363615501293898e+09 1.421000000000000041e-01 2.797599999999999909e+02
1.487363615601722002e+09 1.419999999999999873e-01 2.797599999999999909e+02
1.487363615701772928e+09 1.419999999999999873e-01 2.797599999999999909e+02
1.487363615800451040e+09 1.419999999999999873e-01 2.797599999999999909e+02
1.487363615900847912e+09 1.419999999999999873e-01 2.797599999999999909e+02
1.487363616000638962e+09 1.421999999999999931e-01 2.797599999999999909e+02
1.487363616114300013e+09 1.419999999999999873e-01 2.797599999999999909e+02
1.487363616213746071e+09 1.419999999999999873e-01 2.797599999999999909e+02
1.487363616310492039e+09 1.419999999999999873e-01 2.797599999999999909e+02
1.487363616412602901e+09 1.419999999999999873e-01 2.797599999999999909e+02
1.487363616512578011e+09 1.421000000000000041e-01 2.797599999999999909e+02
1.487363616612463951e+09 1.421000000000000041e-01 2.797599999999999909e+02
1.487363616711534977e+09 1.421000000000000041e-01 2.797599999999999909e+02
1.487363616811649084e+09 1.421999999999999931e-01 2.797599999999999909e+02
1.487363616911451101e+09 1.421999999999999931e-01 2.797599999999999909e+02
1.487363617020119905e+09 1.421000000000000041e-01 2.797699999999999818e+02
1.487363617121014118e+09 1.421000000000000041e-01 2.797699999999999818e+02
1.487363617219579935e+09 1.421000000000000041e-01 2.797699999999999818e+02
1.487363617323816061e+09 1.421999999999999931e-01 2.797699999999999818e+02
1.487363617418360949e+09 1.419999999999999873e-01 2.797699999999999818e+02
1.487363617518764973e+09 1.421000000000000041e-01 2.797699999999999818e+02
1.487363617618630886e+09 1.419999999999999873e-01 2.797699999999999818e+02
1.487363617731515884e+09 1.419999999999999873e-01 2.797699999999999818e+02
1.487363617834903002e+09 1.421000000000000041e-01 2.797699999999999818e+02
1.487363617934559107e+09 1.421999999999999931e-01 2.797699999999999818e+02
1.487363618034329891e+09 1.419999999999999873e-01 2.797699999999999818e+02
1.487363618134059906e+09 1.419999999999999873e-01 2.797699999999999818e+02
1.487363618231956005e+09 1.421000000000000041e-01 2.797699999999999818e+02
1.487363618329031944e+09 1.421000000000000041e-01 2.797699999999999818e+02
1.487363618433387995e+09 1.421000000000000041e-01 2.797699999999999818e+02
1.487363618533143997e+09 1.421000000000000041e-01 2.797699999999999818e+02
1.487363618646526098e+09 1.421000000000000041e-01 2.797699999999999818e+02
1.487363618745855093e+09 1.421999999999999931e-01 2.797699999999999818e+02
1.487363618846458912e+09 1.421000000000000041e-01 2.797799999999999727e+02
1.487363618945488930e+09 1.421000000000000041e-01 2.797799999999999727e+02
1.487363619045329094e+09 1.421999999999999931e-01 2.797799999999999727e+02
1.487363619144364119e+09 1.421000000000000041e-01 2.797799999999999727e+02
1.487363619244251013e+09 1.421000000000000041e-01 2.797799999999999727e+02
1.487363619344482899e+09 1.421999999999999931e-01 2.797799999999999727e+02
1.487363619443312883e+09 1.419999999999999873e-01 2.797799999999999727e+02
1.487363619557126999e+09 1.421999999999999931e-01 2.797799999999999727e+02
1.487363619657493114e+09 1.421000000000000041e-01 2.797799999999999727e+02
1.487363619752551079e+09 1.421000000000000041e-01 2.797799999999999727e+02
