1.487359479176018953e+09 9.112999999999999989e-01 1.810800000000000125e+02
1.487359479289398909e+09 9.102999999999999980e-01 1.814499999999999886e+02
1.487359479388317108e+09 9.112999999999999989e-01 1.818000000000000114e+02
1.487359479486728907e+09 9.106999999999999540e-01 1.818000000000000114e+02
1.487359479589833021e+09 9.112000000000000099e-01 1.821100000000000136e+02
1.487359479689613104e+09 9.116999999999999549e-01 1.823700000000000045e+02
1.487359479789360046e+09 9.113999999999999879e-01 1.826100000000000136e+02
1.487359479889065981e+09 9.110000000000000320e-01 1.826100000000000136e+02
1.487359479986227989e+09 9.112000000000000099e-01 1.828499999999999943e+02
1.487359480103682995e+09 9.114999999999999769e-01 1.830999999999999943e+02
1.487359480198277950e+09 9.109000000000000430e-01 1.830999999999999943e+02
1.487359480302746058e+09 9.114999999999999769e-01 1.833300000000000125e+02
1.487359480401604891e+09 9.109000000000000430e-01 1.835600000000000023e+02
1.487359480501604080e+09 9.106999999999999540e-01 1.835600000000000023e+02
1.487359480601624012e+09 9.111000000000000210e-01 1.837899999999999920e+02
1.487359480700645924e+09 9.113999999999999879e-01 1.840600000000000023e+02
1.487359480797290087e+09 9.112999999999999989e-01 1.843100000000000023e+02
1.487359480910244942e+09 9.110000000000000320e-01 1.843100000000000023e+02
1.487359481013659000e+09 9.114999999999999769e-01 1.845699999999999932e+02
1.487359481113146067e+09 9.105999999999999650e-01 1.848100000000000023e+02
1.487359481211406946e+09 9.114999999999999769e-01 1.848100000000000023e+02
1.487359481312695980e+09 9.113999999999999879e-01 1.850699999999999932e+02
1.487359481412730932e+09 9.112999999999999989e-01 1.853799999999999955e+02
1.487359481506503105e+09 9.108000000000000540e-01 1.857400000000000091e+02
1.487359481611510038e+09 9.103999999999999870e-01 1.857400000000000091e+02
1.487359481705715895e+09 9.103999999999999870e-01 1.860800000000000125e+02
1.487359481824527025e+09 9.102000000000000091e-01 1.864399999999999977e+02
1.487359481924382925e+09 9.102999999999999980e-01 1.864399999999999977e+02
1.487359482023570061e+09 9.111000000000000210e-01 1.867500000000000000e+02
1.487359482123613119e+09 9.112999999999999989e-01 1.871500000000000057e+02
1.487359482223404884e+09 9.103999999999999870e-01 1.871500000000000057e+02
1.487359482322506905e+09 9.109000000000000430e-01 1.875399999999999920e+02
1.487359482422425032e+09 9.105999999999999650e-01 1.879099999999999966e+02
1.487359482521725893e+09 9.110000000000000320e-01 1.882199999999999989e+02
1.487359482632533073e+09 9.106999999999999540e-01 1.882199999999999989e+02
1.487359482732305050e+09 9.106999999999999540e-01 1.885300000000000011e+02
1.487359482832041979e+09 9.106999999999999540e-01 1.888700000000000045e+02
1.487359482931663036e+09 9.112999999999999989e-01 1.888700000000000045e+02
1.487359483031625986e+09 9.106999999999999540e-01 1.891699999999999875e+02
1.487359483128947973e+09 9.110000000000000320e-01 1.895200000000000102e+02
1.487359483233560085e+09 9.102000000000000091e-01 1.898600000000000136e+02
1.487359483327660084e+09 9.111000000000000210e-01 1.898600000000000136e+02
1.487359483443649054e+09 9.111000000000000210e-01 1.901599999999999966e+02
1.487359483546468019e+09 9.115999999999999659e-01 1.905200000000000102e+02
1.487359483643127918e+09 9.114999999999999769e-01 1.905200000000000102e+02
1.487359483745491982e+09 9.101000000000000201e-01 1.908799999999999955e+02
1.487359483843208075e+09 9.112999999999999989e-01 1.912400000000000091e+02
1.487359483941008091e+09 9.110000000000000320e-01 1.912400000000000091e+02
1.487359484043612003e+09 9.112999999999999989e-01 1.915999999999999943e+02
1.487359484141383886e+09 9.102000000000000091e-01 1.920399999999999920e+02
1.487359484255095005e+09 9.103999999999999870e-01 1.924300000000000068e+02
1.487359484357407093e+09 9.108000000000000540e-01 1.924300000000000068e+02
1.487359484451994896e+09 9.112000000000000099e-01 1.927700000000000102e+02
1.487359484555027962e+09 9.104999999999999760e-01 1.931599999999999966e+02
1.487359484653316021e+09 9.109000000000000430e-01 1.931599999999999966e+02
1.487359484755379915e+09 9.103999999999999870e-01 1.935099999999999909e+02
1.487359484855024099e+09 9.112999999999999989e-01 1.938899999999999864e+02
1.487359484952009916e+09 9.102999999999999980e-01 1.942400000000000091e+02
1.487359485067209959e+09 9.118000000000000549e-01 1.942400000000000091e+02
1.487359485168402910e+09 9.106999999999999540e-01 1.945699999999999932e+02
1.487359485265006065e+09 9.119000000000000439e-01 1.948300000000000125e+02
1.487359485367300987e+09 9.105999999999999650e-01 1.948300000000000125e+02
1.487359485466973066e+09 9.108000000000000540e-01 1.950900000000000034e+02
1.487359485566190958e+09 9.105999999999999650e-01 1.953499999999999943e+02
1.487359485666014910e+09 9.111000000000000210e-01 1.953499999999999943e+02
1.487359485760752916e+09 9.119000000000000439e-01 1.956200000000000045e+02
1.487359485877130032e+09 9.108000000000000540e-01 1.958400000000000034e+02
1.487359485974509954e+09 9.108000000000000540e-01 1.961100000000000136e+02
1.487359486074331999e+09 9.112999999999999989e-01 1.961100000000000136e+02
1.487359486174066067e+09 9.109000000000000430e-01 1.964300000000000068e+02
1.487359486274331093e+09 9.102999999999999980e-01 1.967400000000000091e+02
1.487359486373600960e+09 9.110000000000000320e-01 1.967400000000000091e+02
1.487359486473372936e+09 9.104999999999999760e-01 1.969799999999999898e+02
1.487359486576972961e+09 9.102999999999999980e-01 1.972199999999999989e+02
1.487359486684801102e+09 9.102999999999999980e-01 1.974900000000000091e+02
1.487359486789352894e+09 9.118000000000000549e-01 1.974900000000000091e+02
1.487359486889044046e+09 9.109000000000000430e-01 1.977400000000000091e+02
1.487359486985747099e+09 9.115999999999999659e-01 1.979900000000000091e+02
1.487359487088615894e+09 9.103999999999999870e-01 1.979900000000000091e+02
1.487359487182936907e+09 9.106999999999999540e-01 1.982400000000000091e+02
1.487359487288400888e+09 9.102000000000000091e-01 1.984900000000000091e+02
1.487359487387878895e+09 9.109000000000000430e-01 1.987299999999999898e+02
1.487359487501094103e+09 9.104999999999999760e-01 1.987299999999999898e+02
1.487359487601068974e+09 9.103999999999999870e-01 1.989699999999999989e+02
1.487359487701116085e+09 9.109000000000000430e-01 1.992199999999999989e+02
1.487359487795073032e+09 9.102999999999999980e-01 1.992199999999999989e+02
1.487359487900127888e+09 9.110000000000000320e-01 1.994600000000000080e+02
1.487359487999135017e+09 9.118000000000000549e-01 1.996800000000000068e+02
1.487359488095432997e+09 9.111000000000000210e-01 1.996800000000000068e+02
1.487359488198858023e+09 9.108000000000000540e-01 1.998899999999999864e+02
1.487359488312074900e+09 9.112000000000000099e-01 2.001299999999999955e+02
1.487359488407296896e+09 9.108000000000000540e-01 2.003600000000000136e+02
1.487359488506982088e+09 9.111000000000000210e-01 2.003600000000000136e+02
1.487359488610975027e+09 9.114999999999999769e-01 2.006200000000000045e+02
1.487359488710916042e+09 9.111000000000000210e-01 2.008799999999999955e+02
1.487359488805608988e+09 9.114999999999999769e-01 2.008799999999999955e+02
1.487359488909843922e+09 9.112000000000000099e-01 2.011200000000000045e+02
1.487359489009942055e+09 9.112999999999999989e-01 2.013600000000000136e+02
1.487359489109040022e+09 9.116999999999999549e-01 2.015900000000000034e+02
1.487359489222899914e+09 9.104999999999999760e-01 2.015900000000000034e+02
1.487359489322957993e+09 9.122000000000000108e-01 2.018199999999999932e+02
1.487359489421857119e+09 9.110000000000000320e-01 2.021100000000000136e+02
1.487359489521821976e+09 9.112000000000000099e-01 2.021100000000000136e+02
1.487359489615901947e+09 9.118000000000000549e-01 2.023899999999999864e+02
1.487359489720926046e+09 9.108000000000000540e-01 2.026299999999999955e+02
1.487359489820672989e+09 9.113999999999999879e-01 2.026299999999999955e+02
1.487359489915126085e+09 9.110000000000000320e-01 2.028400000000000034e+02
1.487359490031533003e+09 9.113999999999999879e-01 2.030300000000000011e+02
1.487359490131279945e+09 9.110000000000000320e-01 2.032299999999999898e+02
1.487359490231229067e+09 9.113999999999999879e-01 2.032299999999999898e+02
1.487359490330807924e+09 9.105999999999999650e-01 2.034499999999999886e+02
1.487359490430633068e+09 9.091000000000000192e-01 2.036599999999999966e+02
1.487359490530340910e+09 9.032000000000000028e-01 2.036599999999999966e+02
1.487359490630111933e+09 8.969000000000000306e-01 2.038600000000000136e+02
1.487359490729872942e+09 8.993999999999999773e-01 2.040900000000000034e+02
1.487359490844716072e+09 9.076999999999999513e-01 2.043300000000000125e+02
1.487359490941118002e+09 9.377999999999999670e-01 2.043300000000000125e+02
1.487359491043637991e+09 1.032399999999999984e+00 2.045900000000000034e+02
1.487359491143724918e+09 1.132400000000000073e+00 2.048400000000000034e+02
1.487359491242716074e+09 1.066699999999999982e+00 2.048400000000000034e+02
1.487359491339370012e+09 8.508000000000000007e-01 2.050900000000000034e+02
1.487359491442682028e+09 7.406000000000000361e-01 2.053300000000000125e+02
1.487359491541743994e+09 7.281999999999999584e-01 2.055600000000000023e+02
1.487359491655886889e+09 7.278000000000000025e-01 2.055600000000000023e+02
1.487359491755666971e+09 7.268999999999999906e-01 2.058000000000000114e+02
1.487359491854741096e+09 7.272999999999999465e-01 2.060399999999999920e+02
1.487359491951716900e+09 7.272999999999999465e-01 2.060399999999999920e+02
1.487359492053531885e+09 7.268000000000000016e-01 2.062599999999999909e+02
1.487359492153589010e+09 7.272999999999999465e-01 2.064799999999999898e+02
1.487359492253473043e+09 7.271999999999999575e-01 2.066899999999999977e+02
1.487359492366818905e+09 7.268000000000000016e-01 2.066899999999999977e+02
1.487359492466495991e+09 7.272999999999999465e-01 2.069099999999999966e+02
1.487359492564709902e+09 7.268999999999999906e-01 2.071299999999999955e+02
1.487359492666662931e+09 7.257000000000000117e-01 2.071299999999999955e+02
1.487359492765592098e+09 7.268000000000000016e-01 2.073300000000000125e+02
1.487359492864768982e+09 7.268000000000000016e-01 2.075200000000000102e+02
1.487359492964482069e+09 7.268999999999999906e-01 2.075200000000000102e+02
1.487359493061409950e+09 7.267000000000000126e-01 2.076999999999999886e+02
1.487359493163455963e+09 7.268999999999999906e-01 2.078799999999999955e+02
1.487359493273873091e+09 7.271999999999999575e-01 2.080500000000000114e+02
1.487359493373476982e+09 7.267000000000000126e-01 2.080500000000000114e+02
1.487359493473345041e+09 7.269999999999999796e-01 2.082299999999999898e+02
1.487359493573153973e+09 7.266000000000000236e-01 2.084000000000000057e+02
1.487359493672867060e+09 7.268999999999999906e-01 2.084000000000000057e+02
1.487359493771092892e+09 7.266000000000000236e-01 2.085500000000000114e+02
1.487359493872416019e+09 7.264000000000000457e-01 2.086999999999999886e+02
1.487359493972103119e+09 7.268000000000000016e-01 2.086999999999999886e+02
1.487359494071871996e+09 7.268000000000000016e-01 2.088899999999999864e+02
1.487359494188266993e+09 7.270999999999999686e-01 2.090600000000000023e+02
1.487359494283821106e+09 7.270999999999999686e-01 2.092100000000000080e+02
1.487359494386097908e+09 7.270999999999999686e-01 2.092100000000000080e+02
1.487359494484739065e+09 7.269999999999999796e-01 2.093700000000000045e+02
1.487359494586529970e+09 7.271999999999999575e-01 2.095699999999999932e+02
1.487359494683170080e+09 7.266000000000000236e-01 2.095699999999999932e+02
1.487359494785341978e+09 7.270999999999999686e-01 2.097700000000000102e+02
1.487359494881134033e+09 7.270999999999999686e-01 2.099799999999999898e+02
1.487359494999533892e+09 7.270999999999999686e-01 2.101800000000000068e+02
1.487359495099314928e+09 7.270999999999999686e-01 2.101800000000000068e+02
1.487359495196711063e+09 7.257000000000000117e-01 2.104000000000000057e+02
1.487359495298331976e+09 7.267000000000000126e-01 2.106100000000000136e+02
1.487359495397442102e+09 7.267000000000000126e-01 2.106100000000000136e+02
1.487359495496223927e+09 7.265000000000000346e-01 2.108100000000000023e+02
1.487359495596638918e+09 7.272999999999999465e-01 2.109699999999999989e+02
1.487359495696254969e+09 7.267000000000000126e-01 2.111399999999999864e+02
1.487359495806250095e+09 7.278000000000000025e-01 2.111399999999999864e+02
1.487359495910172939e+09 7.264000000000000457e-01 2.113100000000000023e+02
1.487359496004102945e+09 7.258999999999999897e-01 2.114900000000000091e+02
1.487359496109127045e+09 7.268000000000000016e-01 2.114900000000000091e+02
1.487359496208256006e+09 7.268000000000000016e-01 2.116699999999999875e+02
1.487359496304830074e+09 7.274000000000000465e-01 2.118300000000000125e+02
1.487359496408226013e+09 7.266000000000000236e-01 2.118300000000000125e+02
1.487359496502031088e+09 7.269999999999999796e-01 2.119900000000000091e+02
1.487359496620989084e+09 7.259999999999999787e-01 2.121800000000000068e+02
1.487359496721126080e+09 7.269999999999999796e-01 2.123700000000000045e+02
1.487359496815340996e+09 7.265000000000000346e-01 2.123700000000000045e+02
1.487359496915108919e+09 7.271999999999999575e-01 2.125600000000000023e+02
1.487359497015048027e+09 7.267000000000000126e-01 2.127400000000000091e+02
1.487359497114649057e+09 7.268000000000000016e-01 2.127400000000000091e+02
1.487359497214165926e+09 7.268999999999999906e-01 2.129199999999999875e+02
1.487359497314356089e+09 7.274000000000000465e-01 2.130999999999999943e+02
1.487359497430563927e+09 7.271999999999999575e-01 2.132800000000000011e+02
1.487359497530327082e+09 7.267000000000000126e-01 2.132800000000000011e+02
1.487359497630116940e+09 7.269999999999999796e-01 2.134600000000000080e+02
1.487359497728075981e+09 7.281999999999999584e-01 2.136200000000000045e+02
1.487359497829612970e+09 7.278999999999999915e-01 2.136200000000000045e+02
1.487359497929364920e+09 7.270999999999999686e-01 2.137599999999999909e+02
1.487359498024833918e+09 7.269999999999999796e-01 2.139000000000000057e+02
1.487359498128854036e+09 7.261999999999999567e-01 2.140500000000000114e+02
1.487359498239052057e+09 7.270999999999999686e-01 2.140500000000000114e+02
1.487359498342149973e+09 7.264000000000000457e-01 2.141899999999999977e+02
1.487359498442080021e+09 7.268000000000000016e-01 2.143300000000000125e+02
1.487359498541505098e+09 7.265000000000000346e-01 2.143300000000000125e+02
1.487359498641953945e+09 7.275000000000000355e-01 2.144799999999999898e+02
1.487359498741069078e+09 7.276000000000000245e-01 2.146299999999999955e+02
1.487359498840902090e+09 7.267000000000000126e-01 2.146299999999999955e+02
1.487359498940241098e+09 7.267000000000000126e-01 2.147700000000000102e+02
1.487359499050406933e+09 7.258999999999999897e-01 2.149199999999999875e+02
1.487359499154006958e+09 7.265000000000000346e-01 2.150600000000000023e+02
1.487359499252995014e+09 7.271999999999999575e-01 2.150600000000000023e+02
1.487359499352850914e+09 7.271999999999999575e-01 2.151999999999999886e+02
1.487359499451483965e+09 7.274000000000000465e-01 2.153499999999999943e+02
1.487359499551939011e+09 7.275000000000000355e-01 2.153499999999999943e+02
1.487359499652064085e+09 7.322999999999999510e-01 2.154799999999999898e+02
1.487359499765986919e+09 7.447000000000000286e-01 2.156200000000000045e+02
1.487359499864336014e+09 7.840000000000000302e-01 2.157599999999999909e+02
1.487359499965195894e+09 8.431999999999999496e-01 2.157599999999999909e+02
1.487359500061826944e+09 9.156999999999999584e-01 2.159000000000000057e+02
1.487359500160006046e+09 9.764000000000000457e-01 2.160500000000000114e+02
1.487359500263915062e+09 1.005500000000000060e+00 2.160500000000000114e+02
1.487359500363015890e+09 1.027300000000000102e+00 2.161999999999999886e+02
1.487359500463089943e+09 1.044899999999999940e+00 2.163400000000000034e+02
1.487359500576562881e+09 1.060000000000000053e+00 2.164799999999999898e+02
1.487359500672782898e+09 1.090200000000000058e+00 2.164799999999999898e+02
1.487359500772587061e+09 1.104500000000000037e+00 2.166100000000000136e+02
1.487359500872337103e+09 1.114100000000000090e+00 2.167400000000000091e+02
1.487359500972096920e+09 1.122400000000000064e+00 2.167400000000000091e+02
1.487359501071753025e+09 1.133599999999999941e+00 2.168700000000000045e+02
1.487359501171514034e+09 1.158600000000000074e+00 2.170200000000000102e+02
1.487359501271390915e+09 1.178800000000000070e+00 2.171699999999999875e+02
1.487359501387794018e+09 1.175499999999999989e+00 2.171699999999999875e+02
1.487359501485142946e+09 1.147199999999999998e+00 2.173000000000000114e+02
1.487359501586889029e+09 1.080100000000000060e+00 2.174300000000000068e+02
1.487359501685935020e+09 9.778000000000000025e-01 2.174300000000000068e+02
1.487359501785343885e+09 8.621999999999999664e-01 2.175600000000000023e+02
1.487359501885797024e+09 7.819000000000000394e-01 2.176999999999999886e+02
1.487359501984720945e+09 7.473999999999999533e-01 2.176999999999999886e+02
1.487359502084703922e+09 7.390999999999999792e-01 2.178400000000000034e+02
1.487359502183690071e+09 7.358999999999999986e-01 2.179799999999999898e+02
1.487359502297693968e+09 7.348999999999999977e-01 2.181200000000000045e+02
1.487359502397733927e+09 7.368999999999999995e-01 2.181200000000000045e+02
1.487359502496690035e+09 7.420999999999999819e-01 2.182700000000000102e+02
1.487359502596915007e+09 7.611999999999999877e-01 2.184199999999999875e+02
1.487359502696656942e+09 8.001000000000000334e-01 2.184199999999999875e+02
1.487359502795793056e+09 8.459999999999999742e-01 2.185600000000000023e+02
1.487359502895706892e+09 8.742999999999999661e-01 2.186899999999999977e+02
1.487359502994693995e+09 8.808000000000000274e-01 2.188300000000000125e+02
1.487359503108767986e+09 8.802999999999999714e-01 2.188300000000000125e+02
1.487359503208597898e+09 8.829000000000000181e-01 2.189499999999999886e+02
1.487359503304939985e+09 8.861999999999999877e-01 2.190699999999999932e+02
1.487359503407535076e+09 8.820000000000000062e-01 2.190699999999999932e+02
1.487359503502952099e+09 8.737000000000000322e-01 2.191899999999999977e+02
1.487359503602202892e+09 8.637000000000000233e-01 2.193199999999999932e+02
1.487359503704263926e+09 8.421999999999999487e-01 2.193199999999999932e+02
1.487359503803702116e+09 8.006999999999999673e-01 2.194600000000000080e+02
1.487359503915030003e+09 7.647000000000000464e-01 2.195999999999999943e+02
1.487359504014722109e+09 7.431999999999999718e-01 2.197500000000000000e+02
1.487359504119519949e+09 7.490999999999999881e-01 2.197500000000000000e+02
1.487359504214407921e+09 7.766999999999999460e-01 2.199099999999999966e+02
1.487359504314089060e+09 8.215000000000000080e-01 2.200699999999999932e+02
1.487359504413875103e+09 8.719999999999999973e-01 2.200699999999999932e+02
1.487359504514686108e+09 9.186999999999999611e-01 2.202199999999999989e+02
1.487359504613387108e+09 9.647999999999999909e-01 2.203700000000000045e+02
1.487359504728580952e+09 9.951999999999999735e-01 2.205300000000000011e+02
1.487359504829567909e+09 1.028000000000000025e+00 2.205300000000000011e+02
1.487359504929377079e+09 1.058699999999999974e+00 2.206699999999999875e+02
1.487359505029071093e+09 1.086799999999999988e+00 2.207899999999999920e+02
1.487359505128832102e+09 1.100100000000000078e+00 2.207899999999999920e+02
1.487359505228589058e+09 1.097399999999999931e+00 2.209099999999999966e+02
1.487359505328635931e+09 1.087099999999999955e+00 2.210300000000000011e+02
1.487359505426206112e+09 1.080999999999999961e+00 2.211599999999999966e+02
1.487359505541338921e+09 1.085700000000000109e+00 2.211599999999999966e+02
1.487359505641522884e+09 1.078999999999999959e+00 2.213000000000000114e+02
1.487359505741548061e+09 1.048899999999999944e+00 2.214199999999999875e+02
1.487359505840496063e+09 9.922999999999999599e-01 2.214199999999999875e+02
1.487359505938695908e+09 9.237999999999999545e-01 2.215399999999999920e+02
1.487359506039187908e+09 8.565000000000000391e-01 2.216500000000000057e+02
1.487359506139337063e+09 7.969000000000000528e-01 2.216500000000000057e+02
1.487359506239165068e+09 7.489000000000000101e-01 2.217700000000000102e+02
1.487359506351876020e+09 7.317000000000000171e-01 2.218899999999999864e+02
1.487359506451288939e+09 7.289999999999999813e-01 2.220099999999999909e+02
1.487359506552377939e+09 7.278000000000000025e-01 2.220099999999999909e+02
1.487359506651309013e+09 7.269999999999999796e-01 2.221200000000000045e+02
1.487359506751374006e+09 7.268000000000000016e-01 2.222400000000000091e+02
1.487359506850306034e+09 7.262999999999999456e-01 2.222400000000000091e+02
1.487359506947694063e+09 7.260999999999999677e-01 2.223600000000000136e+02
1.487359507045945883e+09 7.267000000000000126e-01 2.224799999999999898e+02
1.487359507163655996e+09 7.272999999999999465e-01 2.225900000000000034e+02
1.487359507260103941e+09 7.268000000000000016e-01 2.225900000000000034e+02
1.487359507363197088e+09 7.268999999999999906e-01 2.226999999999999886e+02
1.487359507462224007e+09 7.269999999999999796e-01 2.228100000000000023e+02
1.487359507561556101e+09 7.271999999999999575e-01 2.228100000000000023e+02
1.487359507661333084e+09 7.268000000000000016e-01 2.229199999999999875e+02
1.487359507761121988e+09 7.268000000000000016e-01 2.230300000000000011e+02
1.487359507861068964e+09 7.265000000000000346e-01 2.231399999999999864e+02
1.487359507972235918e+09 7.265000000000000346e-01 2.231399999999999864e+02
1.487359508071814060e+09 7.267000000000000126e-01 2.232599999999999909e+02
1.487359508171540976e+09 7.268000000000000016e-01 2.233899999999999864e+02
1.487359508271311045e+09 7.261999999999999567e-01 2.233899999999999864e+02
1.487359508371071100e+09 7.274000000000000465e-01 2.235099999999999909e+02
1.487359508470000982e+09 7.260999999999999677e-01 2.236500000000000057e+02
1.487359508570595026e+09 7.264000000000000457e-01 2.236500000000000057e+02
1.487359508670399904e+09 7.259999999999999787e-01 2.237800000000000011e+02
1.487359508770154953e+09 7.264000000000000457e-01 2.239000000000000057e+02
1.487359508885082006e+09 7.268000000000000016e-01 2.240300000000000011e+02
1.487359508985096931e+09 7.268999999999999906e-01 2.240300000000000011e+02
1.487359509084122896e+09 7.262999999999999456e-01 2.241599999999999966e+02
1.487359509183986902e+09 7.262999999999999456e-01 2.242700000000000102e+02
1.487359509283060074e+09 7.275000000000000355e-01 2.242700000000000102e+02
1.487359509383171082e+09 7.265000000000000346e-01 2.243899999999999864e+02
1.487359509482975006e+09 7.267000000000000126e-01 2.245000000000000000e+02
1.487359509596102953e+09 7.264000000000000457e-01 2.246100000000000136e+02
1.487359509695872068e+09 7.267000000000000126e-01 2.246100000000000136e+02
1.487359509792833090e+09 7.269999999999999796e-01 2.247199999999999989e+02
1.487359509895032883e+09 7.264000000000000457e-01 2.248199999999999932e+02
1.487359509994931936e+09 7.261999999999999567e-01 2.248199999999999932e+02
1.487359510094961882e+09 7.267000000000000126e-01 2.249199999999999875e+02
1.487359510193902016e+09 7.262999999999999456e-01 2.250300000000000011e+02
1.487359510293920994e+09 7.260999999999999677e-01 2.250300000000000011e+02
1.487359510392956018e+09 7.258000000000000007e-01 2.251299999999999955e+02
1.487359510504142046e+09 7.268999999999999906e-01 2.252500000000000000e+02
1.487359510606872082e+09 7.268000000000000016e-01 2.253600000000000136e+02
1.487359510706948996e+09 7.266000000000000236e-01 2.253600000000000136e+02
1.487359510803411961e+09 7.265000000000000346e-01 2.254699999999999989e+02
1.487359510905854940e+09 7.269999999999999796e-01 2.255699999999999932e+02
1.487359510999963045e+09 7.261999999999999567e-01 2.255699999999999932e+02
1.487359511104913950e+09 7.265000000000000346e-01 2.256899999999999977e+02
1.487359511203995943e+09 7.255000000000000338e-01 2.258400000000000034e+02
1.487359511301002026e+09 7.261999999999999567e-01 2.259799999999999898e+02
1.487359511413814068e+09 7.262999999999999456e-01 2.259799999999999898e+02
1.487359511513631105e+09 7.266000000000000236e-01 2.261200000000000045e+02
1.487359511613369942e+09 7.268999999999999906e-01 2.262599999999999909e+02
1.487359511713131905e+09 7.265000000000000346e-01 2.262599999999999909e+02
1.487359511814147949e+09 7.257000000000000117e-01 2.264000000000000057e+02
1.487359511912595034e+09 7.268999999999999906e-01 2.265300000000000011e+02
1.487359512012393951e+09 7.254000000000000448e-01 2.265300000000000011e+02
1.487359512112131119e+09 7.271999999999999575e-01 2.266500000000000057e+02
1.487359512228527069e+09 7.268000000000000016e-01 2.267800000000000011e+02
1.487359512327785969e+09 7.259999999999999787e-01 2.269099999999999966e+02
1.487359512427680969e+09 7.254000000000000448e-01 2.269099999999999966e+02
1.487359512524903059e+09 7.258000000000000007e-01 2.270600000000000023e+02
1.487359512626873970e+09 7.265000000000000346e-01 2.272199999999999989e+02
1.487359512726823092e+09 7.266000000000000236e-01 2.272199999999999989e+02
1.487359512825728893e+09 7.264000000000000457e-01 2.273899999999999864e+02
1.487359512920747995e+09 7.259999999999999787e-01 2.275600000000000023e+02
1.487359513039669037e+09 7.260999999999999677e-01 2.277299999999999898e+02
1.487359513138780117e+09 7.258000000000000007e-01 2.277299999999999898e+02
1.487359513238667965e+09 7.265000000000000346e-01 2.278899999999999864e+02
1.487359513337968111e+09 7.268999999999999906e-01 2.280500000000000114e+02
1.487359513435983896e+09 7.265000000000000346e-01 2.280500000000000114e+02
1.487359513537741899e+09 7.258999999999999897e-01 2.281899999999999977e+02
1.487359513636641979e+09 7.267000000000000126e-01 2.283400000000000034e+02
1.487359513736773014e+09 7.259999999999999787e-01 2.284900000000000091e+02
1.487359513850614071e+09 7.267000000000000126e-01 2.284900000000000091e+02
1.487359513949621916e+09 7.261999999999999567e-01 2.286399999999999864e+02
1.487359514049345016e+09 7.259999999999999787e-01 2.288100000000000023e+02
1.487359514149686098e+09 7.266000000000000236e-01 2.288100000000000023e+02
1.487359514248719931e+09 7.258000000000000007e-01 2.289499999999999886e+02
1.487359514348666906e+09 7.268999999999999906e-01 2.290999999999999943e+02
1.487359514448517084e+09 7.258999999999999897e-01 2.290999999999999943e+02
1.487359514544759989e+09 7.266000000000000236e-01 2.292700000000000102e+02
1.487359514661465883e+09 7.269999999999999796e-01 2.294399999999999977e+02
1.487359514755840063e+09 7.264000000000000457e-01 2.295999999999999943e+02
1.487359514860049009e+09 7.262999999999999456e-01 2.295999999999999943e+02
1.487359514960539103e+09 7.268999999999999906e-01 2.297500000000000000e+02
1.487359515055030107e+09 7.262999999999999456e-01 2.298799999999999955e+02
1.487359515155030966e+09 7.261999999999999567e-01 2.298799999999999955e+02
1.487359515256788015e+09 7.267000000000000126e-01 2.300200000000000102e+02
1.487359515354444981e+09 7.260999999999999677e-01 2.301599999999999966e+02
1.487359515469556093e+09 7.266000000000000236e-01 2.303000000000000114e+02
1.487359515568099022e+09 7.260999999999999677e-01 2.303000000000000114e+02
1.487359515670346975e+09 7.261999999999999567e-01 2.304300000000000068e+02
1.487359515767220020e+09 7.262999999999999456e-01 2.305600000000000023e+02
1.487359515869817019e+09 7.268000000000000016e-01 2.305600000000000023e+02
1.487359515969583035e+09 7.265000000000000346e-01 2.306899999999999977e+02
1.487359516069401979e+09 7.258999999999999897e-01 2.308199999999999932e+02
1.487359516168221951e+09 7.262999999999999456e-01 2.309399999999999977e+02
1.487359516283329964e+09 7.258999999999999897e-01 2.309399999999999977e+02
1.487359516383215904e+09 7.268000000000000016e-01 2.310600000000000023e+02
1.487359516479132891e+09 7.262999999999999456e-01 2.311500000000000057e+02
1.487359516578982115e+09 7.257000000000000117e-01 2.311500000000000057e+02
1.487359516681408882e+09 7.265000000000000346e-01 2.312599999999999909e+02
1.487359516781553984e+09 7.268000000000000016e-01 2.313700000000000045e+02
1.487359516881202936e+09 7.268999999999999906e-01 2.313700000000000045e+02
1.487359516980600119e+09 7.267000000000000126e-01 2.315000000000000000e+02
1.487359517078300953e+09 7.259999999999999787e-01 2.316299999999999955e+02
1.487359517194603920e+09 7.265000000000000346e-01 2.317599999999999909e+02
1.487359517293432951e+09 7.259999999999999787e-01 2.317599999999999909e+02
1.487359517393490076e+09 7.268999999999999906e-01 2.318899999999999864e+02
1.487359517492347956e+09 7.267000000000000126e-01 2.320300000000000011e+02
1.487359517592432022e+09 7.256000000000000227e-01 2.320300000000000011e+02
1.487359517692301989e+09 7.258999999999999897e-01 2.321800000000000068e+02
1.487359517791239977e+09 7.261999999999999567e-01 2.323199999999999932e+02
1.487359517891232967e+09 7.259999999999999787e-01 2.324699999999999989e+02
1.487359518000430107e+09 7.264000000000000457e-01 2.324699999999999989e+02
1.487359518104370117e+09 7.258000000000000007e-01 2.326100000000000136e+02
1.487359518204391003e+09 7.265000000000000346e-01 2.327500000000000000e+02
1.487359518301894903e+09 7.268000000000000016e-01 2.327500000000000000e+02
1.487359518403099060e+09 7.250999999999999668e-01 2.329000000000000057e+02
1.487359518498651028e+09 7.261999999999999567e-01 2.330399999999999920e+02
1.487359518597944975e+09 7.264000000000000457e-01 2.331899999999999977e+02
1.487359518713082075e+09 7.262999999999999456e-01 2.331899999999999977e+02
1.487359518812829971e+09 7.264000000000000457e-01 2.333400000000000034e+02
1.487359518912604094e+09 7.267000000000000126e-01 2.334900000000000091e+02
1.487359519012382984e+09 7.267000000000000126e-01 2.334900000000000091e+02
1.487359519112123966e+09 7.258000000000000007e-01 2.336500000000000057e+02
1.487359519211899042e+09 7.268000000000000016e-01 2.337700000000000102e+02
1.487359519311655045e+09 7.262999999999999456e-01 2.337700000000000102e+02
1.487359519411421061e+09 7.266000000000000236e-01 2.338799999999999955e+02
1.487359519511212111e+09 7.265000000000000346e-01 2.340099999999999909e+02
1.487359519626636982e+09 7.267000000000000126e-01 2.341399999999999864e+02
1.487359519726171017e+09 7.268999999999999906e-01 2.341399999999999864e+02
1.487359519825984955e+09 7.260999999999999677e-01 2.342800000000000011e+02
1.487359519926209927e+09 7.264000000000000457e-01 2.344300000000000068e+02
1.487359520025157928e+09 7.261999999999999567e-01 2.344300000000000068e+02
1.487359520125130892e+09 7.258000000000000007e-01 2.346100000000000136e+02
1.487359520224065065e+09 7.257000000000000117e-01 2.347599999999999909e+02
1.487359520323947906e+09 7.266000000000000236e-01 2.348899999999999864e+02
1.487359520435461044e+09 7.261999999999999567e-01 2.348899999999999864e+02
1.487359520537565947e+09 7.258000000000000007e-01 2.350099999999999909e+02
1.487359520637162924e+09 7.264000000000000457e-01 2.351299999999999955e+02
1.487359520737159014e+09 7.258000000000000007e-01 2.351299999999999955e+02
1.487359520836000919e+09 7.256000000000000227e-01 2.352500000000000000e+02
1.487359520936171055e+09 7.259999999999999787e-01 2.353700000000000045e+02
1.487359521035103083e+09 7.268999999999999906e-01 2.353700000000000045e+02
1.487359521134978056e+09 7.265000000000000346e-01 2.355000000000000000e+02
1.487359521249025106e+09 7.259999999999999787e-01 2.356399999999999864e+02
1.487359521347978115e+09 7.265000000000000346e-01 2.358000000000000114e+02
1.487359521447879076e+09 7.265000000000000346e-01 2.358000000000000114e+02
1.487359521547765970e+09 7.261999999999999567e-01 2.359199999999999875e+02
1.487359521647085905e+09 7.258000000000000007e-01 2.360600000000000023e+02
1.487359521747041941e+09 7.258000000000000007e-01 2.360600000000000023e+02
1.487359521846024036e+09 7.258999999999999897e-01 2.362299999999999898e+02
1.487359521945837021e+09 7.266000000000000236e-01 2.363899999999999864e+02
1.487359522055123091e+09 7.268999999999999906e-01 2.365500000000000114e+02
1.487359522154808998e+09 7.262999999999999456e-01 2.365500000000000114e+02
1.487359522254579067e+09 7.261999999999999567e-01 2.366800000000000068e+02
1.487359522354336977e+09 7.260999999999999677e-01 2.368100000000000023e+02
1.487359522454009056e+09 7.265000000000000346e-01 2.368100000000000023e+02
1.487359522553874969e+09 7.268999999999999906e-01 2.369600000000000080e+02
1.487359522653633118e+09 7.266000000000000236e-01 2.371100000000000136e+02
1.487359522753398895e+09 7.262999999999999456e-01 2.371100000000000136e+02
1.487359522853187084e+09 7.270999999999999686e-01 2.372599999999999909e+02
1.487359522969564915e+09 7.258999999999999897e-01 2.374300000000000068e+02
1.487359523069349051e+09 7.264000000000000457e-01 2.375800000000000125e+02
1.487359523169092894e+09 7.259999999999999787e-01 2.375800000000000125e+02
1.487359523268841982e+09 7.257000000000000117e-01 2.377199999999999989e+02
1.487359523365556955e+09 7.256000000000000227e-01 2.378700000000000045e+02
1.487359523467926979e+09 7.258999999999999897e-01 2.378700000000000045e+02
1.487359523567806959e+09 7.264000000000000457e-01 2.380200000000000102e+02
1.487359523681874037e+09 7.265000000000000346e-01 2.381699999999999875e+02
1.487359523781786919e+09 7.265000000000000346e-01 2.383000000000000114e+02
1.487359523877405882e+09 7.268000000000000016e-01 2.383000000000000114e+02
1.487359523979876041e+09 7.258000000000000007e-01 2.384300000000000068e+02
1.487359524079658985e+09 7.259999999999999787e-01 2.385500000000000114e+02
1.487359524179789066e+09 7.265000000000000346e-01 2.385500000000000114e+02
1.487359524275631905e+09 7.258000000000000007e-01 2.386699999999999875e+02
1.487359524378937006e+09 7.258000000000000007e-01 2.387800000000000011e+02
1.487359524478857040e+09 7.254000000000000448e-01 2.388899999999999864e+02
1.487359524592741966e+09 7.265000000000000346e-01 2.388899999999999864e+02
1.487359524691731930e+09 7.258999999999999897e-01 2.390000000000000000e+02
1.487359524791760921e+09 7.255000000000000338e-01 2.391200000000000045e+02
1.487359524890836954e+09 7.260999999999999677e-01 2.391200000000000045e+02
1.487359524986814022e+09 7.258000000000000007e-01 2.392299999999999898e+02
1.487359525085623980e+09 7.260999999999999677e-01 2.393300000000000125e+02
1.487359525184612036e+09 7.252999999999999448e-01 2.393300000000000125e+02
1.487359525289361954e+09 7.260999999999999677e-01 2.394199999999999875e+02
1.487359525387172937e+09 7.264000000000000457e-01 2.395200000000000102e+02
1.487359525499469042e+09 7.257000000000000117e-01 2.396100000000000136e+02
1.487359525602504015e+09 7.257000000000000117e-01 2.396100000000000136e+02
1.487359525701548100e+09 7.264000000000000457e-01 2.397199999999999989e+02
1.487359525800993919e+09 7.267000000000000126e-01 2.398300000000000125e+02
1.487359525901527882e+09 7.274000000000000465e-01 2.398300000000000125e+02
1.487359525999232054e+09 7.272999999999999465e-01 2.399300000000000068e+02
1.487359526095491886e+09 7.262999999999999456e-01 2.400500000000000114e+02
1.487359526195135117e+09 7.256000000000000227e-01 2.401899999999999977e+02
1.487359526311559916e+09 7.259999999999999787e-01 2.401899999999999977e+02
1.487359526411329031e+09 7.262999999999999456e-01 2.403300000000000125e+02
1.487359526511126041e+09 7.268999999999999906e-01 2.404900000000000091e+02
1.487359526609360933e+09 7.266000000000000236e-01 2.404900000000000091e+02
1.487359526710637093e+09 7.255000000000000338e-01 2.406299999999999955e+02
1.487359526810395956e+09 7.261999999999999567e-01 2.407500000000000000e+02
1.487359526910165071e+09 7.260999999999999677e-01 2.407500000000000000e+02
1.487359527009944916e+09 7.258999999999999897e-01 2.408799999999999955e+02
1.487359527124439001e+09 7.261999999999999567e-01 2.410399999999999920e+02
1.487359527224556923e+09 7.258999999999999897e-01 2.411599999999999966e+02
1.487359527319636106e+09 7.268000000000000016e-01 2.411599999999999966e+02
1.487359527423362017e+09 7.261999999999999567e-01 2.412800000000000011e+02
1.487359527523617029e+09 7.258999999999999897e-01 2.414000000000000057e+02
1.487359527622421980e+09 7.260999999999999677e-01 2.414000000000000057e+02
1.487359527722460985e+09 7.255000000000000338e-01 2.415000000000000000e+02
1.487359527819065094e+09 7.262999999999999456e-01 2.416200000000000045e+02
1.487359527935374022e+09 7.266000000000000236e-01 2.417299999999999898e+02
1.487359528035341978e+09 7.262999999999999456e-01 2.417299999999999898e+02
1.487359528135493994e+09 7.258999999999999897e-01 2.418400000000000034e+02
1.487359528233645916e+09 7.259999999999999787e-01 2.419600000000000080e+02
1.487359528334305048e+09 7.264000000000000457e-01 2.419600000000000080e+02
1.487359528429228067e+09 7.261999999999999567e-01 2.420800000000000125e+02
1.487359528533231020e+09 7.268999999999999906e-01 2.421800000000000068e+02
1.487359528645024061e+09 7.265000000000000346e-01 2.422899999999999920e+02
1.487359528746176004e+09 7.266000000000000236e-01 2.422899999999999920e+02
1.487359528841922998e+09 7.265000000000000346e-01 2.424099999999999966e+02
1.487359528943794966e+09 7.262999999999999456e-01 2.425399999999999920e+02
1.487359529045047998e+09 7.262999999999999456e-01 2.425399999999999920e+02
1.487359529144983053e+09 7.265000000000000346e-01 2.426500000000000057e+02
1.487359529244401932e+09 7.267000000000000126e-01 2.427599999999999909e+02
1.487359529344364882e+09 7.257000000000000117e-01 2.427599999999999909e+02
1.487359529444195986e+09 7.258000000000000007e-01 2.428700000000000045e+02
1.487359529553855896e+09 7.260999999999999677e-01 2.429699999999999989e+02
1.487359529653512955e+09 7.260999999999999677e-01 2.430600000000000023e+02
1.487359529752254009e+09 7.257000000000000117e-01 2.430600000000000023e+02
1.487359529854701042e+09 7.261999999999999567e-01 2.431599999999999966e+02
1.487359529952745914e+09 7.265000000000000346e-01 2.432899999999999920e+02
1.487359530052624941e+09 7.258999999999999897e-01 2.432899999999999920e+02
1.487359530152355909e+09 7.259999999999999787e-01 2.434099999999999966e+02
1.487359530253825903e+09 7.261999999999999567e-01 2.435200000000000102e+02
1.487359530351841927e+09 7.264000000000000457e-01 2.436299999999999955e+02
1.487359530468173027e+09 7.259999999999999787e-01 2.436299999999999955e+02
1.487359530568074942e+09 7.258999999999999897e-01 2.437500000000000000e+02
1.487359530667193890e+09 7.258000000000000007e-01 2.438600000000000136e+02
1.487359530767157078e+09 7.260999999999999677e-01 2.438600000000000136e+02
1.487359530866292000e+09 7.258000000000000007e-01 2.439699999999999989e+02
1.487359530966084003e+09 7.259999999999999787e-01 2.440800000000000125e+02
1.487359531063652992e+09 7.261999999999999567e-01 2.440800000000000125e+02
1.487359531165324926e+09 7.268000000000000016e-01 2.441699999999999875e+02
1.487359531279144049e+09 7.258999999999999897e-01 2.442800000000000011e+02
1.487359531379255056e+09 7.267000000000000126e-01 2.443799999999999955e+02
1.487359531478190899e+09 7.259999999999999787e-01 2.443799999999999955e+02
1.487359531575624943e+09 7.265000000000000346e-01 2.444900000000000091e+02
1.487359531677237034e+09 7.262999999999999456e-01 2.445900000000000034e+02
1.487359531776937008e+09 7.257000000000000117e-01 2.445900000000000034e+02
1.487359531873313904e+09 7.258999999999999897e-01 2.446899999999999977e+02
1.487359531975601912e+09 7.256000000000000227e-01 2.448100000000000023e+02
1.487359532088630915e+09 7.261999999999999567e-01 2.449300000000000068e+02
1.487359532186738968e+09 7.260999999999999677e-01 2.449300000000000068e+02
1.487359532289000034e+09 7.264000000000000457e-01 2.450399999999999920e+02
1.487359532389074087e+09 7.258000000000000007e-01 2.451899999999999977e+02
1.487359532485080004e+09 7.270999999999999686e-01 2.451899999999999977e+02
1.487359532588165998e+09 7.259999999999999787e-01 2.453400000000000034e+02
1.487359532683996916e+09 7.259999999999999787e-01 2.454600000000000080e+02
1.487359532786396027e+09 7.257000000000000117e-01 2.455699999999999932e+02
1.487359532901065111e+09 7.259999999999999787e-01 2.455699999999999932e+02
1.487359533000619888e+09 7.264000000000000457e-01 2.456800000000000068e+02
1.487359533095257044e+09 7.258999999999999897e-01 2.458100000000000023e+02
1.487359533195157051e+09 7.257000000000000117e-01 2.458100000000000023e+02
1.487359533299727917e+09 7.262999999999999456e-01 2.459099999999999966e+02
1.487359533394675016e+09 7.258999999999999897e-01 2.460099999999999909e+02
1.487359533494503021e+09 7.258000000000000007e-01 2.460099999999999909e+02
1.487359533594186068e+09 7.267000000000000126e-01 2.460999999999999943e+02
1.487359533708070040e+09 7.264000000000000457e-01 2.461899999999999977e+02
1.487359533810444117e+09 7.258999999999999897e-01 2.463000000000000114e+02
1.487359533910064936e+09 7.266000000000000236e-01 2.463000000000000114e+02
1.487359534009926081e+09 7.268999999999999906e-01 2.464000000000000057e+02
1.487359534109622955e+09 7.261999999999999567e-01 2.465200000000000102e+02
1.487359534209362030e+09 7.265000000000000346e-01 2.465200000000000102e+02
1.487359534309129000e+09 7.261999999999999567e-01 2.466299999999999955e+02
1.487359534408858061e+09 7.258000000000000007e-01 2.467500000000000000e+02
1.487359534522806883e+09 7.265000000000000346e-01 2.468799999999999955e+02
1.487359534622769117e+09 7.251999999999999558e-01 2.468799999999999955e+02
1.487359534722923040e+09 7.260999999999999677e-01 2.470000000000000000e+02
1.487359534821856976e+09 7.267000000000000126e-01 2.471100000000000136e+02
1.487359534921674967e+09 7.261999999999999567e-01 2.471100000000000136e+02
1.487359535020243883e+09 7.261999999999999567e-01 2.471999999999999886e+02
1.487359535119375944e+09 7.257000000000000117e-01 2.473000000000000114e+02
1.487359535219854116e+09 7.264000000000000457e-01 2.473899999999999864e+02
1.487359535333800077e+09 7.259999999999999787e-01 2.473899999999999864e+02
1.487359535430702925e+09 7.268000000000000016e-01 2.474699999999999989e+02
1.487359535533823013e+09 7.272999999999999465e-01 2.475500000000000114e+02
1.487359535632677078e+09 7.261999999999999567e-01 2.475500000000000114e+02
1.487359535732696056e+09 7.261999999999999567e-01 2.476299999999999955e+02
1.487359535831737041e+09 7.259999999999999787e-01 2.477199999999999989e+02
1.487359535931699991e+09 7.257000000000000117e-01 2.478100000000000023e+02
1.487359536045603991e+09 7.259999999999999787e-01 2.478100000000000023e+02
1.487359536144612074e+09 7.260999999999999677e-01 2.479099999999999966e+02
1.487359536244571924e+09 7.256000000000000227e-01 2.480099999999999909e+02
1.487359536343550920e+09 7.260999999999999677e-01 2.480099999999999909e+02
1.487359536443614960e+09 7.264000000000000457e-01 2.480999999999999943e+02
1.487359536543404102e+09 7.258999999999999897e-01 2.481800000000000068e+02
1.487359536642653942e+09 7.262999999999999456e-01 2.481800000000000068e+02
1.487359536742503881e+09 7.260999999999999677e-01 2.482599999999999909e+02
1.487359536853069067e+09 7.254000000000000448e-01 2.483300000000000125e+02
1.487359536950485945e+09 7.259999999999999787e-01 2.484300000000000068e+02
1.487359537052599907e+09 7.264000000000000457e-01 2.484300000000000068e+02
1.487359537152360916e+09 7.254000000000000448e-01 2.485399999999999920e+02
1.487359537252131939e+09 7.257000000000000117e-01 2.486500000000000057e+02
1.487359537351871014e+09 7.257000000000000117e-01 2.486500000000000057e+02
1.487359537450351000e+09 7.262999999999999456e-01 2.487599999999999909e+02
1.487359537551475048e+09 7.258000000000000007e-01 2.488300000000000125e+02
1.487359537667640924e+09 7.264000000000000457e-01 2.489099999999999966e+02
1.487359537766140938e+09 7.264000000000000457e-01 2.489099999999999966e+02
1.487359537866480112e+09 7.258000000000000007e-01 2.490000000000000000e+02
1.487359537965495110e+09 7.260999999999999677e-01 2.490900000000000034e+02
1.487359538065449953e+09 7.264000000000000457e-01 2.490900000000000034e+02
1.487359538165568113e+09 7.265000000000000346e-01 2.491599999999999966e+02
1.487359538263848066e+09 7.258999999999999897e-01 2.492700000000000102e+02
1.487359538364449024e+09 7.266000000000000236e-01 2.492700000000000102e+02
1.487359538463306904e+09 7.258000000000000007e-01 2.493799999999999955e+02
1.487359538575444937e+09 7.259999999999999787e-01 2.494900000000000091e+02
1.487359538677592039e+09 7.266000000000000236e-01 2.495999999999999943e+02
1.487359538776403904e+09 7.264000000000000457e-01 2.495999999999999943e+02
1.487359538876280069e+09 7.264000000000000457e-01 2.496899999999999977e+02
1.487359538972454071e+09 7.267000000000000126e-01 2.497700000000000102e+02
1.487359539075298071e+09 7.268000000000000016e-01 2.497700000000000102e+02
1.487359539174607038e+09 7.267000000000000126e-01 2.498499999999999943e+02
