1.487362538342149019e+09 7.869000000000000439e-01 2.796999999999999886e+02
1.487362538456450939e+09 7.865999999999999659e-01 2.796999999999999886e+02
1.487362538556070089e+09 7.868000000000000549e-01 2.796999999999999886e+02
1.487362538658174992e+09 7.876999999999999558e-01 2.796999999999999886e+02
1.487362538753958941e+09 7.872000000000000108e-01 2.796999999999999886e+02
1.487362538852503061e+09 7.866999999999999549e-01 2.796999999999999886e+02
1.487362538952570915e+09 7.869000000000000439e-01 2.796999999999999886e+02
1.487362539070447922e+09 7.863999999999999879e-01 2.796999999999999886e+02
1.487362539170906067e+09 7.864999999999999769e-01 2.796899999999999977e+02
1.487362539269220114e+09 7.861000000000000210e-01 2.796899999999999977e+02
1.487362539369277954e+09 7.861000000000000210e-01 2.796899999999999977e+02
1.487362539466886044e+09 7.873999999999999888e-01 2.796899999999999977e+02
1.487362539568541050e+09 7.863999999999999879e-01 2.796899999999999977e+02
1.487362539665577888e+09 7.862000000000000099e-01 2.796899999999999977e+02
1.487362539763670921e+09 7.865999999999999659e-01 2.796899999999999977e+02
1.487362539877170086e+09 7.872999999999999998e-01 2.796899999999999977e+02
1.487362539976512909e+09 7.868000000000000549e-01 2.796899999999999977e+02
1.487362540079535007e+09 7.862999999999999989e-01 2.796899999999999977e+02
1.487362540176933050e+09 7.865999999999999659e-01 2.796899999999999977e+02
1.487362540274971962e+09 7.869000000000000439e-01 2.796899999999999977e+02
1.487362540379878998e+09 7.869000000000000439e-01 2.796899999999999977e+02
1.487362540479296923e+09 7.862999999999999989e-01 2.796800000000000068e+02
1.487362540574724913e+09 7.862000000000000099e-01 2.796899999999999977e+02
1.487362540688874960e+09 7.868000000000000549e-01 2.796800000000000068e+02
1.487362540788703918e+09 7.866999999999999549e-01 2.796800000000000068e+02
1.487362540888468981e+09 7.861000000000000210e-01 2.796800000000000068e+02
1.487362540986674070e+09 7.861000000000000210e-01 2.796800000000000068e+02
1.487362541088044882e+09 7.863999999999999879e-01 2.796800000000000068e+02
1.487362541187773943e+09 7.863999999999999879e-01 2.796800000000000068e+02
1.487362541287328005e+09 7.865999999999999659e-01 2.796800000000000068e+02
1.487362541387310028e+09 7.862000000000000099e-01 2.796800000000000068e+02
1.487362541503695011e+09 7.862000000000000099e-01 2.796800000000000068e+02
1.487362541602838039e+09 7.871000000000000218e-01 2.796800000000000068e+02
1.487362541702730894e+09 7.874999999999999778e-01 2.796800000000000068e+02
1.487362541802952051e+09 7.868000000000000549e-01 2.796800000000000068e+02
1.487362541901909113e+09 7.864999999999999769e-01 2.796800000000000068e+02
1.487362542001708031e+09 7.865999999999999659e-01 2.796700000000000159e+02
1.487362542101032019e+09 7.862999999999999989e-01 2.796700000000000159e+02
1.487362542200797081e+09 7.863999999999999879e-01 2.796700000000000159e+02
1.487362542314863920e+09 7.868000000000000549e-01 2.796700000000000159e+02
1.487362542413975000e+09 7.866999999999999549e-01 2.796700000000000159e+02
1.487362542513787031e+09 7.853999999999999870e-01 2.796700000000000159e+02
1.487362542613866091e+09 7.866999999999999549e-01 2.796700000000000159e+02
1.487362542712757111e+09 7.870000000000000329e-01 2.796700000000000159e+02
1.487362542812613964e+09 7.862999999999999989e-01 2.796700000000000159e+02
1.487362542912750006e+09 7.868000000000000549e-01 2.796700000000000159e+02
1.487362543011682034e+09 7.868000000000000549e-01 2.796700000000000159e+02
1.487362543125787020e+09 7.870000000000000329e-01 2.796700000000000159e+02
1.487362543225898981e+09 7.866999999999999549e-01 2.796700000000000159e+02
1.487362543324378014e+09 7.855999999999999650e-01 2.796700000000000159e+02
1.487362543422080040e+09 7.864999999999999769e-01 2.796700000000000159e+02
1.487362543521853924e+09 7.870000000000000329e-01 2.796700000000000159e+02
1.487362543618632078e+09 7.862000000000000099e-01 2.796600000000000250e+02
1.487362543720501900e+09 7.869000000000000439e-01 2.796600000000000250e+02
1.487362543822731972e+09 7.865999999999999659e-01 2.796600000000000250e+02
1.487362543936485052e+09 7.872999999999999998e-01 2.796600000000000250e+02
1.487362544034081936e+09 7.858000000000000540e-01 2.796600000000000250e+02
1.487362544132009983e+09 7.859000000000000430e-01 2.796600000000000250e+02
1.487362544230542898e+09 7.872000000000000108e-01 2.796600000000000250e+02
1.487362544329791069e+09 7.868000000000000549e-01 2.796600000000000250e+02
1.487362544430032015e+09 7.866999999999999549e-01 2.796600000000000250e+02
1.487362544534356117e+09 7.865999999999999659e-01 2.796600000000000250e+02
1.487362544629566908e+09 7.862000000000000099e-01 2.796600000000000250e+02
1.487362544729290962e+09 7.864999999999999769e-01 2.796600000000000250e+02
1.487362544842557907e+09 7.870000000000000329e-01 2.796600000000000250e+02
1.487362544945455074e+09 7.863999999999999879e-01 2.796600000000000250e+02
1.487362545045233011e+09 7.859000000000000430e-01 2.796600000000000250e+02
1.487362545144975901e+09 7.866999999999999549e-01 2.796499999999999773e+02
1.487362545244740963e+09 7.856999999999999540e-01 2.796499999999999773e+02
1.487362545344671965e+09 7.862000000000000099e-01 2.796499999999999773e+02
1.487362545440423012e+09 7.858000000000000540e-01 2.796499999999999773e+02
1.487362545558541059e+09 7.864999999999999769e-01 2.796499999999999773e+02
1.487362545658485889e+09 7.862000000000000099e-01 2.796499999999999773e+02
1.487362545757528067e+09 7.860000000000000320e-01 2.796499999999999773e+02
1.487362545857520103e+09 7.864999999999999769e-01 2.796499999999999773e+02
1.487362545952445030e+09 7.866999999999999549e-01 2.796499999999999773e+02
1.487362546054815054e+09 7.864999999999999769e-01 2.796499999999999773e+02
1.487362546156476974e+09 7.854999999999999760e-01 2.796499999999999773e+02
1.487362546252204895e+09 7.871000000000000218e-01 2.796499999999999773e+02
1.487362546354763985e+09 7.868000000000000549e-01 2.796499999999999773e+02
1.487362546464579105e+09 7.862999999999999989e-01 2.796499999999999773e+02
1.487362546568485975e+09 7.868000000000000549e-01 2.796499999999999773e+02
1.487362546668363094e+09 7.864999999999999769e-01 2.796499999999999773e+02
1.487362546768471003e+09 7.863999999999999879e-01 2.796499999999999773e+02
1.487362546867530107e+09 7.858000000000000540e-01 2.796499999999999773e+02
1.487362546967236042e+09 7.862999999999999989e-01 2.796499999999999773e+02
1.487362547066323996e+09 7.865999999999999659e-01 2.796499999999999773e+02
1.487362547166063070e+09 7.861000000000000210e-01 2.796399999999999864e+02
1.487362547265343904e+09 7.870000000000000329e-01 2.796399999999999864e+02
1.487362547379275084e+09 7.872999999999999998e-01 2.796399999999999864e+02
1.487362547479368925e+09 7.861000000000000210e-01 2.796399999999999864e+02
1.487362547575037003e+09 7.861000000000000210e-01 2.796399999999999864e+02
1.487362547678122997e+09 7.862999999999999989e-01 2.796399999999999864e+02
1.487362547778119087e+09 7.859000000000000430e-01 2.796399999999999864e+02
1.487362547872132063e+09 7.856999999999999540e-01 2.796399999999999864e+02
1.487362547974502087e+09 7.874999999999999778e-01 2.796399999999999864e+02
1.487362548074229956e+09 7.863999999999999879e-01 2.796399999999999864e+02
1.487362548187767029e+09 7.865999999999999659e-01 2.796399999999999864e+02
1.487362548287519932e+09 7.862000000000000099e-01 2.796399999999999864e+02
1.487362548387288094e+09 7.865999999999999659e-01 2.796399999999999864e+02
1.487362548485404968e+09 7.869000000000000439e-01 2.796399999999999864e+02
1.487362548586757898e+09 7.860000000000000320e-01 2.796399999999999864e+02
1.487362548686517000e+09 7.866999999999999549e-01 2.796399999999999864e+02
1.487362548786286116e+09 7.866999999999999549e-01 2.796399999999999864e+02
1.487362548886044979e+09 7.862000000000000099e-01 2.796399999999999864e+02
1.487362549001173973e+09 7.862000000000000099e-01 2.796399999999999864e+02
1.487362549101212978e+09 7.869000000000000439e-01 2.796399999999999864e+02
1.487362549201414108e+09 7.862999999999999989e-01 2.796399999999999864e+02
1.487362549300154924e+09 7.865999999999999659e-01 2.796399999999999864e+02
1.487362549400243998e+09 7.866999999999999549e-01 2.796399999999999864e+02
1.487362549500201941e+09 7.861000000000000210e-01 2.796299999999999955e+02
1.487362549599119902e+09 7.865999999999999659e-01 2.796299999999999955e+02
1.487362549699203968e+09 7.865999999999999659e-01 2.796399999999999864e+02
1.487362549810561895e+09 7.859000000000000430e-01 2.796399999999999864e+02
1.487362549912062883e+09 7.862999999999999989e-01 2.796299999999999955e+02
1.487362550012249947e+09 7.866999999999999549e-01 2.796299999999999955e+02
1.487362550108676910e+09 7.863999999999999879e-01 2.796299999999999955e+02
1.487362550211074114e+09 7.862000000000000099e-01 2.796299999999999955e+02
1.487362550310939074e+09 7.858000000000000540e-01 2.796299999999999955e+02
1.487362550410130024e+09 7.869000000000000439e-01 2.796299999999999955e+02
1.487362550510169029e+09 7.865999999999999659e-01 2.796299999999999955e+02
1.487362550621229887e+09 7.872999999999999998e-01 2.796299999999999955e+02
1.487362550718947887e+09 7.871000000000000218e-01 2.796299999999999955e+02
1.487362550822972059e+09 7.864999999999999769e-01 2.796299999999999955e+02
1.487362550919696093e+09 7.858000000000000540e-01 2.796299999999999955e+02
1.487362551021955013e+09 7.865999999999999659e-01 2.796299999999999955e+02
1.487362551118520021e+09 7.865999999999999659e-01 2.796299999999999955e+02
1.487362551221035957e+09 7.862000000000000099e-01 2.796299999999999955e+02
1.487362551319516897e+09 7.866999999999999549e-01 2.796299999999999955e+02
1.487362551434942961e+09 7.869000000000000439e-01 2.796299999999999955e+02
1.487362551529756069e+09 7.860000000000000320e-01 2.796299999999999955e+02
1.487362551629426003e+09 7.865999999999999659e-01 2.796299999999999955e+02
1.487362551729284048e+09 7.872999999999999998e-01 2.796299999999999955e+02
1.487362551832061052e+09 7.861000000000000210e-01 2.796299999999999955e+02
1.487362551928809881e+09 7.869000000000000439e-01 2.796299999999999955e+02
1.487362552028575897e+09 7.862000000000000099e-01 2.796299999999999955e+02
1.487362552130506992e+09 7.866999999999999549e-01 2.796200000000000045e+02
1.487362552244729996e+09 7.862000000000000099e-01 2.796200000000000045e+02
1.487362552344495058e+09 7.864999999999999769e-01 2.796200000000000045e+02
1.487362552444210052e+09 7.864999999999999769e-01 2.796200000000000045e+02
1.487362552543905973e+09 7.863999999999999879e-01 2.796200000000000045e+02
1.487362552643765926e+09 7.866999999999999549e-01 2.796200000000000045e+02
1.487362552743494034e+09 7.862000000000000099e-01 2.796200000000000045e+02
1.487362552842797995e+09 7.871000000000000218e-01 2.796200000000000045e+02
1.487362552942837000e+09 7.864999999999999769e-01 2.796200000000000045e+02
1.487362553041815042e+09 7.860000000000000320e-01 2.796200000000000045e+02
1.487362553153058052e+09 7.865999999999999659e-01 2.796200000000000045e+02
1.487362553255830050e+09 7.863999999999999879e-01 2.796200000000000045e+02
1.487362553354811907e+09 7.853999999999999870e-01 2.796200000000000045e+02
1.487362553454843998e+09 7.863999999999999879e-01 2.796200000000000045e+02
1.487362553554848909e+09 7.865999999999999659e-01 2.796200000000000045e+02
1.487362553653970957e+09 7.869000000000000439e-01 2.796200000000000045e+02
1.487362553753737926e+09 7.871000000000000218e-01 2.796200000000000045e+02
1.487362553853920937e+09 7.869000000000000439e-01 2.796200000000000045e+02
1.487362553967283964e+09 7.868000000000000549e-01 2.796200000000000045e+02
1.487362554066754103e+09 7.871000000000000218e-01 2.796200000000000045e+02
1.487362554165585041e+09 7.865999999999999659e-01 2.796100000000000136e+02
1.487362554265727043e+09 7.862000000000000099e-01 2.796100000000000136e+02
1.487362554361294985e+09 7.871000000000000218e-01 2.796200000000000045e+02
1.487362554464700937e+09 7.870000000000000329e-01 2.796100000000000136e+02
1.487362554564687967e+09 7.866999999999999549e-01 2.796100000000000136e+02
1.487362554678785086e+09 7.872999999999999998e-01 2.796100000000000136e+02
1.487362554777487040e+09 7.869000000000000439e-01 2.796100000000000136e+02
1.487362554877895117e+09 7.865999999999999659e-01 2.796100000000000136e+02
1.487362554977574110e+09 7.872000000000000108e-01 2.796100000000000136e+02
1.487362555074800014e+09 7.872000000000000108e-01 2.796100000000000136e+02
1.487362555176614046e+09 7.858000000000000540e-01 2.796100000000000136e+02
1.487362555270869970e+09 7.872000000000000108e-01 2.796100000000000136e+02
1.487362555370575905e+09 7.868000000000000549e-01 2.796100000000000136e+02
1.487362555470432043e+09 7.871000000000000218e-01 2.796100000000000136e+02
1.487362555586738110e+09 7.868000000000000549e-01 2.796100000000000136e+02
1.487362555686495066e+09 7.868000000000000549e-01 2.796100000000000136e+02
1.487362555786257982e+09 7.868000000000000549e-01 2.796100000000000136e+02
1.487362555885333061e+09 7.866999999999999549e-01 2.796100000000000136e+02
1.487362555985831022e+09 7.870000000000000329e-01 2.796100000000000136e+02
1.487362556085581064e+09 7.860000000000000320e-01 2.796100000000000136e+02
1.487362556181297064e+09 7.864999999999999769e-01 2.796100000000000136e+02
1.487362556285073996e+09 7.863999999999999879e-01 2.796100000000000136e+02
1.487362556394582033e+09 7.862999999999999989e-01 2.796100000000000136e+02
1.487362556499639034e+09 7.870000000000000329e-01 2.796100000000000136e+02
1.487362556599528074e+09 7.869000000000000439e-01 2.796100000000000136e+02
1.487362556698714972e+09 7.869000000000000439e-01 2.796100000000000136e+02
1.487362556798547029e+09 7.865999999999999659e-01 2.796000000000000227e+02
1.487362556897573948e+09 7.865999999999999659e-01 2.796000000000000227e+02
1.487362556997642040e+09 7.862000000000000099e-01 2.796000000000000227e+02
1.487362557096827984e+09 7.863999999999999879e-01 2.796000000000000227e+02
1.487362557211364031e+09 7.865999999999999659e-01 2.796000000000000227e+02
1.487362557310617924e+09 7.863999999999999879e-01 2.796000000000000227e+02
1.487362557406039953e+09 7.864999999999999769e-01 2.796000000000000227e+02
1.487362557509438992e+09 7.864999999999999769e-01 2.796000000000000227e+02
1.487362557609004021e+09 7.862000000000000099e-01 2.796000000000000227e+02
1.487362557708391905e+09 7.869000000000000439e-01 2.796000000000000227e+02
1.487362557808438063e+09 7.858000000000000540e-01 2.796000000000000227e+02
1.487362557908468008e+09 7.864999999999999769e-01 2.796000000000000227e+02
1.487362558022589922e+09 7.861000000000000210e-01 2.796000000000000227e+02
1.487362558119268894e+09 7.866999999999999549e-01 2.796000000000000227e+02
1.487362558221410036e+09 7.859000000000000430e-01 2.796000000000000227e+02
1.487362558320317030e+09 7.869000000000000439e-01 2.796000000000000227e+02
1.487362558417550087e+09 7.870000000000000329e-01 2.796000000000000227e+02
1.487362558519373894e+09 7.864999999999999769e-01 2.796000000000000227e+02
1.487362558615191936e+09 7.861000000000000210e-01 2.796000000000000227e+02
1.487362558719382048e+09 7.868000000000000549e-01 2.796000000000000227e+02
1.487362558818283081e+09 7.874999999999999778e-01 2.796000000000000227e+02
1.487362558928632975e+09 7.871000000000000218e-01 2.796000000000000227e+02
1.487362559028505087e+09 7.864999999999999769e-01 2.796000000000000227e+02
1.487362559128314018e+09 7.864999999999999769e-01 2.796000000000000227e+02
1.487362559228039026e+09 7.864999999999999769e-01 2.796000000000000227e+02
1.487362559325562000e+09 7.861000000000000210e-01 2.795899999999999750e+02
1.487362559425195932e+09 7.872999999999999998e-01 2.795899999999999750e+02
1.487362559527333021e+09 7.860000000000000320e-01 2.796000000000000227e+02
1.487362559643389940e+09 7.863999999999999879e-01 2.795899999999999750e+02
1.487362559743247032e+09 7.863999999999999879e-01 2.795899999999999750e+02
1.487362559843260050e+09 7.863999999999999879e-01 2.795899999999999750e+02
1.487362559942266941e+09 7.865999999999999659e-01 2.795899999999999750e+02
1.487362560042267084e+09 7.860000000000000320e-01 2.795899999999999750e+02
1.487362560142333984e+09 7.864999999999999769e-01 2.795899999999999750e+02
1.487362560238260031e+09 7.859000000000000430e-01 2.795899999999999750e+02
1.487362560341209888e+09 7.864999999999999769e-01 2.795899999999999750e+02
1.487362560439805984e+09 7.871000000000000218e-01 2.795899999999999750e+02
1.487362560554004908e+09 7.863999999999999879e-01 2.795899999999999750e+02
1.487362560650490999e+09 7.862999999999999989e-01 2.795899999999999750e+02
1.487362560754086971e+09 7.864999999999999769e-01 2.795899999999999750e+02
1.487362560853100061e+09 7.861000000000000210e-01 2.795899999999999750e+02
1.487362560953138113e+09 7.869000000000000439e-01 2.795899999999999750e+02
1.487362561052186966e+09 7.858000000000000540e-01 2.795899999999999750e+02
1.487362561150243044e+09 7.870000000000000329e-01 2.795899999999999750e+02
1.487362561251121044e+09 7.862000000000000099e-01 2.795899999999999750e+02
1.487362561351022959e+09 7.868000000000000549e-01 2.795899999999999750e+02
1.487362561465012074e+09 7.873999999999999888e-01 2.795899999999999750e+02
1.487362561564953089e+09 7.872999999999999998e-01 2.795899999999999750e+02
1.487362561664051056e+09 7.870000000000000329e-01 2.795899999999999750e+02
1.487362561764045954e+09 7.864999999999999769e-01 2.795899999999999750e+02
1.487362561863255978e+09 7.863999999999999879e-01 2.795899999999999750e+02
1.487362561963043928e+09 7.862999999999999989e-01 2.795899999999999750e+02
1.487362562061997890e+09 7.876999999999999558e-01 2.795799999999999841e+02
1.487362562160459995e+09 7.864999999999999769e-01 2.795799999999999841e+02
1.487362562276051998e+09 7.865999999999999659e-01 2.795799999999999841e+02
1.487362562370471001e+09 7.862999999999999989e-01 2.795799999999999841e+02
1.487362562470489025e+09 7.870000000000000329e-01 2.795799999999999841e+02
1.487362562574740887e+09 7.869000000000000439e-01 2.795799999999999841e+02
1.487362562669815063e+09 7.862000000000000099e-01 2.795799999999999841e+02
1.487362562769587994e+09 7.859000000000000430e-01 2.795799999999999841e+02
1.487362562869343042e+09 7.862999999999999989e-01 2.795799999999999841e+02
1.487362562969103098e+09 7.865999999999999659e-01 2.795799999999999841e+02
1.487362563081965923e+09 7.870000000000000329e-01 2.795799999999999841e+02
1.487362563185277939e+09 7.862999999999999989e-01 2.795799999999999841e+02
1.487362563285038948e+09 7.862999999999999989e-01 2.795799999999999841e+02
1.487362563384797096e+09 7.856999999999999540e-01 2.795799999999999841e+02
1.487362563484550953e+09 7.865999999999999659e-01 2.795799999999999841e+02
1.487362563584316969e+09 7.866999999999999549e-01 2.795799999999999841e+02
1.487362563684042931e+09 7.862999999999999989e-01 2.795799999999999841e+02
1.487362563783852100e+09 7.864999999999999769e-01 2.795799999999999841e+02
1.487362563897841930e+09 7.866999999999999549e-01 2.795799999999999841e+02
1.487362563996891022e+09 7.872999999999999998e-01 2.795799999999999841e+02
1.487362564096791029e+09 7.863999999999999879e-01 2.795799999999999841e+02
1.487362564196705103e+09 7.872000000000000108e-01 2.795799999999999841e+02
1.487362564295775890e+09 7.863999999999999879e-01 2.795799999999999841e+02
1.487362564394264936e+09 7.863999999999999879e-01 2.795799999999999841e+02
1.487362564495860100e+09 7.862999999999999989e-01 2.795699999999999932e+02
1.487362564594774008e+09 7.864999999999999769e-01 2.795699999999999932e+02
1.487362564708936930e+09 7.859000000000000430e-01 2.795699999999999932e+02
1.487362564807624102e+09 7.864999999999999769e-01 2.795699999999999932e+02
1.487362564907749891e+09 7.859000000000000430e-01 2.795699999999999932e+02
1.487362565007814884e+09 7.866999999999999549e-01 2.795699999999999932e+02
1.487362565106760025e+09 7.861000000000000210e-01 2.795699999999999932e+02
1.487362565205856085e+09 7.868000000000000549e-01 2.795699999999999932e+02
1.487362565305712938e+09 7.864999999999999769e-01 2.795699999999999932e+02
1.487362565405766964e+09 7.870000000000000329e-01 2.795699999999999932e+02
1.487362565519716978e+09 7.865999999999999659e-01 2.795699999999999932e+02
1.487362565614860058e+09 7.861000000000000210e-01 2.795699999999999932e+02
1.487362565715836048e+09 7.866999999999999549e-01 2.795699999999999932e+02
1.487362565818701029e+09 7.869000000000000439e-01 2.795699999999999932e+02
1.487362565916932106e+09 7.858000000000000540e-01 2.795699999999999932e+02
1.487362566017601967e+09 7.863999999999999879e-01 2.795699999999999932e+02
1.487362566113833904e+09 7.862999999999999989e-01 2.795699999999999932e+02
1.487362566214528084e+09 7.865999999999999659e-01 2.795699999999999932e+02
1.487362566327812910e+09 7.865999999999999659e-01 2.795699999999999932e+02
1.487362566427587986e+09 7.864999999999999769e-01 2.795699999999999932e+02
1.487362566527271986e+09 7.864999999999999769e-01 2.795699999999999932e+02
1.487362566627017975e+09 7.868000000000000549e-01 2.795699999999999932e+02
1.487362566726800919e+09 7.869000000000000439e-01 2.795699999999999932e+02
1.487362566826577902e+09 7.856999999999999540e-01 2.795699999999999932e+02
1.487362566926328897e+09 7.864999999999999769e-01 2.795699999999999932e+02
1.487362567026088953e+09 7.858000000000000540e-01 2.795699999999999932e+02
1.487362567125859976e+09 7.871000000000000218e-01 2.795600000000000023e+02
1.487362567241539955e+09 7.870000000000000329e-01 2.795699999999999932e+02
1.487362567340559959e+09 7.862000000000000099e-01 2.795600000000000023e+02
1.487362567440701962e+09 7.864999999999999769e-01 2.795600000000000023e+02
1.487362567539602995e+09 7.862999999999999989e-01 2.795600000000000023e+02
1.487362567639535904e+09 7.863999999999999879e-01 2.795600000000000023e+02
1.487362567739424944e+09 7.864999999999999769e-01 2.795600000000000023e+02
1.487362567838608027e+09 7.862000000000000099e-01 2.795600000000000023e+02
1.487362567938523054e+09 7.866999999999999549e-01 2.795600000000000023e+02
1.487362568052454948e+09 7.868000000000000549e-01 2.795600000000000023e+02
1.487362568148483038e+09 7.865999999999999659e-01 2.795600000000000023e+02
1.487362568251761913e+09 7.868000000000000549e-01 2.795600000000000023e+02
1.487362568350420952e+09 7.862999999999999989e-01 2.795600000000000023e+02
1.487362568449897051e+09 7.868000000000000549e-01 2.795600000000000023e+02
1.487362568550365925e+09 7.862999999999999989e-01 2.795600000000000023e+02
1.487362568644309998e+09 7.864999999999999769e-01 2.795600000000000023e+02
1.487362568763467073e+09 7.864999999999999769e-01 2.795600000000000023e+02
1.487362568863344908e+09 7.855999999999999650e-01 2.795600000000000023e+02
1.487362568962133884e+09 7.861000000000000210e-01 2.795500000000000114e+02
1.487362569057692051e+09 7.860000000000000320e-01 2.795500000000000114e+02
1.487362569161335945e+09 7.872999999999999998e-01 2.795500000000000114e+02
1.487362569261452913e+09 7.862999999999999989e-01 2.795500000000000114e+02
1.487362569361406088e+09 7.865999999999999659e-01 2.795500000000000114e+02
1.487362569460365057e+09 7.870000000000000329e-01 2.795500000000000114e+02
1.487362569560445070e+09 7.873999999999999888e-01 2.795500000000000114e+02
1.487362569669814110e+09 7.870000000000000329e-01 2.795500000000000114e+02
1.487362569769227982e+09 7.863999999999999879e-01 2.795500000000000114e+02
1.487362569868316889e+09 7.862999999999999989e-01 2.795500000000000114e+02
1.487362569967559099e+09 7.863999999999999879e-01 2.795500000000000114e+02
1.487362570069022894e+09 7.862999999999999989e-01 2.795500000000000114e+02
1.487362570168626070e+09 7.865999999999999659e-01 2.795500000000000114e+02
1.487362570265810013e+09 7.870000000000000329e-01 2.795500000000000114e+02
1.487362570367731094e+09 7.862999999999999989e-01 2.795500000000000114e+02
1.487362570483428955e+09 7.866999999999999549e-01 2.795500000000000114e+02
1.487362570578967094e+09 7.877999999999999448e-01 2.795500000000000114e+02
1.487362570680737972e+09 7.866999999999999549e-01 2.795500000000000114e+02
1.487362570783153057e+09 7.866999999999999549e-01 2.795500000000000114e+02
1.487362570878158092e+09 7.861000000000000210e-01 2.795500000000000114e+02
1.487362570983172894e+09 7.864999999999999769e-01 2.795500000000000114e+02
1.487362571079866886e+09 7.861000000000000210e-01 2.795500000000000114e+02
1.487362571182173014e+09 7.866999999999999549e-01 2.795500000000000114e+02
1.487362571296199083e+09 7.864999999999999769e-01 2.795500000000000114e+02
1.487362571392923117e+09 7.869000000000000439e-01 2.795500000000000114e+02
1.487362571492292881e+09 7.856999999999999540e-01 2.795400000000000205e+02
1.487362571588964939e+09 7.866999999999999549e-01 2.795400000000000205e+02
1.487362571688918114e+09 7.858000000000000540e-01 2.795500000000000114e+02
1.487362571789186954e+09 7.856999999999999540e-01 2.795400000000000205e+02
1.487362571892853022e+09 7.869000000000000439e-01 2.795400000000000205e+02
1.487362571987931967e+09 7.865999999999999659e-01 2.795400000000000205e+02
1.487362572105546951e+09 7.855999999999999650e-01 2.795400000000000205e+02
1.487362572205851078e+09 7.862999999999999989e-01 2.795400000000000205e+02
1.487362572306113958e+09 7.868000000000000549e-01 2.795400000000000205e+02
1.487362572406200886e+09 7.863999999999999879e-01 2.795400000000000205e+02
1.487362572505337954e+09 7.870000000000000329e-01 2.795400000000000205e+02
1.487362572605178118e+09 7.859000000000000430e-01 2.795400000000000205e+02
1.487362572704061985e+09 7.862000000000000099e-01 2.795400000000000205e+02
1.487362572801232100e+09 7.864999999999999769e-01 2.795400000000000205e+02
1.487362572904326916e+09 7.869000000000000439e-01 2.795400000000000205e+02
1.487362573018085957e+09 7.866999999999999549e-01 2.795400000000000205e+02
1.487362573113884926e+09 7.862999999999999989e-01 2.795400000000000205e+02
1.487362573215504885e+09 7.864999999999999769e-01 2.795400000000000205e+02
1.487362573316088915e+09 7.871000000000000218e-01 2.795400000000000205e+02
1.487362573415661097e+09 7.863999999999999879e-01 2.795299999999999727e+02
1.487362573510983944e+09 7.870000000000000329e-01 2.795299999999999727e+02
1.487362573610234022e+09 7.869000000000000439e-01 2.795400000000000205e+02
1.487362573727137089e+09 7.860000000000000320e-01 2.795400000000000205e+02
1.487362573826574087e+09 7.873999999999999888e-01 2.795299999999999727e+02
1.487362573926317930e+09 7.864999999999999769e-01 2.795299999999999727e+02
1.487362574026086092e+09 7.862999999999999989e-01 2.795299999999999727e+02
1.487362574125684977e+09 7.864999999999999769e-01 2.795299999999999727e+02
1.487362574225589991e+09 7.868000000000000549e-01 2.795299999999999727e+02
1.487362574325380087e+09 7.864999999999999769e-01 2.795299999999999727e+02
1.487362574421945095e+09 7.872000000000000108e-01 2.795299999999999727e+02
1.487362574521773100e+09 7.860000000000000320e-01 2.795299999999999727e+02
1.487362574637510061e+09 7.869000000000000439e-01 2.795299999999999727e+02
1.487362574738827944e+09 7.866999999999999549e-01 2.795299999999999727e+02
1.487362574839020014e+09 7.864999999999999769e-01 2.795299999999999727e+02
1.487362574937863111e+09 7.864999999999999769e-01 2.795299999999999727e+02
1.487362575034305096e+09 7.862000000000000099e-01 2.795299999999999727e+02
1.487362575132646084e+09 7.870000000000000329e-01 2.795299999999999727e+02
1.487362575236913919e+09 7.864999999999999769e-01 2.795299999999999727e+02
1.487362575336955070e+09 7.853999999999999870e-01 2.795299999999999727e+02
1.487362575432842970e+09 7.862999999999999989e-01 2.795299999999999727e+02
1.487362575546365023e+09 7.863999999999999879e-01 2.795299999999999727e+02
1.487362575648742914e+09 7.861000000000000210e-01 2.795299999999999727e+02
1.487362575746249914e+09 7.868000000000000549e-01 2.795299999999999727e+02
1.487362575844849110e+09 7.864999999999999769e-01 2.795299999999999727e+02
1.487362575948689938e+09 7.863999999999999879e-01 2.795199999999999818e+02
1.487362576047804117e+09 7.865999999999999659e-01 2.795199999999999818e+02
1.487362576147772074e+09 7.863999999999999879e-01 2.795299999999999727e+02
1.487362576246947050e+09 7.869000000000000439e-01 2.795199999999999818e+02
1.487362576360701084e+09 7.866999999999999549e-01 2.795199999999999818e+02
1.487362576460727930e+09 7.861000000000000210e-01 2.795199999999999818e+02
1.487362576559685946e+09 7.872000000000000108e-01 2.795199999999999818e+02
1.487362576659702063e+09 7.862999999999999989e-01 2.795199999999999818e+02
1.487362576759731054e+09 7.861000000000000210e-01 2.795199999999999818e+02
1.487362576858664036e+09 7.862999999999999989e-01 2.795199999999999818e+02
1.487362576958647013e+09 7.875999999999999668e-01 2.795199999999999818e+02
1.487362577057780981e+09 7.862000000000000099e-01 2.795199999999999818e+02
1.487362577168576956e+09 7.851000000000000201e-01 2.795199999999999818e+02
1.487362577271356106e+09 7.876999999999999558e-01 2.795199999999999818e+02
1.487362577368081093e+09 7.864999999999999769e-01 2.795199999999999818e+02
1.487362577467839003e+09 7.873999999999999888e-01 2.795199999999999818e+02
1.487362577567610025e+09 7.862000000000000099e-01 2.795199999999999818e+02
1.487362577667545080e+09 7.862999999999999989e-01 2.795199999999999818e+02
1.487362577767142057e+09 7.862000000000000099e-01 2.795199999999999818e+02
1.487362577866909981e+09 7.863999999999999879e-01 2.795199999999999818e+02
1.487362577979648113e+09 7.862999999999999989e-01 2.795199999999999818e+02
1.487362578080744982e+09 7.862000000000000099e-01 2.795199999999999818e+02
1.487362578181577921e+09 7.862000000000000099e-01 2.795199999999999818e+02
1.487362578278126955e+09 7.864999999999999769e-01 2.795199999999999818e+02
1.487362578378175974e+09 7.862999999999999989e-01 2.795199999999999818e+02
1.487362578480551004e+09 7.864999999999999769e-01 2.795199999999999818e+02
1.487362578580063105e+09 7.863999999999999879e-01 2.795199999999999818e+02
1.487362578680598021e+09 7.872999999999999998e-01 2.795199999999999818e+02
1.487362578793668985e+09 7.862000000000000099e-01 2.795199999999999818e+02
1.487362578893451929e+09 7.862999999999999989e-01 2.795199999999999818e+02
1.487362578993660927e+09 7.868000000000000549e-01 2.795099999999999909e+02
1.487362579087852001e+09 7.874999999999999778e-01 2.795099999999999909e+02
1.487362579188924074e+09 7.865999999999999659e-01 2.795099999999999909e+02
1.487362579290062904e+09 7.872999999999999998e-01 2.795099999999999909e+02
1.487362579391159058e+09 7.866999999999999549e-01 2.795099999999999909e+02
1.487362579491673946e+09 7.872000000000000108e-01 2.795099999999999909e+02
1.487362579604520082e+09 7.862000000000000099e-01 2.795099999999999909e+02
1.487362579700642109e+09 7.868000000000000549e-01 2.795099999999999909e+02
1.487362579804502964e+09 7.856999999999999540e-01 2.795099999999999909e+02
1.487362579900768042e+09 7.865999999999999659e-01 2.795099999999999909e+02
1.487362580003592968e+09 7.860000000000000320e-01 2.795099999999999909e+02
1.487362580097556114e+09 7.866999999999999549e-01 2.795099999999999909e+02
1.487362580198683023e+09 7.861000000000000210e-01 2.795099999999999909e+02
1.487362580299787045e+09 7.862000000000000099e-01 2.795099999999999909e+02
1.487362580410846949e+09 7.865999999999999659e-01 2.795099999999999909e+02
1.487362580510710001e+09 7.862999999999999989e-01 2.795099999999999909e+02
1.487362580612957001e+09 7.866999999999999549e-01 2.795099999999999909e+02
1.487362580710078001e+09 7.866999999999999549e-01 2.795099999999999909e+02
1.487362580809922934e+09 7.869000000000000439e-01 2.795099999999999909e+02
1.487362580909591913e+09 7.862999999999999989e-01 2.795099999999999909e+02
1.487362581009360075e+09 7.868000000000000549e-01 2.795099999999999909e+02
1.487362581108277082e+09 7.865999999999999659e-01 2.795099999999999909e+02
1.487362581208960056e+09 7.872999999999999998e-01 2.795000000000000000e+02
1.487362581324865103e+09 7.865999999999999659e-01 2.795000000000000000e+02
1.487362581420757055e+09 7.864999999999999769e-01 2.795000000000000000e+02
1.487362581522212982e+09 7.868000000000000549e-01 2.795000000000000000e+02
1.487362581624613047e+09 7.866999999999999549e-01 2.795000000000000000e+02
1.487362581724303007e+09 7.864999999999999769e-01 2.795000000000000000e+02
1.487362581824126959e+09 7.870000000000000329e-01 2.795000000000000000e+02
1.487362581923928976e+09 7.862999999999999989e-01 2.795000000000000000e+02
1.487362582023308039e+09 7.870000000000000329e-01 2.795000000000000000e+02
1.487362582132486105e+09 7.865999999999999659e-01 2.795000000000000000e+02
1.487362582237304926e+09 7.864999999999999769e-01 2.795000000000000000e+02
1.487362582333225012e+09 7.863999999999999879e-01 2.795000000000000000e+02
1.487362582432673931e+09 7.860000000000000320e-01 2.795000000000000000e+02
1.487362582535171032e+09 7.865999999999999659e-01 2.795000000000000000e+02
1.487362582635209084e+09 7.866999999999999549e-01 2.795000000000000000e+02
1.487362582735305071e+09 7.866999999999999549e-01 2.795000000000000000e+02
1.487362582834342003e+09 7.869000000000000439e-01 2.795000000000000000e+02
1.487362582934040070e+09 7.859000000000000430e-01 2.795000000000000000e+02
1.487362583034146070e+09 7.868000000000000549e-01 2.795000000000000000e+02
1.487362583147133112e+09 7.873999999999999888e-01 2.795000000000000000e+02
1.487362583247080088e+09 7.862000000000000099e-01 2.795000000000000000e+02
1.487362583346121073e+09 7.860000000000000320e-01 2.795000000000000000e+02
1.487362583446027040e+09 7.860000000000000320e-01 2.795000000000000000e+02
1.487362583546118975e+09 7.863999999999999879e-01 2.795000000000000000e+02
1.487362583645250082e+09 7.863999999999999879e-01 2.795000000000000000e+02
1.487362583745182037e+09 7.863999999999999879e-01 2.795000000000000000e+02
1.487362583841173887e+09 7.862000000000000099e-01 2.794900000000000091e+02
1.487362583943228006e+09 7.870000000000000329e-01 2.794900000000000091e+02
1.487362584058053017e+09 7.874999999999999778e-01 2.794900000000000091e+02
1.487362584158181906e+09 7.868000000000000549e-01 2.794900000000000091e+02
1.487362584257246017e+09 7.866999999999999549e-01 2.794900000000000091e+02
1.487362584352821112e+09 7.854999999999999760e-01 2.794900000000000091e+02
1.487362584451153994e+09 7.865999999999999659e-01 2.794900000000000091e+02
1.487362584556018114e+09 7.865999999999999659e-01 2.794900000000000091e+02
1.487362584656094074e+09 7.865999999999999659e-01 2.794900000000000091e+02
1.487362584750439882e+09 7.868000000000000549e-01 2.794900000000000091e+02
1.487362584864196062e+09 7.871000000000000218e-01 2.794900000000000091e+02
1.487362584966651917e+09 7.862999999999999989e-01 2.794900000000000091e+02
1.487362585066365004e+09 7.863999999999999879e-01 2.794900000000000091e+02
1.487362585166141033e+09 7.854999999999999760e-01 2.794900000000000091e+02
1.487362585262192965e+09 7.870000000000000329e-01 2.794900000000000091e+02
1.487362585365667105e+09 7.865999999999999659e-01 2.794900000000000091e+02
1.487362585465420961e+09 7.862999999999999989e-01 2.794900000000000091e+02
1.487362585565198898e+09 7.865999999999999659e-01 2.794900000000000091e+02
1.487362585679910898e+09 7.865999999999999659e-01 2.794900000000000091e+02
1.487362585779889107e+09 7.865999999999999659e-01 2.794900000000000091e+02
1.487362585878952980e+09 7.862999999999999989e-01 2.794800000000000182e+02
1.487362585978874922e+09 7.865999999999999659e-01 2.794900000000000091e+02
1.487362586078943968e+09 7.872999999999999998e-01 2.794900000000000091e+02
1.487362586175180912e+09 7.863999999999999879e-01 2.794800000000000182e+02
1.487362586277932882e+09 7.870000000000000329e-01 2.794800000000000182e+02
1.487362586376988888e+09 7.860000000000000320e-01 2.794800000000000182e+02
1.487362586490972042e+09 7.862999999999999989e-01 2.794800000000000182e+02
1.487362586589481115e+09 7.862000000000000099e-01 2.794800000000000182e+02
1.487362586689997911e+09 7.862000000000000099e-01 2.794800000000000182e+02
1.487362586789866924e+09 7.869000000000000439e-01 2.794800000000000182e+02
1.487362586888854027e+09 7.862000000000000099e-01 2.794800000000000182e+02
1.487362586988823891e+09 7.865999999999999659e-01 2.794800000000000182e+02
1.487362587088855028e+09 7.862999999999999989e-01 2.794800000000000182e+02
1.487362587187305927e+09 7.866999999999999549e-01 2.794800000000000182e+02
1.487362587287779093e+09 7.864999999999999769e-01 2.794800000000000182e+02
1.487362587401827097e+09 7.866999999999999549e-01 2.794800000000000182e+02
1.487362587500807047e+09 7.864999999999999769e-01 2.794800000000000182e+02
1.487362587600678921e+09 7.864999999999999769e-01 2.794800000000000182e+02
1.487362587700790882e+09 7.863999999999999879e-01 2.794800000000000182e+02
1.487362587799752951e+09 7.864999999999999769e-01 2.794800000000000182e+02
1.487362587899921894e+09 7.863999999999999879e-01 2.794800000000000182e+02
1.487362587996881008e+09 7.873999999999999888e-01 2.794800000000000182e+02
1.487362588095711946e+09 7.864999999999999769e-01 2.794800000000000182e+02
1.487362588196953058e+09 7.864999999999999769e-01 2.794800000000000182e+02
1.487362588306713104e+09 7.868000000000000549e-01 2.794800000000000182e+02
1.487362588408315897e+09 7.863999999999999879e-01 2.794700000000000273e+02
1.487362588507838964e+09 7.854999999999999760e-01 2.794700000000000273e+02
1.487362588607371092e+09 7.870000000000000329e-01 2.794700000000000273e+02
1.487362588707673073e+09 7.870000000000000329e-01 2.794700000000000273e+02
1.487362588804805040e+09 7.862000000000000099e-01 2.794700000000000273e+02
1.487362588907228947e+09 7.854999999999999760e-01 2.794700000000000273e+02
1.487362589006540060e+09 7.865999999999999659e-01 2.794700000000000273e+02
1.487362589122497082e+09 7.861000000000000210e-01 2.794700000000000273e+02
1.487362589222548008e+09 7.866999999999999549e-01 2.794700000000000273e+02
1.487362589322662115e+09 7.861000000000000210e-01 2.794700000000000273e+02
1.487362589421552896e+09 7.859000000000000430e-01 2.794700000000000273e+02
1.487362589521825075e+09 7.863999999999999879e-01 2.794700000000000273e+02
1.487362589620625019e+09 7.860000000000000320e-01 2.794700000000000273e+02
1.487362589720789909e+09 7.859000000000000430e-01 2.794700000000000273e+02
1.487362589820553064e+09 7.864999999999999769e-01 2.794700000000000273e+02
1.487362589919590950e+09 7.862000000000000099e-01 2.794700000000000273e+02
1.487362590033587933e+09 7.872999999999999998e-01 2.794700000000000273e+02
1.487362590131179094e+09 7.862999999999999989e-01 2.794700000000000273e+02
1.487362590232630968e+09 7.866999999999999549e-01 2.794700000000000273e+02
1.487362590332581997e+09 7.870000000000000329e-01 2.794599999999999795e+02
1.487362590432679892e+09 7.862999999999999989e-01 2.794700000000000273e+02
1.487362590531459093e+09 7.862999999999999989e-01 2.794700000000000273e+02
1.487362590631457090e+09 7.869000000000000439e-01 2.794599999999999795e+02
1.487362590730411053e+09 7.861000000000000210e-01 2.794599999999999795e+02
1.487362590830473900e+09 7.864999999999999769e-01 2.794599999999999795e+02
1.487362590944473982e+09 7.864999999999999769e-01 2.794599999999999795e+02
1.487362591043505907e+09 7.869000000000000439e-01 2.794599999999999795e+02
1.487362591140453100e+09 7.874999999999999778e-01 2.794599999999999795e+02
1.487362591242130995e+09 7.858000000000000540e-01 2.794599999999999795e+02
1.487362591342478991e+09 7.872999999999999998e-01 2.794599999999999795e+02
1.487362591441740990e+09 7.863999999999999879e-01 2.794599999999999795e+02
1.487362591541707993e+09 7.869000000000000439e-01 2.794599999999999795e+02
1.487362591641371965e+09 7.866999999999999549e-01 2.794599999999999795e+02
1.487362591755628109e+09 7.864999999999999769e-01 2.794599999999999795e+02
1.487362591850287914e+09 7.870000000000000329e-01 2.794599999999999795e+02
1.487362591949959993e+09 7.872000000000000108e-01 2.794599999999999795e+02
1.487362592049885988e+09 7.862000000000000099e-01 2.794599999999999795e+02
1.487362592149375916e+09 7.863999999999999879e-01 2.794599999999999795e+02
1.487362592249305964e+09 7.863999999999999879e-01 2.794599999999999795e+02
1.487362592348916054e+09 7.862000000000000099e-01 2.794599999999999795e+02
1.487362592448802948e+09 7.862000000000000099e-01 2.794599999999999795e+02
1.487362592565118074e+09 7.861000000000000210e-01 2.794499999999999886e+02
1.487362592664925098e+09 7.863999999999999879e-01 2.794499999999999886e+02
1.487362592764684916e+09 7.859000000000000430e-01 2.794499999999999886e+02
1.487362592860672951e+09 7.858000000000000540e-01 2.794499999999999886e+02
1.487362592964201927e+09 7.866999999999999549e-01 2.794499999999999886e+02
1.487362593063965082e+09 7.869000000000000439e-01 2.794499999999999886e+02
1.487362593159344912e+09 7.873999999999999888e-01 2.794499999999999886e+02
1.487362593261713982e+09 7.873999999999999888e-01 2.794499999999999886e+02
1.487362593362308979e+09 7.871000000000000218e-01 2.794499999999999886e+02
1.487362593476250887e+09 7.864999999999999769e-01 2.794499999999999886e+02
1.487362593573697090e+09 7.865999999999999659e-01 2.794499999999999886e+02
1.487362593674985886e+09 7.859000000000000430e-01 2.794499999999999886e+02
1.487362593773618937e+09 7.859000000000000430e-01 2.794499999999999886e+02
1.487362593875168085e+09 7.864999999999999769e-01 2.794499999999999886e+02
1.487362593973504066e+09 7.863999999999999879e-01 2.794499999999999886e+02
1.487362594073688984e+09 7.866999999999999549e-01 2.794499999999999886e+02
1.487362594173080921e+09 7.862999999999999989e-01 2.794499999999999886e+02
1.487362594285727978e+09 7.865999999999999659e-01 2.794499999999999886e+02
1.487362594387212038e+09 7.859000000000000430e-01 2.794499999999999886e+02
1.487362594486284018e+09 7.870000000000000329e-01 2.794399999999999977e+02
1.487362594586034060e+09 7.872999999999999998e-01 2.794399999999999977e+02
1.487362594686116934e+09 7.869000000000000439e-01 2.794399999999999977e+02
1.487362594785114050e+09 7.865999999999999659e-01 2.794399999999999977e+02
1.487362594885077000e+09 7.854999999999999760e-01 2.794399999999999977e+02
1.487362594985063076e+09 7.864999999999999769e-01 2.794399999999999977e+02
1.487362595098231077e+09 7.854999999999999760e-01 2.794399999999999977e+02
1.487362595197922945e+09 7.871000000000000218e-01 2.794399999999999977e+02
1.487362595297094107e+09 7.864999999999999769e-01 2.794399999999999977e+02
1.487362595397248983e+09 7.859000000000000430e-01 2.794399999999999977e+02
1.487362595497144938e+09 7.865999999999999659e-01 2.794399999999999977e+02
1.487362595591263056e+09 7.860000000000000320e-01 2.794399999999999977e+02
1.487362595691023111e+09 7.863999999999999879e-01 2.794399999999999977e+02
1.487362595795986891e+09 7.865999999999999659e-01 2.794399999999999977e+02
1.487362595907179117e+09 7.869000000000000439e-01 2.794399999999999977e+02
1.487362596006953955e+09 7.872000000000000108e-01 2.794399999999999977e+02
1.487362596107964993e+09 7.862000000000000099e-01 2.794399999999999977e+02
1.487362596206475019e+09 7.868000000000000549e-01 2.794399999999999977e+02
1.487362596306236029e+09 7.864999999999999769e-01 2.794399999999999977e+02
1.487362596406014919e+09 7.862000000000000099e-01 2.794399999999999977e+02
1.487362596505712032e+09 7.864999999999999769e-01 2.794399999999999977e+02
1.487362596605478048e+09 7.861000000000000210e-01 2.794300000000000068e+02
1.487362596719590902e+09 7.869000000000000439e-01 2.794300000000000068e+02
1.487362596820004940e+09 7.866999999999999549e-01 2.794300000000000068e+02
1.487362596920061111e+09 7.861000000000000210e-01 2.794300000000000068e+02
1.487362597018963099e+09 7.862999999999999989e-01 2.794300000000000068e+02
1.487362597118805885e+09 7.869000000000000439e-01 2.794300000000000068e+02
1.487362597218049049e+09 7.860000000000000320e-01 2.794300000000000068e+02
1.487362597317970991e+09 7.862999999999999989e-01 2.794300000000000068e+02
1.487362597417870998e+09 7.860000000000000320e-01 2.794300000000000068e+02
1.487362597531863928e+09 7.860000000000000320e-01 2.794300000000000068e+02
1.487362597630851984e+09 7.865999999999999659e-01 2.794300000000000068e+02
1.487362597731053114e+09 7.865999999999999659e-01 2.794300000000000068e+02
1.487362597830003977e+09 7.862000000000000099e-01 2.794300000000000068e+02
1.487362597929996014e+09 7.860000000000000320e-01 2.794300000000000068e+02
1.487362598028857946e+09 7.862000000000000099e-01 2.794300000000000068e+02
1.487362598124111891e+09 7.859000000000000430e-01 2.794300000000000068e+02
1.487362598228815079e+09 7.864999999999999769e-01 2.794300000000000068e+02
1.487362598341243982e+09 7.870000000000000329e-01 2.794300000000000068e+02
