1.487362786818938017e+09 1.418000000000000094e-01 2.788600000000000136e+02
1.487362786908783913e+09 1.418999999999999984e-01 2.788600000000000136e+02
1.487362787012129068e+09 1.418999999999999984e-01 2.788600000000000136e+02
1.487362787108544111e+09 1.418000000000000094e-01 2.788600000000000136e+02
1.487362787209430933e+09 1.418999999999999984e-01 2.788600000000000136e+02
1.487362787311299086e+09 1.418999999999999984e-01 2.788600000000000136e+02
1.487362787409593105e+09 1.419999999999999873e-01 2.788600000000000136e+02
1.487362787518923998e+09 1.418999999999999984e-01 2.788600000000000136e+02
1.487362787624248028e+09 1.416999999999999926e-01 2.788600000000000136e+02
1.487362787721373081e+09 1.418999999999999984e-01 2.788600000000000136e+02
1.487362787820775986e+09 1.418999999999999984e-01 2.788600000000000136e+02
1.487362787922131062e+09 1.418999999999999984e-01 2.788600000000000136e+02
1.487362788017242908e+09 1.418999999999999984e-01 2.788700000000000045e+02
1.487362788121993065e+09 1.418999999999999984e-01 2.788600000000000136e+02
1.487362788221050978e+09 1.419999999999999873e-01 2.788600000000000136e+02
1.487362788319154978e+09 1.418999999999999984e-01 2.788700000000000045e+02
1.487362788430993080e+09 1.418999999999999984e-01 2.788700000000000045e+02
1.487362788530795097e+09 1.418000000000000094e-01 2.788700000000000045e+02
1.487362788630413055e+09 1.418000000000000094e-01 2.788700000000000045e+02
1.487362788728199005e+09 1.418000000000000094e-01 2.788700000000000045e+02
1.487362788832396984e+09 1.418000000000000094e-01 2.788700000000000045e+02
1.487362788929817915e+09 1.418999999999999984e-01 2.788700000000000045e+02
1.487362789029633999e+09 1.418000000000000094e-01 2.788700000000000045e+02
1.487362789129235029e+09 1.418000000000000094e-01 2.788700000000000045e+02
1.487362789226558924e+09 1.419999999999999873e-01 2.788700000000000045e+02
1.487362789344861031e+09 1.418999999999999984e-01 2.788700000000000045e+02
1.487362789444993019e+09 1.418999999999999984e-01 2.788700000000000045e+02
1.487362789543998003e+09 1.419999999999999873e-01 2.788700000000000045e+02
1.487362789643925905e+09 1.418000000000000094e-01 2.788700000000000045e+02
1.487362789743872881e+09 1.418999999999999984e-01 2.788700000000000045e+02
1.487362789842889071e+09 1.418999999999999984e-01 2.788700000000000045e+02
1.487362789942970991e+09 1.419999999999999873e-01 2.788700000000000045e+02
1.487362790042953968e+09 1.418999999999999984e-01 2.788700000000000045e+02
1.487362790153745890e+09 1.418000000000000094e-01 2.788799999999999955e+02
1.487362790255844116e+09 1.418999999999999984e-01 2.788700000000000045e+02
1.487362790355859995e+09 1.418999999999999984e-01 2.788700000000000045e+02
1.487362790454813004e+09 1.418000000000000094e-01 2.788700000000000045e+02
1.487362790554872036e+09 1.418000000000000094e-01 2.788799999999999955e+02
1.487362790653852940e+09 1.418999999999999984e-01 2.788799999999999955e+02
1.487362790753689051e+09 1.418999999999999984e-01 2.788700000000000045e+02
1.487362790853740931e+09 1.418000000000000094e-01 2.788799999999999955e+02
1.487362790967818975e+09 1.419999999999999873e-01 2.788799999999999955e+02
1.487362791066457987e+09 1.418000000000000094e-01 2.788799999999999955e+02
1.487362791166762114e+09 1.418999999999999984e-01 2.788799999999999955e+02
1.487362791265810966e+09 1.418999999999999984e-01 2.788799999999999955e+02
1.487362791365674019e+09 1.418000000000000094e-01 2.788799999999999955e+02
1.487362791464690924e+09 1.418999999999999984e-01 2.788799999999999955e+02
1.487362791559672117e+09 1.419999999999999873e-01 2.788799999999999955e+02
1.487362791664630890e+09 1.419999999999999873e-01 2.788799999999999955e+02
1.487362791778702974e+09 1.418999999999999984e-01 2.788799999999999955e+02
1.487362791873094082e+09 1.419999999999999873e-01 2.788799999999999955e+02
1.487362791977992058e+09 1.419999999999999873e-01 2.788799999999999955e+02
1.487362792072431087e+09 1.418999999999999984e-01 2.788799999999999955e+02
1.487362792171948910e+09 1.421000000000000041e-01 2.788799999999999955e+02
1.487362792271796942e+09 1.419999999999999873e-01 2.788799999999999955e+02
1.487362792371588945e+09 1.419999999999999873e-01 2.788799999999999955e+02
1.487362792471235991e+09 1.418000000000000094e-01 2.788799999999999955e+02
1.487362792587743044e+09 1.418000000000000094e-01 2.788899999999999864e+02
1.487362792687511921e+09 1.418999999999999984e-01 2.788799999999999955e+02
1.487362792787278891e+09 1.416999999999999926e-01 2.788799999999999955e+02
1.487362792887046099e+09 1.418999999999999984e-01 2.788899999999999864e+02
1.487362792986802101e+09 1.419999999999999873e-01 2.788899999999999864e+02
1.487362793086512089e+09 1.419999999999999873e-01 2.788899999999999864e+02
1.487362793186417103e+09 1.418000000000000094e-01 2.788899999999999864e+02
1.487362793284552097e+09 1.419999999999999873e-01 2.788899999999999864e+02
1.487362793399178982e+09 1.418999999999999984e-01 2.788899999999999864e+02
1.487362793499672890e+09 1.418999999999999984e-01 2.788899999999999864e+02
1.487362793599616051e+09 1.419999999999999873e-01 2.788899999999999864e+02
1.487362793698524952e+09 1.419999999999999873e-01 2.788899999999999864e+02
1.487362793798655987e+09 1.419999999999999873e-01 2.788899999999999864e+02
1.487362793897568941e+09 1.419999999999999873e-01 2.788899999999999864e+02
1.487362793997505903e+09 1.418999999999999984e-01 2.788899999999999864e+02
1.487362794097680092e+09 1.419999999999999873e-01 2.788899999999999864e+02
1.487362794196567059e+09 1.418999999999999984e-01 2.788899999999999864e+02
1.487362794309407949e+09 1.421000000000000041e-01 2.788899999999999864e+02
1.487362794410619974e+09 1.419999999999999873e-01 2.788899999999999864e+02
1.487362794504622936e+09 1.419999999999999873e-01 2.788899999999999864e+02
1.487362794609517097e+09 1.418999999999999984e-01 2.788899999999999864e+02
1.487362794708431005e+09 1.419999999999999873e-01 2.788899999999999864e+02
1.487362794808415890e+09 1.419999999999999873e-01 2.788899999999999864e+02
1.487362794908384085e+09 1.419999999999999873e-01 2.788999999999999773e+02
1.487362795004054070e+09 1.419999999999999873e-01 2.788899999999999864e+02
1.487362795121458054e+09 1.418000000000000094e-01 2.788999999999999773e+02
1.487362795221405029e+09 1.419999999999999873e-01 2.788999999999999773e+02
1.487362795319365025e+09 1.418999999999999984e-01 2.788999999999999773e+02
1.487362795418404102e+09 1.419999999999999873e-01 2.788999999999999773e+02
1.487362795516304016e+09 1.418999999999999984e-01 2.788999999999999773e+02
1.487362795619218111e+09 1.418999999999999984e-01 2.788999999999999773e+02
1.487362795719409943e+09 1.419999999999999873e-01 2.788999999999999773e+02
1.487362795818310976e+09 1.421000000000000041e-01 2.788999999999999773e+02
1.487362795914390087e+09 1.419999999999999873e-01 2.788999999999999773e+02
1.487362796015108109e+09 1.418999999999999984e-01 2.788999999999999773e+02
1.487362796129195929e+09 1.418999999999999984e-01 2.788999999999999773e+02
1.487362796229044914e+09 1.418999999999999984e-01 2.788999999999999773e+02
1.487362796328804970e+09 1.418999999999999984e-01 2.788999999999999773e+02
1.487362796425468922e+09 1.418999999999999984e-01 2.788999999999999773e+02
1.487362796527837992e+09 1.421000000000000041e-01 2.788999999999999773e+02
1.487362796627835989e+09 1.418999999999999984e-01 2.788999999999999773e+02
1.487362796727874041e+09 1.418999999999999984e-01 2.788999999999999773e+02
1.487362796827642918e+09 1.419999999999999873e-01 2.788999999999999773e+02
1.487362796927403927e+09 1.419999999999999873e-01 2.789100000000000250e+02
1.487362797039941072e+09 1.419999999999999873e-01 2.789100000000000250e+02
1.487362797142213106e+09 1.419999999999999873e-01 2.789100000000000250e+02
1.487362797241244078e+09 1.419999999999999873e-01 2.789100000000000250e+02
1.487362797341295958e+09 1.419999999999999873e-01 2.789100000000000250e+02
1.487362797441154957e+09 1.419999999999999873e-01 2.789100000000000250e+02
1.487362797540293932e+09 1.419999999999999873e-01 2.789100000000000250e+02
1.487362797640074968e+09 1.418999999999999984e-01 2.789100000000000250e+02
1.487362797739247084e+09 1.418999999999999984e-01 2.789100000000000250e+02
1.487362797838927984e+09 1.418999999999999984e-01 2.789100000000000250e+02
1.487362797953171968e+09 1.419999999999999873e-01 2.789100000000000250e+02
1.487362798052205086e+09 1.419999999999999873e-01 2.789100000000000250e+02
1.487362798150763035e+09 1.419999999999999873e-01 2.789100000000000250e+02
1.487362798252185106e+09 1.419999999999999873e-01 2.789100000000000250e+02
1.487362798351135015e+09 1.418000000000000094e-01 2.789100000000000250e+02
1.487362798451070070e+09 1.421000000000000041e-01 2.789100000000000250e+02
1.487362798550009012e+09 1.419999999999999873e-01 2.789100000000000250e+02
1.487362798650083065e+09 1.419999999999999873e-01 2.789200000000000159e+02
1.487362798749092102e+09 1.419999999999999873e-01 2.789200000000000159e+02
1.487362798858216047e+09 1.418999999999999984e-01 2.789200000000000159e+02
1.487362798963125944e+09 1.419999999999999873e-01 2.789200000000000159e+02
1.487362799057949066e+09 1.421000000000000041e-01 2.789200000000000159e+02
1.487362799162374020e+09 1.419999999999999873e-01 2.789200000000000159e+02
1.487362799261972904e+09 1.419999999999999873e-01 2.789200000000000159e+02
1.487362799359455109e+09 1.421000000000000041e-01 2.789200000000000159e+02
1.487362799460962057e+09 1.418999999999999984e-01 2.789200000000000159e+02
1.487362799560095072e+09 1.421000000000000041e-01 2.789200000000000159e+02
1.487362799660204887e+09 1.418999999999999984e-01 2.789200000000000159e+02
1.487362799770840883e+09 1.418999999999999984e-01 2.789200000000000159e+02
1.487362799870408058e+09 1.419999999999999873e-01 2.789200000000000159e+02
1.487362799970048904e+09 1.421000000000000041e-01 2.789200000000000159e+02
1.487362800069935083e+09 1.418999999999999984e-01 2.789200000000000159e+02
1.487362800169239998e+09 1.421000000000000041e-01 2.789300000000000068e+02
1.487362800269412041e+09 1.419999999999999873e-01 2.789300000000000068e+02
1.487362800369174004e+09 1.419999999999999873e-01 2.789300000000000068e+02
1.487362800469976902e+09 1.418999999999999984e-01 2.789300000000000068e+02
1.487362800585077047e+09 1.419999999999999873e-01 2.789300000000000068e+02
1.487362800684928894e+09 1.421000000000000041e-01 2.789300000000000068e+02
1.487362800783875942e+09 1.419999999999999873e-01 2.789300000000000068e+02
1.487362800883842945e+09 1.419999999999999873e-01 2.789300000000000068e+02
1.487362800982901096e+09 1.418999999999999984e-01 2.789300000000000068e+02
1.487362801082892895e+09 1.421000000000000041e-01 2.789300000000000068e+02
1.487362801182858944e+09 1.421000000000000041e-01 2.789300000000000068e+02
1.487362801277282000e+09 1.421000000000000041e-01 2.789300000000000068e+02
1.487362801395822048e+09 1.419999999999999873e-01 2.789300000000000068e+02
1.487362801495917082e+09 1.418999999999999984e-01 2.789300000000000068e+02
1.487362801595061064e+09 1.421000000000000041e-01 2.789300000000000068e+02
1.487362801694847107e+09 1.419999999999999873e-01 2.789300000000000068e+02
1.487362801794773102e+09 1.419999999999999873e-01 2.789300000000000068e+02
1.487362801889224052e+09 1.421000000000000041e-01 2.789399999999999977e+02
1.487362801993851900e+09 1.419999999999999873e-01 2.789399999999999977e+02
1.487362802088989019e+09 1.419999999999999873e-01 2.789399999999999977e+02
1.487362802206865072e+09 1.421000000000000041e-01 2.789399999999999977e+02
1.487362802306853056e+09 1.421000000000000041e-01 2.789399999999999977e+02
1.487362802405745983e+09 1.419999999999999873e-01 2.789399999999999977e+02
1.487362802503496885e+09 1.419999999999999873e-01 2.789399999999999977e+02
1.487362802605858088e+09 1.421000000000000041e-01 2.789399999999999977e+02
1.487362802704653025e+09 1.418999999999999984e-01 2.789399999999999977e+02
1.487362802804666996e+09 1.419999999999999873e-01 2.789399999999999977e+02
1.487362802903974056e+09 1.419999999999999873e-01 2.789399999999999977e+02
1.487362803012895107e+09 1.419999999999999873e-01 2.789399999999999977e+02
1.487362803117707014e+09 1.421000000000000041e-01 2.789399999999999977e+02
1.487362803212414980e+09 1.421000000000000041e-01 2.789399999999999977e+02
1.487362803312185049e+09 1.419999999999999873e-01 2.789499999999999886e+02
1.487362803411947966e+09 1.421000000000000041e-01 2.789499999999999886e+02
1.487362803511713982e+09 1.419999999999999873e-01 2.789399999999999977e+02
1.487362803611448050e+09 1.421000000000000041e-01 2.789499999999999886e+02
1.487362803712028980e+09 1.421000000000000041e-01 2.789499999999999886e+02
1.487362803810998917e+09 1.421999999999999931e-01 2.789499999999999886e+02
1.487362803927403927e+09 1.419999999999999873e-01 2.789499999999999886e+02
1.487362804027203083e+09 1.419999999999999873e-01 2.789499999999999886e+02
1.487362804124895096e+09 1.421000000000000041e-01 2.789499999999999886e+02
1.487362804226635933e+09 1.421000000000000041e-01 2.789499999999999886e+02
1.487362804323589087e+09 1.419999999999999873e-01 2.789499999999999886e+02
1.487362804426186085e+09 1.421000000000000041e-01 2.789499999999999886e+02
1.487362804525662899e+09 1.421000000000000041e-01 2.789499999999999886e+02
1.487362804639343977e+09 1.421000000000000041e-01 2.789499999999999886e+02
1.487362804739603996e+09 1.419999999999999873e-01 2.789499999999999886e+02
1.487362804835274935e+09 1.419999999999999873e-01 2.789499999999999886e+02
1.487362804938549995e+09 1.421000000000000041e-01 2.789499999999999886e+02
1.487362805038541079e+09 1.418999999999999984e-01 2.789499999999999886e+02
1.487362805137531996e+09 1.421000000000000041e-01 2.789499999999999886e+02
1.487362805237468004e+09 1.419999999999999873e-01 2.789599999999999795e+02
1.487362805334338903e+09 1.421000000000000041e-01 2.789599999999999795e+02
1.487362805433303118e+09 1.421000000000000041e-01 2.789599999999999795e+02
1.487362805548582077e+09 1.419999999999999873e-01 2.789599999999999795e+02
1.487362805645414114e+09 1.421000000000000041e-01 2.789599999999999795e+02
1.487362805745368958e+09 1.421999999999999931e-01 2.789599999999999795e+02
1.487362805844238043e+09 1.421999999999999931e-01 2.789599999999999795e+02
1.487362805943866014e+09 1.421000000000000041e-01 2.789599999999999795e+02
1.487362806043277025e+09 1.418999999999999984e-01 2.789599999999999795e+02
1.487362806142147064e+09 1.421000000000000041e-01 2.789599999999999795e+02
1.487362806241827965e+09 1.421000000000000041e-01 2.789599999999999795e+02
1.487362806343373060e+09 1.421999999999999931e-01 2.789599999999999795e+02
1.487362806456823111e+09 1.419999999999999873e-01 2.789599999999999795e+02
1.487362806560214043e+09 1.421000000000000041e-01 2.789599999999999795e+02
1.487362806659157991e+09 1.419999999999999873e-01 2.789599999999999795e+02
1.487362806759357929e+09 1.421000000000000041e-01 2.789700000000000273e+02
1.487362806857435942e+09 1.418999999999999984e-01 2.789700000000000273e+02
1.487362806954056978e+09 1.419999999999999873e-01 2.789700000000000273e+02
1.487362807053180933e+09 1.419999999999999873e-01 2.789700000000000273e+02
1.487362807156419992e+09 1.419999999999999873e-01 2.789700000000000273e+02
1.487362807269402027e+09 1.419999999999999873e-01 2.789700000000000273e+02
1.487362807366368055e+09 1.421999999999999931e-01 2.789700000000000273e+02
1.487362807468916893e+09 1.421000000000000041e-01 2.789700000000000273e+02
1.487362807568676949e+09 1.421000000000000041e-01 2.789700000000000273e+02
1.487362807668466091e+09 1.419999999999999873e-01 2.789700000000000273e+02
1.487362807766258001e+09 1.421000000000000041e-01 2.789700000000000273e+02
1.487362807864953995e+09 1.421000000000000041e-01 2.789700000000000273e+02
1.487362807964941978e+09 1.421000000000000041e-01 2.789700000000000273e+02
1.487362808082998991e+09 1.419999999999999873e-01 2.789700000000000273e+02
1.487362808180752993e+09 1.421999999999999931e-01 2.789700000000000273e+02
1.487362808282357931e+09 1.421000000000000041e-01 2.789700000000000273e+02
1.487362808381212950e+09 1.421999999999999931e-01 2.789700000000000273e+02
1.487362808481195927e+09 1.421999999999999931e-01 2.789700000000000273e+02
1.487362808581180096e+09 1.421000000000000041e-01 2.789700000000000273e+02
1.487362808676733017e+09 1.421000000000000041e-01 2.789800000000000182e+02
1.487362808780190945e+09 1.421000000000000041e-01 2.789800000000000182e+02
1.487362808893862963e+09 1.419999999999999873e-01 2.789800000000000182e+02
1.487362808993230104e+09 1.421000000000000041e-01 2.789800000000000182e+02
1.487362809093192101e+09 1.419999999999999873e-01 2.789800000000000182e+02
1.487362809192250013e+09 1.421999999999999931e-01 2.789800000000000182e+02
1.487362809287445068e+09 1.421000000000000041e-01 2.789800000000000182e+02
1.487362809392128944e+09 1.419999999999999873e-01 2.789800000000000182e+02
1.487362809491296053e+09 1.419999999999999873e-01 2.789800000000000182e+02
1.487362809591197968e+09 1.421000000000000041e-01 2.789800000000000182e+02
1.487362809703836918e+09 1.419999999999999873e-01 2.789800000000000182e+02
1.487362809804090977e+09 1.419999999999999873e-01 2.789800000000000182e+02
1.487362809904206038e+09 1.421000000000000041e-01 2.789800000000000182e+02
1.487362810003078938e+09 1.421000000000000041e-01 2.789800000000000182e+02
1.487362810103017092e+09 1.421000000000000041e-01 2.789800000000000182e+02
1.487362810203119040e+09 1.421999999999999931e-01 2.789900000000000091e+02
1.487362810302083015e+09 1.421999999999999931e-01 2.789900000000000091e+02
1.487362810402055025e+09 1.421000000000000041e-01 2.789800000000000182e+02
1.487362810511666059e+09 1.421999999999999931e-01 2.789900000000000091e+02
1.487362810611409903e+09 1.421000000000000041e-01 2.789900000000000091e+02
1.487362810711158991e+09 1.421000000000000041e-01 2.789900000000000091e+02
1.487362810810930014e+09 1.421999999999999931e-01 2.789900000000000091e+02
1.487362810910697937e+09 1.421000000000000041e-01 2.789900000000000091e+02
1.487362811010481119e+09 1.421000000000000041e-01 2.789900000000000091e+02
1.487362811110239029e+09 1.419999999999999873e-01 2.789900000000000091e+02
1.487362811210006952e+09 1.419999999999999873e-01 2.789900000000000091e+02
1.487362811326381922e+09 1.421000000000000041e-01 2.789900000000000091e+02
1.487362811425947905e+09 1.419999999999999873e-01 2.789900000000000091e+02
1.487362811525955915e+09 1.421000000000000041e-01 2.789900000000000091e+02
1.487362811620640039e+09 1.423000000000000098e-01 2.789900000000000091e+02
1.487362811724952936e+09 1.419999999999999873e-01 2.789900000000000091e+02
1.487362811824513912e+09 1.421999999999999931e-01 2.790000000000000000e+02
1.487362811924009085e+09 1.419999999999999873e-01 2.790000000000000000e+02
1.487362812023221970e+09 1.421999999999999931e-01 2.790000000000000000e+02
1.487362812122834921e+09 1.421000000000000041e-01 2.790000000000000000e+02
1.487362812236887932e+09 1.421999999999999931e-01 2.790000000000000000e+02
1.487362812336868048e+09 1.421000000000000041e-01 2.790000000000000000e+02
1.487362812435935020e+09 1.419999999999999873e-01 2.790000000000000000e+02
1.487362812535917044e+09 1.419999999999999873e-01 2.790000000000000000e+02
1.487362812635812998e+09 1.421000000000000041e-01 2.790000000000000000e+02
1.487362812734879017e+09 1.421000000000000041e-01 2.790000000000000000e+02
1.487362812834925890e+09 1.421000000000000041e-01 2.790000000000000000e+02
1.487362812934777975e+09 1.421000000000000041e-01 2.790000000000000000e+02
1.487362813047796011e+09 1.419999999999999873e-01 2.790000000000000000e+02
1.487362813146074057e+09 1.421999999999999931e-01 2.790000000000000000e+02
1.487362813247787952e+09 1.421999999999999931e-01 2.790000000000000000e+02
1.487362813346774101e+09 1.421000000000000041e-01 2.790000000000000000e+02
1.487362813446883917e+09 1.421000000000000041e-01 2.790000000000000000e+02
1.487362813545849085e+09 1.421999999999999931e-01 2.790099999999999909e+02
1.487362813645816088e+09 1.419999999999999873e-01 2.790099999999999909e+02
1.487362813759716034e+09 1.421000000000000041e-01 2.790099999999999909e+02
1.487362813858839035e+09 1.419999999999999873e-01 2.790099999999999909e+02
1.487362813958790064e+09 1.421000000000000041e-01 2.790099999999999909e+02
1.487362814058501005e+09 1.421000000000000041e-01 2.790099999999999909e+02
1.487362814152954102e+09 1.421999999999999931e-01 2.790099999999999909e+02
1.487362814257783890e+09 1.421000000000000041e-01 2.790099999999999909e+02
1.487362814352467060e+09 1.419999999999999873e-01 2.790099999999999909e+02
1.487362814452141047e+09 1.423000000000000098e-01 2.790099999999999909e+02
1.487362814551892996e+09 1.421999999999999931e-01 2.790099999999999909e+02
1.487362814668411970e+09 1.421000000000000041e-01 2.790099999999999909e+02
1.487362814768157959e+09 1.421000000000000041e-01 2.790099999999999909e+02
1.487362814867948055e+09 1.423000000000000098e-01 2.790099999999999909e+02
1.487362814967715979e+09 1.421000000000000041e-01 2.790099999999999909e+02
1.487362815067445040e+09 1.421999999999999931e-01 2.790099999999999909e+02
1.487362815162843943e+09 1.423000000000000098e-01 2.790099999999999909e+02
1.487362815266984940e+09 1.421000000000000041e-01 2.790199999999999818e+02
1.487362815366746902e+09 1.421999999999999931e-01 2.790099999999999909e+02
1.487362815481750011e+09 1.421000000000000041e-01 2.790199999999999818e+02
1.487362815580856085e+09 1.421999999999999931e-01 2.790199999999999818e+02
1.487362815676595926e+09 1.421000000000000041e-01 2.790199999999999818e+02
1.487362815779263973e+09 1.421000000000000041e-01 2.790199999999999818e+02
1.487362815879761934e+09 1.419999999999999873e-01 2.790199999999999818e+02
1.487362815978540897e+09 1.421000000000000041e-01 2.790199999999999818e+02
1.487362816078486919e+09 1.421000000000000041e-01 2.790199999999999818e+02
1.487362816178487062e+09 1.421000000000000041e-01 2.790199999999999818e+02
1.487362816291238070e+09 1.421999999999999931e-01 2.790199999999999818e+02
1.487362816386755943e+09 1.421999999999999931e-01 2.790199999999999818e+02
1.487362816491619110e+09 1.421000000000000041e-01 2.790199999999999818e+02
1.487362816585356951e+09 1.421000000000000041e-01 2.790199999999999818e+02
1.487362816690411091e+09 1.421000000000000041e-01 2.790199999999999818e+02
1.487362816789709091e+09 1.421999999999999931e-01 2.790199999999999818e+02
1.487362816889431000e+09 1.421000000000000041e-01 2.790199999999999818e+02
1.487362816987381935e+09 1.421999999999999931e-01 2.790199999999999818e+02
1.487362817103456020e+09 1.419999999999999873e-01 2.790299999999999727e+02
1.487362817202508926e+09 1.421000000000000041e-01 2.790299999999999727e+02
1.487362817302624941e+09 1.421000000000000041e-01 2.790299999999999727e+02
1.487362817398359060e+09 1.421999999999999931e-01 2.790299999999999727e+02
1.487362817501334906e+09 1.423000000000000098e-01 2.790299999999999727e+02
1.487362817600596905e+09 1.421000000000000041e-01 2.790299999999999727e+02
1.487362817700314045e+09 1.421000000000000041e-01 2.790299999999999727e+02
1.487362817800426006e+09 1.423000000000000098e-01 2.790299999999999727e+02
1.487362817899579048e+09 1.421000000000000041e-01 2.790299999999999727e+02
1.487362818010399103e+09 1.421000000000000041e-01 2.790299999999999727e+02
1.487362818110167027e+09 1.421999999999999931e-01 2.790299999999999727e+02
1.487362818210057020e+09 1.423000000000000098e-01 2.790299999999999727e+02
1.487362818309703112e+09 1.421000000000000041e-01 2.790299999999999727e+02
1.487362818408504963e+09 1.419999999999999873e-01 2.790299999999999727e+02
1.487362818509138107e+09 1.421999999999999931e-01 2.790299999999999727e+02
1.487362818609000921e+09 1.419999999999999873e-01 2.790299999999999727e+02
1.487362818724414110e+09 1.421999999999999931e-01 2.790299999999999727e+02
1.487362818824651003e+09 1.423000000000000098e-01 2.790400000000000205e+02
1.487362818924328089e+09 1.421999999999999931e-01 2.790400000000000205e+02
1.487362819023386002e+09 1.421000000000000041e-01 2.790400000000000205e+02
1.487362819123250961e+09 1.421999999999999931e-01 2.790400000000000205e+02
1.487362819223351955e+09 1.423000000000000098e-01 2.790400000000000205e+02
1.487362819322349072e+09 1.421999999999999931e-01 2.790400000000000205e+02
1.487362819422188044e+09 1.421999999999999931e-01 2.790400000000000205e+02
1.487362819521204948e+09 1.421999999999999931e-01 2.790400000000000205e+02
1.487362819635272026e+09 1.421999999999999931e-01 2.790400000000000205e+02
1.487362819735282898e+09 1.421999999999999931e-01 2.790400000000000205e+02
1.487362819835273981e+09 1.423000000000000098e-01 2.790400000000000205e+02
1.487362819934289932e+09 1.421000000000000041e-01 2.790400000000000205e+02
1.487362820034213066e+09 1.423000000000000098e-01 2.790400000000000205e+02
1.487362820133213043e+09 1.421999999999999931e-01 2.790500000000000114e+02
1.487362820233130932e+09 1.421999999999999931e-01 2.790500000000000114e+02
1.487362820332334042e+09 1.421000000000000041e-01 2.790500000000000114e+02
1.487362820432167053e+09 1.421000000000000041e-01 2.790500000000000114e+02
1.487362820546096087e+09 1.421999999999999931e-01 2.790500000000000114e+02
1.487362820646210909e+09 1.421999999999999931e-01 2.790500000000000114e+02
1.487362820745111942e+09 1.421999999999999931e-01 2.790500000000000114e+02
1.487362820845097065e+09 1.421000000000000041e-01 2.790500000000000114e+02
1.487362820944216967e+09 1.421999999999999931e-01 2.790500000000000114e+02
1.487362821044115067e+09 1.419999999999999873e-01 2.790500000000000114e+02
1.487362821143234968e+09 1.421999999999999931e-01 2.790500000000000114e+02
1.487362821243226051e+09 1.423000000000000098e-01 2.790500000000000114e+02
1.487362821354636908e+09 1.421999999999999931e-01 2.790500000000000114e+02
1.487362821455718040e+09 1.421999999999999931e-01 2.790500000000000114e+02
1.487362821552000046e+09 1.419999999999999873e-01 2.790600000000000023e+02
1.487362821651762009e+09 1.421999999999999931e-01 2.790500000000000114e+02
1.487362821751485109e+09 1.423000000000000098e-01 2.790500000000000114e+02
1.487362821851305008e+09 1.423000000000000098e-01 2.790600000000000023e+02
1.487362821951050997e+09 1.421999999999999931e-01 2.790600000000000023e+02
1.487362822050764084e+09 1.423000000000000098e-01 2.790600000000000023e+02
1.487362822167146921e+09 1.423000000000000098e-01 2.790600000000000023e+02
1.487362822263269901e+09 1.421999999999999931e-01 2.790600000000000023e+02
1.487362822364376068e+09 1.421000000000000041e-01 2.790600000000000023e+02
1.487362822465451002e+09 1.421999999999999931e-01 2.790600000000000023e+02
1.487362822566066980e+09 1.421000000000000041e-01 2.790600000000000023e+02
1.487362822664426088e+09 1.421000000000000041e-01 2.790600000000000023e+02
1.487362822760143995e+09 1.423000000000000098e-01 2.790600000000000023e+02
1.487362822865010977e+09 1.421999999999999931e-01 2.790600000000000023e+02
1.487362822978923082e+09 1.421000000000000041e-01 2.790600000000000023e+02
1.487362823079081059e+09 1.421000000000000041e-01 2.790699999999999932e+02
1.487362823178050995e+09 1.423000000000000098e-01 2.790699999999999932e+02
1.487362823277966976e+09 1.421000000000000041e-01 2.790699999999999932e+02
1.487362823373698950e+09 1.423000000000000098e-01 2.790699999999999932e+02
1.487362823474782944e+09 1.421999999999999931e-01 2.790699999999999932e+02
1.487362823575892925e+09 1.421000000000000041e-01 2.790699999999999932e+02
1.487362823676038027e+09 1.421000000000000041e-01 2.790699999999999932e+02
1.487362823789927959e+09 1.423000000000000098e-01 2.790699999999999932e+02
1.487362823889985085e+09 1.421999999999999931e-01 2.790699999999999932e+02
1.487362823988944054e+09 1.421000000000000041e-01 2.790699999999999932e+02
1.487362824089046955e+09 1.421000000000000041e-01 2.790699999999999932e+02
1.487362824187933922e+09 1.423000000000000098e-01 2.790699999999999932e+02
1.487362824287820101e+09 1.423000000000000098e-01 2.790699999999999932e+02
1.487362824386558056e+09 1.421999999999999931e-01 2.790699999999999932e+02
1.487362824484647989e+09 1.423000000000000098e-01 2.790799999999999841e+02
1.487362824600780010e+09 1.423000000000000098e-01 2.790799999999999841e+02
1.487362824700829029e+09 1.423000000000000098e-01 2.790799999999999841e+02
1.487362824799520016e+09 1.421000000000000041e-01 2.790799999999999841e+02
1.487362824899877071e+09 1.423000000000000098e-01 2.790799999999999841e+02
1.487362824995358944e+09 1.421999999999999931e-01 2.790799999999999841e+02
1.487362825097743988e+09 1.421999999999999931e-01 2.790799999999999841e+02
1.487362825197765112e+09 1.421000000000000041e-01 2.790799999999999841e+02
1.487362825293080091e+09 1.421000000000000041e-01 2.790799999999999841e+02
1.487362825409444094e+09 1.423000000000000098e-01 2.790799999999999841e+02
1.487362825507275105e+09 1.421999999999999931e-01 2.790799999999999841e+02
1.487362825608979940e+09 1.421999999999999931e-01 2.790799999999999841e+02
1.487362825708740950e+09 1.421000000000000041e-01 2.790799999999999841e+02
1.487362825806097984e+09 1.423000000000000098e-01 2.790899999999999750e+02
1.487362825908272982e+09 1.421999999999999931e-01 2.790899999999999750e+02
1.487362826005413055e+09 1.421999999999999931e-01 2.790899999999999750e+02
1.487362826107738972e+09 1.421999999999999931e-01 2.790899999999999750e+02
1.487362826203887939e+09 1.423000000000000098e-01 2.790899999999999750e+02
1.487362826322734118e+09 1.421999999999999931e-01 2.790899999999999750e+02
1.487362826421595097e+09 1.423000000000000098e-01 2.790899999999999750e+02
1.487362826521747112e+09 1.423999999999999988e-01 2.790899999999999750e+02
1.487362826621659040e+09 1.421999999999999931e-01 2.790899999999999750e+02
1.487362826720645905e+09 1.421999999999999931e-01 2.790899999999999750e+02
1.487362826819631100e+09 1.421999999999999931e-01 2.790899999999999750e+02
1.487362826919708967e+09 1.423000000000000098e-01 2.790899999999999750e+02
1.487362827016181946e+09 1.423000000000000098e-01 2.790899999999999750e+02
1.487362827133738041e+09 1.421999999999999931e-01 2.790899999999999750e+02
1.487362827232650042e+09 1.421999999999999931e-01 2.791000000000000227e+02
1.487362827332829952e+09 1.421000000000000041e-01 2.791000000000000227e+02
1.487362827432651043e+09 1.421999999999999931e-01 2.791000000000000227e+02
1.487362827531569004e+09 1.421000000000000041e-01 2.791000000000000227e+02
1.487362827631599903e+09 1.421999999999999931e-01 2.791000000000000227e+02
1.487362827730686903e+09 1.421000000000000041e-01 2.791000000000000227e+02
1.487362827844595909e+09 1.421999999999999931e-01 2.791000000000000227e+02
1.487362827941878080e+09 1.423000000000000098e-01 2.791000000000000227e+02
1.487362828043551922e+09 1.421999999999999931e-01 2.791000000000000227e+02
1.487362828143654108e+09 1.421999999999999931e-01 2.791000000000000227e+02
1.487362828243628979e+09 1.421999999999999931e-01 2.791000000000000227e+02
1.487362828342453957e+09 1.421999999999999931e-01 2.791000000000000227e+02
1.487362828442560911e+09 1.423000000000000098e-01 2.791000000000000227e+02
1.487362828541502953e+09 1.423999999999999988e-01 2.791000000000000227e+02
1.487362828641436100e+09 1.423000000000000098e-01 2.791100000000000136e+02
1.487362828751446009e+09 1.423000000000000098e-01 2.791100000000000136e+02
1.487362828851216078e+09 1.421999999999999931e-01 2.791100000000000136e+02
1.487362828950990915e+09 1.423000000000000098e-01 2.791100000000000136e+02
1.487362829050770998e+09 1.421999999999999931e-01 2.791100000000000136e+02
1.487362829149122000e+09 1.423000000000000098e-01 2.791100000000000136e+02
1.487362829249031067e+09 1.423000000000000098e-01 2.791100000000000136e+02
1.487362829347537994e+09 1.423999999999999988e-01 2.791100000000000136e+02
1.487362829449867964e+09 1.421999999999999931e-01 2.791100000000000136e+02
1.487362829566215038e+09 1.421999999999999931e-01 2.791100000000000136e+02
1.487362829665435076e+09 1.423999999999999988e-01 2.791100000000000136e+02
1.487362829765402079e+09 1.423000000000000098e-01 2.791100000000000136e+02
1.487362829865382910e+09 1.423000000000000098e-01 2.791200000000000045e+02
1.487362829964382887e+09 1.421000000000000041e-01 2.791200000000000045e+02
1.487362830060883045e+09 1.423000000000000098e-01 2.791200000000000045e+02
1.487362830163228035e+09 1.423000000000000098e-01 2.791200000000000045e+02
1.487362830263288021e+09 1.421999999999999931e-01 2.791200000000000045e+02
1.487362830377245903e+09 1.421999999999999931e-01 2.791200000000000045e+02
1.487362830476339102e+09 1.423000000000000098e-01 2.791200000000000045e+02
1.487362830576193094e+09 1.421999999999999931e-01 2.791200000000000045e+02
1.487362830676131964e+09 1.421999999999999931e-01 2.791200000000000045e+02
1.487362830775232077e+09 1.421999999999999931e-01 2.791200000000000045e+02
1.487362830875258923e+09 1.419999999999999873e-01 2.791200000000000045e+02
1.487362830972487926e+09 1.423000000000000098e-01 2.791200000000000045e+02
1.487362831088311911e+09 1.423000000000000098e-01 2.791299999999999955e+02
1.487362831188354015e+09 1.421999999999999931e-01 2.791299999999999955e+02
1.487362831288104057e+09 1.423000000000000098e-01 2.791299999999999955e+02
1.487362831387541056e+09 1.421999999999999931e-01 2.791299999999999955e+02
1.487362831483442068e+09 1.421999999999999931e-01 2.791299999999999955e+02
1.487362831586081028e+09 1.421999999999999931e-01 2.791299999999999955e+02
1.487362831682615995e+09 1.423000000000000098e-01 2.791299999999999955e+02
1.487362831786348104e+09 1.421999999999999931e-01 2.791299999999999955e+02
1.487362831899245977e+09 1.421999999999999931e-01 2.791299999999999955e+02
1.487362831997035980e+09 1.421000000000000041e-01 2.791299999999999955e+02
1.487362832098959923e+09 1.421999999999999931e-01 2.791299999999999955e+02
1.487362832193223953e+09 1.421000000000000041e-01 2.791299999999999955e+02
1.487362832298011065e+09 1.423000000000000098e-01 2.791299999999999955e+02
1.487362832392750978e+09 1.421999999999999931e-01 2.791399999999999864e+02
1.487362832492404938e+09 1.421999999999999931e-01 2.791399999999999864e+02
1.487362832594750881e+09 1.421999999999999931e-01 2.791399999999999864e+02
1.487362832708683014e+09 1.423999999999999988e-01 2.791399999999999864e+02
1.487362832808444977e+09 1.423000000000000098e-01 2.791399999999999864e+02
1.487362832908214092e+09 1.423999999999999988e-01 2.791399999999999864e+02
1.487362833005198956e+09 1.423000000000000098e-01 2.791399999999999864e+02
1.487362833107742071e+09 1.423999999999999988e-01 2.791399999999999864e+02
1.487362833207503080e+09 1.421999999999999931e-01 2.791399999999999864e+02
1.487362833305311918e+09 1.423000000000000098e-01 2.791399999999999864e+02
1.487362833407028913e+09 1.421999999999999931e-01 2.791399999999999864e+02
1.487362833502948046e+09 1.423000000000000098e-01 2.791499999999999773e+02
1.487362833621143103e+09 1.423999999999999988e-01 2.791499999999999773e+02
1.487362833721071005e+09 1.421999999999999931e-01 2.791499999999999773e+02
1.487362833820031881e+09 1.421999999999999931e-01 2.791499999999999773e+02
1.487362833919995070e+09 1.421999999999999931e-01 2.791499999999999773e+02
1.487362834019007921e+09 1.423000000000000098e-01 2.791499999999999773e+02
1.487362834118886948e+09 1.421000000000000041e-01 2.791499999999999773e+02
1.487362834216172934e+09 1.421999999999999931e-01 2.791499999999999773e+02
1.487362834313699007e+09 1.423000000000000098e-01 2.791499999999999773e+02
1.487362834431965113e+09 1.423000000000000098e-01 2.791499999999999773e+02
1.487362834531980991e+09 1.421999999999999931e-01 2.791499999999999773e+02
1.487362834630932093e+09 1.421000000000000041e-01 2.791499999999999773e+02
1.487362834730878115e+09 1.421999999999999931e-01 2.791600000000000250e+02
1.487362834827452898e+09 1.421999999999999931e-01 2.791600000000000250e+02
1.487362834928237915e+09 1.421000000000000041e-01 2.791600000000000250e+02
1.487362835030023098e+09 1.423000000000000098e-01 2.791600000000000250e+02
1.487362835123997927e+09 1.421999999999999931e-01 2.791600000000000250e+02
1.487362835242980003e+09 1.423000000000000098e-01 2.791600000000000250e+02
1.487362835337872028e+09 1.421999999999999931e-01 2.791600000000000250e+02
1.487362835440275908e+09 1.423000000000000098e-01 2.791600000000000250e+02
1.487362835541862965e+09 1.423000000000000098e-01 2.791600000000000250e+02
1.487362835640893936e+09 1.423000000000000098e-01 2.791600000000000250e+02
1.487362835738575935e+09 1.423000000000000098e-01 2.791600000000000250e+02
1.487362835840655088e+09 1.423999999999999988e-01 2.791700000000000159e+02
1.487362835937546968e+09 1.423999999999999988e-01 2.791700000000000159e+02
1.487362836050685883e+09 1.421999999999999931e-01 2.791700000000000159e+02
1.487362836150449991e+09 1.423999999999999988e-01 2.791700000000000159e+02
1.487362836250216007e+09 1.423000000000000098e-01 2.791700000000000159e+02
1.487362836349997044e+09 1.423999999999999988e-01 2.791700000000000159e+02
1.487362836449748993e+09 1.421999999999999931e-01 2.791700000000000159e+02
1.487362836549518108e+09 1.421000000000000041e-01 2.791700000000000159e+02
1.487362836649281979e+09 1.421999999999999931e-01 2.791700000000000159e+02
1.487362836749056101e+09 1.423000000000000098e-01 2.791700000000000159e+02
1.487362836864892006e+09 1.423000000000000098e-01 2.791700000000000159e+02
1.487362836964735031e+09 1.421999999999999931e-01 2.791700000000000159e+02
1.487362837064702034e+09 1.423000000000000098e-01 2.791700000000000159e+02
1.487362837163696051e+09 1.421999999999999931e-01 2.791800000000000068e+02
1.487362837263603926e+09 1.421999999999999931e-01 2.791800000000000068e+02
1.487362837357884884e+09 1.421999999999999931e-01 2.791800000000000068e+02
1.487362837462661028e+09 1.423999999999999988e-01 2.791800000000000068e+02
1.487362837561620951e+09 1.423000000000000098e-01 2.791800000000000068e+02
1.487362837675586939e+09 1.423000000000000098e-01 2.791800000000000068e+02
1.487362837775598049e+09 1.423000000000000098e-01 2.791800000000000068e+02
1.487362837875672102e+09 1.423000000000000098e-01 2.791800000000000068e+02
1.487362837974678993e+09 1.421999999999999931e-01 2.791800000000000068e+02
1.487362838074538946e+09 1.423999999999999988e-01 2.791800000000000068e+02
1.487362838173600912e+09 1.423000000000000098e-01 2.791800000000000068e+02
1.487362838270740986e+09 1.423000000000000098e-01 2.791899999999999977e+02
1.487362838372353077e+09 1.421999999999999931e-01 2.791899999999999977e+02
1.487362838486603022e+09 1.421999999999999931e-01 2.791899999999999977e+02
1.487362838586755037e+09 1.421999999999999931e-01 2.791899999999999977e+02
1.487362838686434984e+09 1.423000000000000098e-01 2.791899999999999977e+02
1.487362838785523891e+09 1.421999999999999931e-01 2.791899999999999977e+02
1.487362838885620117e+09 1.421999999999999931e-01 2.791899999999999977e+02
1.487362838984510899e+09 1.421999999999999931e-01 2.791899999999999977e+02
1.487362839084490061e+09 1.421999999999999931e-01 2.791899999999999977e+02
1.487362839183470964e+09 1.421999999999999931e-01 2.791899999999999977e+02
1.487362839292979002e+09 1.421999999999999931e-01 2.791899999999999977e+02
1.487362839397373915e+09 1.423000000000000098e-01 2.791899999999999977e+02
1.487362839492518902e+09 1.423000000000000098e-01 2.791899999999999977e+02
1.487362839592309952e+09 1.423000000000000098e-01 2.791899999999999977e+02
1.487362839692044020e+09 1.421999999999999931e-01 2.791999999999999886e+02
1.487362839791704893e+09 1.423000000000000098e-01 2.791999999999999886e+02
1.487362839891570091e+09 1.423000000000000098e-01 2.791999999999999886e+02
1.487362839991336107e+09 1.421999999999999931e-01 2.791999999999999886e+02
1.487362840091085911e+09 1.423000000000000098e-01 2.791999999999999886e+02
1.487362840207441092e+09 1.423000000000000098e-01 2.791999999999999886e+02
1.487362840307190895e+09 1.423000000000000098e-01 2.791999999999999886e+02
1.487362840406964064e+09 1.423000000000000098e-01 2.791999999999999886e+02
1.487362840503427029e+09 1.423999999999999988e-01 2.791999999999999886e+02
1.487362840601486921e+09 1.423999999999999988e-01 2.791999999999999886e+02
1.487362840706258059e+09 1.421999999999999931e-01 2.791999999999999886e+02
1.487362840806036949e+09 1.423000000000000098e-01 2.791999999999999886e+02
1.487362840918551922e+09 1.423000000000000098e-01 2.791999999999999886e+02
1.487362841019501925e+09 1.423000000000000098e-01 2.792099999999999795e+02
1.487362841115241051e+09 1.423000000000000098e-01 2.792099999999999795e+02
1.487362841215821028e+09 1.421999999999999931e-01 2.792099999999999795e+02
1.487362841316647053e+09 1.423000000000000098e-01 2.792099999999999795e+02
1.487362841412478924e+09 1.423000000000000098e-01 2.792099999999999795e+02
1.487362841514203072e+09 1.421000000000000041e-01 2.792099999999999795e+02
1.487362841617301941e+09 1.421999999999999931e-01 2.792099999999999795e+02
1.487362841716352940e+09 1.423000000000000098e-01 2.792099999999999795e+02
1.487362841828423977e+09 1.423999999999999988e-01 2.792099999999999795e+02
1.487362841925972939e+09 1.421999999999999931e-01 2.792099999999999795e+02
1.487362842026010990e+09 1.421999999999999931e-01 2.792099999999999795e+02
1.487362842126969099e+09 1.423000000000000098e-01 2.792099999999999795e+02
1.487362842223397970e+09 1.421999999999999931e-01 2.792099999999999795e+02
1.487362842323309898e+09 1.423999999999999988e-01 2.792099999999999795e+02
1.487362842425779104e+09 1.421999999999999931e-01 2.792099999999999795e+02
1.487362842523590088e+09 1.423999999999999988e-01 2.792099999999999795e+02
1.487362842623405933e+09 1.421999999999999931e-01 2.792200000000000273e+02
1.487362842741523027e+09 1.421999999999999931e-01 2.792200000000000273e+02
1.487362842835798979e+09 1.423000000000000098e-01 2.792200000000000273e+02
1.487362842936008930e+09 1.423000000000000098e-01 2.792200000000000273e+02
1.487362843033965111e+09 1.421999999999999931e-01 2.792200000000000273e+02
1.487362843135454893e+09 1.423000000000000098e-01 2.792200000000000273e+02
1.487362843236216068e+09 1.421999999999999931e-01 2.792200000000000273e+02
1.487362843337201118e+09 1.421999999999999931e-01 2.792200000000000273e+02
1.487362843433957100e+09 1.423000000000000098e-01 2.792200000000000273e+02
1.487362843551748037e+09 1.423000000000000098e-01 2.792200000000000273e+02
1.487362843649283886e+09 1.423999999999999988e-01 2.792200000000000273e+02
1.487362843749028921e+09 1.421999999999999931e-01 2.792200000000000273e+02
1.487362843847414017e+09 1.423000000000000098e-01 2.792300000000000182e+02
1.487362843945692062e+09 1.421999999999999931e-01 2.792300000000000182e+02
1.487362844048310995e+09 1.423999999999999988e-01 2.792300000000000182e+02
1.487362844144068956e+09 1.421999999999999931e-01 2.792300000000000182e+02
1.487362844245423079e+09 1.423000000000000098e-01 2.792300000000000182e+02
1.487362844357959986e+09 1.423000000000000098e-01 2.792300000000000182e+02
1.487362844459388971e+09 1.423000000000000098e-01 2.792300000000000182e+02
1.487362844557888031e+09 1.423999999999999988e-01 2.792300000000000182e+02
1.487362844656377077e+09 1.423000000000000098e-01 2.792300000000000182e+02
1.487362844758892059e+09 1.423000000000000098e-01 2.792300000000000182e+02
1.487362844861160040e+09 1.421999999999999931e-01 2.792300000000000182e+02
1.487362844960232019e+09 1.423999999999999988e-01 2.792300000000000182e+02
1.487362845059395075e+09 1.421999999999999931e-01 2.792300000000000182e+02
1.487362845170135021e+09 1.423000000000000098e-01 2.792300000000000182e+02
1.487362845268640041e+09 1.423000000000000098e-01 2.792400000000000091e+02
1.487362845372874975e+09 1.423000000000000098e-01 2.792400000000000091e+02
1.487362845468702078e+09 1.423000000000000098e-01 2.792300000000000182e+02
1.487362845571993113e+09 1.423000000000000098e-01 2.792400000000000091e+02
1.487362845667200089e+09 1.421999999999999931e-01 2.792400000000000091e+02
1.487362845767774105e+09 1.423000000000000098e-01 2.792400000000000091e+02
1.487362845870801926e+09 1.423000000000000098e-01 2.792400000000000091e+02
1.487362845985025883e+09 1.423000000000000098e-01 2.792400000000000091e+02
1.487362846083842039e+09 1.423999999999999988e-01 2.792400000000000091e+02
1.487362846183844090e+09 1.423999999999999988e-01 2.792400000000000091e+02
1.487362846282845974e+09 1.423000000000000098e-01 2.792400000000000091e+02
1.487362846382924080e+09 1.423000000000000098e-01 2.792400000000000091e+02
1.487362846482978106e+09 1.421999999999999931e-01 2.792400000000000091e+02
1.487362846581780910e+09 1.421999999999999931e-01 2.792400000000000091e+02
1.487362846682077885e+09 1.423000000000000098e-01 2.792400000000000091e+02
1.487362846791776896e+09 1.423000000000000098e-01 2.792400000000000091e+02
