# 
# Duration (in s): 30
# Pointing Position of the Horn: Calibrator paddle
# Angle pointing (from vertical): 0
# Calibrator used: YES
# Weather: very clear
# Units: nanoWatt
# Comments: Nitrogen
1.492192646280844927e+09 7.976999999999999647e-01 2.983899999999999864e+02
1.492192646385528088e+09 7.977999999999999536e-01 2.983899999999999864e+02
1.492192646484464884e+09 7.985999999999999766e-01 2.983999999999999773e+02
1.492192646584562063e+09 7.986999999999999655e-01 2.984100000000000250e+02
1.492192646684381962e+09 7.986999999999999655e-01 2.984100000000000250e+02
1.492192646784372091e+09 7.973999999999999977e-01 2.984100000000000250e+02
1.492192646882641077e+09 7.974999999999999867e-01 2.984100000000000250e+02
1.492192646982446909e+09 7.977999999999999536e-01 2.983999999999999773e+02
1.492192647081412077e+09 7.976999999999999647e-01 2.983999999999999773e+02
1.492192647181951046e+09 7.980000000000000426e-01 2.983899999999999864e+02
1.492192647296222925e+09 7.984999999999999876e-01 2.983799999999999955e+02
1.492192647396377087e+09 7.979000000000000536e-01 2.983799999999999955e+02
1.492192647495253086e+09 7.981000000000000316e-01 2.983700000000000045e+02
1.492192647595304966e+09 7.982000000000000206e-01 2.983600000000000136e+02
1.492192647695321083e+09 7.980000000000000426e-01 2.983500000000000227e+02
1.492192647794308901e+09 7.983000000000000096e-01 2.983500000000000227e+02
1.492192647894154072e+09 7.976999999999999647e-01 2.983399999999999750e+02
1.492192647992327929e+09 7.983999999999999986e-01 2.983299999999999841e+02
1.492192648093218088e+09 7.969000000000000528e-01 2.983299999999999841e+02
1.492192648207036972e+09 7.983999999999999986e-01 2.983199999999999932e+02
1.492192648307363033e+09 7.975999999999999757e-01 2.983100000000000023e+02
1.492192648406238079e+09 7.982000000000000206e-01 2.983100000000000023e+02
1.492192648506181955e+09 7.984999999999999876e-01 2.983100000000000023e+02
1.492192648605973005e+09 7.981000000000000316e-01 2.983100000000000023e+02
1.492192648705195904e+09 7.983999999999999986e-01 2.983000000000000114e+02
1.492192648805282116e+09 7.975999999999999757e-01 2.983000000000000114e+02
1.492192648905204058e+09 7.981000000000000316e-01 2.983100000000000023e+02
1.492192649004211903e+09 7.980000000000000426e-01 2.983100000000000023e+02
1.492192649118472099e+09 7.985999999999999766e-01 2.983100000000000023e+02
1.492192649218080044e+09 7.985999999999999766e-01 2.983100000000000023e+02
1.492192649317163944e+09 7.983000000000000096e-01 2.983100000000000023e+02
1.492192649417082071e+09 7.983999999999999986e-01 2.983000000000000114e+02
1.492192649516990900e+09 7.980000000000000426e-01 2.983000000000000114e+02
1.492192649616144896e+09 7.977999999999999536e-01 2.982900000000000205e+02
1.492192649716037035e+09 7.979000000000000536e-01 2.982699999999999818e+02
1.492192649816030025e+09 7.973999999999999977e-01 2.982699999999999818e+02
1.492192649929882050e+09 7.972000000000000197e-01 2.982500000000000000e+02
1.492192650029423952e+09 7.981000000000000316e-01 2.982400000000000091e+02
1.492192650129020929e+09 7.976999999999999647e-01 2.982200000000000273e+02
1.492192650229175091e+09 7.975999999999999757e-01 2.982200000000000273e+02
1.492192650328087091e+09 7.977999999999999536e-01 2.982099999999999795e+02
1.492192650427968979e+09 7.974999999999999867e-01 2.982099999999999795e+02
1.492192650528207064e+09 7.981000000000000316e-01 2.982099999999999795e+02
1.492192650626939058e+09 7.983999999999999986e-01 2.981999999999999886e+02
1.492192650740089893e+09 7.980000000000000426e-01 2.981999999999999886e+02
1.492192650841088057e+09 7.981000000000000316e-01 2.981999999999999886e+02
1.492192650939620018e+09 7.987999999999999545e-01 2.982099999999999795e+02
1.492192651039330006e+09 7.980000000000000426e-01 2.982099999999999795e+02
1.492192651139087915e+09 7.983999999999999986e-01 2.982099999999999795e+02
1.492192651238764048e+09 7.979000000000000536e-01 2.982099999999999795e+02
1.492192651338624954e+09 7.981000000000000316e-01 2.982099999999999795e+02
1.492192651438389063e+09 7.975999999999999757e-01 2.982099999999999795e+02
1.492192651552916050e+09 7.986999999999999655e-01 2.982099999999999795e+02
1.492192651653091908e+09 7.981000000000000316e-01 2.982200000000000273e+02
1.492192651751996040e+09 7.974999999999999867e-01 2.982099999999999795e+02
1.492192651851886988e+09 7.982000000000000206e-01 2.982099999999999795e+02
1.492192651951898098e+09 7.975999999999999757e-01 2.982099999999999795e+02
1.492192652050976038e+09 7.979000000000000536e-01 2.982099999999999795e+02
1.492192652151030064e+09 7.976999999999999647e-01 2.982200000000000273e+02
1.492192652250037909e+09 7.980000000000000426e-01 2.982200000000000273e+02
1.492192652363909960e+09 7.980000000000000426e-01 2.982099999999999795e+02
1.492192652463851929e+09 7.973999999999999977e-01 2.982200000000000273e+02
1.492192652563951969e+09 7.979000000000000536e-01 2.982200000000000273e+02
1.492192652663101912e+09 7.989000000000000545e-01 2.982200000000000273e+02
1.492192652763178110e+09 7.980000000000000426e-01 2.982200000000000273e+02
1.492192652862924099e+09 7.975999999999999757e-01 2.982300000000000182e+02
1.492192652961839914e+09 7.973999999999999977e-01 2.982300000000000182e+02
1.492192653061808109e+09 7.976999999999999647e-01 2.982400000000000091e+02
1.492192653175676107e+09 7.976999999999999647e-01 2.982400000000000091e+02
1.492192653275866985e+09 7.983999999999999986e-01 2.982400000000000091e+02
1.492192653374809027e+09 7.976999999999999647e-01 2.982500000000000000e+02
1.492192653474828959e+09 7.975999999999999757e-01 2.982599999999999909e+02
1.492192653574660063e+09 7.980000000000000426e-01 2.982599999999999909e+02
1.492192653672905922e+09 7.973999999999999977e-01 2.982599999999999909e+02
1.492192653773008108e+09 7.982000000000000206e-01 2.982599999999999909e+02
1.492192653873663902e+09 7.983999999999999986e-01 2.982599999999999909e+02
1.492192653986653090e+09 7.982000000000000206e-01 2.982599999999999909e+02
1.492192654086747885e+09 7.976999999999999647e-01 2.982599999999999909e+02
1.492192654185796976e+09 7.983999999999999986e-01 2.982699999999999818e+02
1.492192654285621881e+09 7.980000000000000426e-01 2.982799999999999727e+02
1.492192654385705948e+09 7.974999999999999867e-01 2.982799999999999727e+02
1.492192654485033035e+09 7.982000000000000206e-01 2.982900000000000205e+02
1.492192654584673882e+09 7.983999999999999986e-01 2.982900000000000205e+02
1.492192654684721947e+09 7.980000000000000426e-01 2.982900000000000205e+02
1.492192654798439980e+09 7.983999999999999986e-01 2.983100000000000023e+02
1.492192654898602009e+09 7.974999999999999867e-01 2.983199999999999932e+02
1.492192654996541023e+09 7.982000000000000206e-01 2.983199999999999932e+02
1.492192655097685099e+09 7.979000000000000536e-01 2.983199999999999932e+02
1.492192655197443962e+09 7.977999999999999536e-01 2.983199999999999932e+02
1.492192655295831919e+09 7.981000000000000316e-01 2.983199999999999932e+02
1.492192655395668030e+09 7.980000000000000426e-01 2.983199999999999932e+02
1.492192655496500015e+09 7.976999999999999647e-01 2.983199999999999932e+02
1.492192655609700918e+09 7.982000000000000206e-01 2.983199999999999932e+02
1.492192655709458113e+09 7.970000000000000417e-01 2.983199999999999932e+02
1.492192655809525967e+09 7.981000000000000316e-01 2.983199999999999932e+02
1.492192655908582926e+09 7.979000000000000536e-01 2.983100000000000023e+02
1.492192656008511066e+09 7.980000000000000426e-01 2.983100000000000023e+02
1.492192656108578920e+09 7.981000000000000316e-01 2.983100000000000023e+02
1.492192656207484961e+09 7.973999999999999977e-01 2.983000000000000114e+02
1.492192656307621002e+09 7.984999999999999876e-01 2.983000000000000114e+02
1.492192656421513081e+09 7.982000000000000206e-01 2.983000000000000114e+02
1.492192656521712065e+09 7.983999999999999986e-01 2.983000000000000114e+02
1.492192656620594978e+09 7.981000000000000316e-01 2.983100000000000023e+02
1.492192656720432043e+09 7.975999999999999757e-01 2.983100000000000023e+02
1.492192656820604086e+09 7.973999999999999977e-01 2.983100000000000023e+02
1.492192656919609070e+09 7.983000000000000096e-01 2.983000000000000114e+02
1.492192657019509077e+09 7.984999999999999876e-01 2.982900000000000205e+02
1.492192657119385958e+09 7.983000000000000096e-01 2.982900000000000205e+02
1.492192657232285976e+09 7.979000000000000536e-01 2.982900000000000205e+02
1.492192657332540035e+09 7.983999999999999986e-01 2.982900000000000205e+02
1.492192657432286978e+09 7.981000000000000316e-01 2.982900000000000205e+02
1.492192657532480001e+09 7.982000000000000206e-01 2.982900000000000205e+02
1.492192657631409883e+09 7.977999999999999536e-01 2.982900000000000205e+02
1.492192657731353045e+09 7.982000000000000206e-01 2.982900000000000205e+02
1.492192657830282927e+09 7.975999999999999757e-01 2.982900000000000205e+02
1.492192657930352926e+09 7.973000000000000087e-01 2.983000000000000114e+02
1.492192658044419050e+09 7.973999999999999977e-01 2.983100000000000023e+02
1.492192658144315004e+09 7.967999999999999527e-01 2.983100000000000023e+02
1.492192658243259907e+09 7.982000000000000206e-01 2.983199999999999932e+02
1.492192658343328953e+09 7.976999999999999647e-01 2.983199999999999932e+02
1.492192658443450928e+09 7.972000000000000197e-01 2.983299999999999841e+02
1.492192658542294025e+09 7.975999999999999757e-01 2.983299999999999841e+02
1.492192658642240047e+09 7.976999999999999647e-01 2.983399999999999750e+02
1.492192658742338896e+09 7.980000000000000426e-01 2.983399999999999750e+02
1.492192658856370926e+09 7.980000000000000426e-01 2.983399999999999750e+02
1.492192658954332113e+09 7.979000000000000536e-01 2.983500000000000227e+02
1.492192659055131912e+09 7.975999999999999757e-01 2.983500000000000227e+02
1.492192659153292894e+09 7.985999999999999766e-01 2.983600000000000136e+02
1.492192659254231930e+09 7.983000000000000096e-01 2.983600000000000136e+02
1.492192659354064941e+09 7.983999999999999986e-01 2.983500000000000227e+02
1.492192659452579021e+09 7.981000000000000316e-01 2.983500000000000227e+02
1.492192659552362919e+09 7.982000000000000206e-01 2.983500000000000227e+02
1.492192659667196035e+09 7.979000000000000536e-01 2.983500000000000227e+02
1.492192659767246008e+09 7.986999999999999655e-01 2.983600000000000136e+02
1.492192659866298914e+09 7.973999999999999977e-01 2.983600000000000136e+02
1.492192659966036081e+09 7.985999999999999766e-01 2.983600000000000136e+02
1.492192660066080093e+09 7.974999999999999867e-01 2.983600000000000136e+02
1.492192660165235043e+09 7.993000000000000105e-01 2.983600000000000136e+02
1.492192660265306950e+09 7.973000000000000087e-01 2.983600000000000136e+02
1.492192660364963055e+09 7.984999999999999876e-01 2.983700000000000045e+02
1.492192660479218960e+09 7.979000000000000536e-01 2.983700000000000045e+02
1.492192660578161955e+09 7.975999999999999757e-01 2.983700000000000045e+02
1.492192660678002119e+09 7.981000000000000316e-01 2.983899999999999864e+02
1.492192660777072906e+09 7.973999999999999977e-01 2.983899999999999864e+02
1.492192660877116919e+09 7.981000000000000316e-01 2.984100000000000250e+02
1.492192660977054119e+09 7.983999999999999986e-01 2.984100000000000250e+02
1.492192661077050924e+09 7.974999999999999867e-01 2.984200000000000159e+02
1.492192661176040888e+09 7.982000000000000206e-01 2.984200000000000159e+02
1.492192661290047884e+09 7.979000000000000536e-01 2.984200000000000159e+02
1.492192661389992952e+09 7.983999999999999986e-01 2.984300000000000068e+02
1.492192661489011049e+09 7.980000000000000426e-01 2.984399999999999977e+02
1.492192661588996887e+09 7.983000000000000096e-01 2.984399999999999977e+02
1.492192661688982964e+09 7.979000000000000536e-01 2.984399999999999977e+02
1.492192661788053036e+09 7.982000000000000206e-01 2.984499999999999886e+02
1.492192661887959003e+09 7.981000000000000316e-01 2.984599999999999795e+02
1.492192661987982988e+09 7.983999999999999986e-01 2.984599999999999795e+02
1.492192662101820946e+09 7.983999999999999986e-01 2.984700000000000273e+02
1.492192662200937986e+09 7.983000000000000096e-01 2.984700000000000273e+02
1.492192662301000118e+09 7.973999999999999977e-01 2.984900000000000091e+02
1.492192662401133060e+09 7.980000000000000426e-01 2.984900000000000091e+02
1.492192662500013113e+09 7.979000000000000536e-01 2.985000000000000000e+02
1.492192662599864006e+09 7.986999999999999655e-01 2.985099999999999909e+02
1.492192662699908972e+09 7.977999999999999536e-01 2.985099999999999909e+02
1.492192662798896074e+09 7.976999999999999647e-01 2.985199999999999818e+02
1.492192662913037062e+09 7.979000000000000536e-01 2.985199999999999818e+02
1.492192663012818098e+09 7.977999999999999536e-01 2.985199999999999818e+02
1.492192663111898899e+09 7.979000000000000536e-01 2.985099999999999909e+02
1.492192663211813927e+09 7.983000000000000096e-01 2.985000000000000000e+02
1.492192663311789989e+09 7.976999999999999647e-01 2.984900000000000091e+02
1.492192663410913944e+09 7.975999999999999757e-01 2.984900000000000091e+02
1.492192663510776997e+09 7.973000000000000087e-01 2.984800000000000182e+02
1.492192663610707045e+09 7.972000000000000197e-01 2.984900000000000091e+02
1.492192663724778891e+09 7.979000000000000536e-01 2.984900000000000091e+02
1.492192663823920012e+09 7.980000000000000426e-01 2.984900000000000091e+02
1.492192663923801899e+09 7.974999999999999867e-01 2.984900000000000091e+02
1.492192664023885012e+09 7.970000000000000417e-01 2.984900000000000091e+02
1.492192664122764111e+09 7.981000000000000316e-01 2.984900000000000091e+02
1.492192664222771883e+09 7.981000000000000316e-01 2.984900000000000091e+02
1.492192664322658062e+09 7.973999999999999977e-01 2.984800000000000182e+02
1.492192664421838999e+09 7.973000000000000087e-01 2.984800000000000182e+02
1.492192664535886049e+09 7.985999999999999766e-01 2.984800000000000182e+02
1.492192664635689974e+09 7.976999999999999647e-01 2.984800000000000182e+02
1.492192664735028028e+09 7.983000000000000096e-01 2.984800000000000182e+02
1.492192664834260941e+09 7.975999999999999757e-01 2.984800000000000182e+02
1.492192664934659958e+09 7.983000000000000096e-01 2.984800000000000182e+02
1.492192665033602953e+09 7.977999999999999536e-01 2.984900000000000091e+02
1.492192665133739948e+09 7.973999999999999977e-01 2.984900000000000091e+02
1.492192665233836889e+09 7.979000000000000536e-01 2.984900000000000091e+02
1.492192665347678900e+09 7.981000000000000316e-01 2.984900000000000091e+02
1.492192665446708918e+09 7.985999999999999766e-01 2.984900000000000091e+02
1.492192665546638012e+09 7.984999999999999876e-01 2.984900000000000091e+02
1.492192665646570921e+09 7.975999999999999757e-01 2.984800000000000182e+02
1.492192665745640039e+09 7.981000000000000316e-01 2.984800000000000182e+02
1.492192665845772982e+09 7.980000000000000426e-01 2.984800000000000182e+02
1.492192665945667028e+09 7.972000000000000197e-01 2.984800000000000182e+02
1.492192666044545889e+09 7.981000000000000316e-01 2.984900000000000091e+02
1.492192666158601046e+09 7.976999999999999647e-01 2.984900000000000091e+02
1.492192666258608103e+09 7.981000000000000316e-01 2.985099999999999909e+02
1.492192666357657909e+09 7.984999999999999876e-01 2.985099999999999909e+02
1.492192666457537889e+09 7.979000000000000536e-01 2.985299999999999727e+02
1.492192666557579041e+09 7.972000000000000197e-01 2.985299999999999727e+02
1.492192666656568050e+09 7.971000000000000307e-01 2.985400000000000205e+02
1.492192666756577969e+09 7.975999999999999757e-01 2.985500000000000114e+02
1.492192666856504917e+09 7.982000000000000206e-01 2.985500000000000114e+02
1.492192666969271898e+09 7.983000000000000096e-01 2.985600000000000023e+02
1.492192667070605993e+09 7.983999999999999986e-01 2.985699999999999932e+02
1.492192667169450998e+09 7.981000000000000316e-01 2.985699999999999932e+02
1.492192667269598961e+09 7.979000000000000536e-01 2.985699999999999932e+02
1.492192667368325949e+09 7.979000000000000536e-01 2.985799999999999841e+02
1.492192667468317032e+09 7.977999999999999536e-01 2.985799999999999841e+02
1.492192667568249941e+09 7.973999999999999977e-01 2.985799999999999841e+02
1.492192667668600082e+09 7.976999999999999647e-01 2.985899999999999750e+02
1.492192667781363964e+09 7.974999999999999867e-01 2.986100000000000136e+02
1.492192667881488085e+09 7.970000000000000417e-01 2.986100000000000136e+02
1.492192667981358051e+09 7.974999999999999867e-01 2.986100000000000136e+02
1.492192668080555916e+09 7.973000000000000087e-01 2.986100000000000136e+02
1.492192668180445910e+09 7.979000000000000536e-01 2.986299999999999955e+02
1.492192668280554056e+09 7.979000000000000536e-01 2.986299999999999955e+02
1.492192668379477024e+09 7.974999999999999867e-01 2.986399999999999864e+02
1.492192668479406118e+09 7.982000000000000206e-01 2.986499999999999773e+02
1.492192668593509912e+09 7.972000000000000197e-01 2.986499999999999773e+02
1.492192668693310976e+09 7.972000000000000197e-01 2.986499999999999773e+02
1.492192668792445898e+09 7.985999999999999766e-01 2.986600000000000250e+02
1.492192668892384052e+09 7.973000000000000087e-01 2.986600000000000250e+02
1.492192668992400885e+09 7.970000000000000417e-01 2.986700000000000159e+02
1.492192669091233015e+09 7.979000000000000536e-01 2.986700000000000159e+02
1.492192669191262960e+09 7.981000000000000316e-01 2.986800000000000068e+02
1.492192669291271925e+09 7.982000000000000206e-01 2.986800000000000068e+02
1.492192669404344082e+09 7.983000000000000096e-01 2.986899999999999977e+02
1.492192669504198074e+09 7.974999999999999867e-01 2.986899999999999977e+02
1.492192669604265928e+09 7.973999999999999977e-01 2.986899999999999977e+02
1.492192669703227043e+09 7.981000000000000316e-01 2.986999999999999886e+02
1.492192669803191900e+09 7.970000000000000417e-01 2.987099999999999795e+02
1.492192669903222084e+09 7.977999999999999536e-01 2.987099999999999795e+02
1.492192670002270937e+09 7.976999999999999647e-01 2.987099999999999795e+02
1.492192670102237940e+09 7.980000000000000426e-01 2.987200000000000273e+02
1.492192670216064930e+09 7.979000000000000536e-01 2.987099999999999795e+02
1.492192670316387892e+09 7.985999999999999766e-01 2.987099999999999795e+02
1.492192670415353060e+09 7.977999999999999536e-01 2.987099999999999795e+02
1.492192670515081882e+09 7.976999999999999647e-01 2.987099999999999795e+02
1.492192670615258932e+09 7.977999999999999536e-01 2.987099999999999795e+02
1.492192670713502884e+09 7.979000000000000536e-01 2.987200000000000273e+02
1.492192670814342976e+09 7.974999999999999867e-01 2.987200000000000273e+02
1.492192670914107084e+09 7.983000000000000096e-01 2.987200000000000273e+02
1.492192671027240038e+09 7.980000000000000426e-01 2.987200000000000273e+02
1.492192671127057076e+09 7.976999999999999647e-01 2.987200000000000273e+02
1.492192671227016926e+09 7.979000000000000536e-01 2.987200000000000273e+02
1.492192671327126980e+09 7.973000000000000087e-01 2.987200000000000273e+02
1.492192671426034927e+09 7.977999999999999536e-01 2.987300000000000182e+02
1.492192671526041031e+09 7.979000000000000536e-01 2.987400000000000091e+02
1.492192671625060081e+09 7.979000000000000536e-01 2.987300000000000182e+02
1.492192671725016117e+09 7.975999999999999757e-01 2.987300000000000182e+02
1.492192671839087009e+09 7.975999999999999757e-01 2.987200000000000273e+02
1.492192671939013958e+09 7.975999999999999757e-01 2.987200000000000273e+02
1.492192672038050890e+09 7.972000000000000197e-01 2.987200000000000273e+02
1.492192672138150930e+09 7.970000000000000417e-01 2.987200000000000273e+02
1.492192672237067938e+09 7.979000000000000536e-01 2.987200000000000273e+02
1.492192672337105036e+09 7.971000000000000307e-01 2.987099999999999795e+02
1.492192672437203884e+09 7.974999999999999867e-01 2.987099999999999795e+02
1.492192672537158012e+09 7.983999999999999986e-01 2.987200000000000273e+02
1.492192672650043011e+09 7.976999999999999647e-01 2.987200000000000273e+02
1.492192672750225067e+09 7.974999999999999867e-01 2.987200000000000273e+02
1.492192672850059986e+09 7.976999999999999647e-01 2.987300000000000182e+02
1.492192672949115038e+09 7.979000000000000536e-01 2.987300000000000182e+02
1.492192673049065113e+09 7.984999999999999876e-01 2.987300000000000182e+02
1.492192673148897886e+09 7.981000000000000316e-01 2.987400000000000091e+02
1.492192673248024940e+09 7.979000000000000536e-01 2.987500000000000000e+02
1.492192673347959042e+09 7.977999999999999536e-01 2.987400000000000091e+02
1.492192673461975098e+09 7.972000000000000197e-01 2.987400000000000091e+02
1.492192673561882019e+09 7.986999999999999655e-01 2.987400000000000091e+02
1.492192673660918951e+09 7.974999999999999867e-01 2.987500000000000000e+02
1.492192673760210991e+09 7.973999999999999977e-01 2.987500000000000000e+02
1.492192673861237049e+09 7.983000000000000096e-01 2.987599999999999909e+02
1.492192673959836006e+09 7.976999999999999647e-01 2.987699999999999818e+02
1.492192674060046911e+09 7.984999999999999876e-01 2.987699999999999818e+02
1.492192674159921885e+09 7.975999999999999757e-01 2.987699999999999818e+02
1.492192674273981094e+09 7.973000000000000087e-01 2.987799999999999727e+02
1.492192674372805119e+09 7.975999999999999757e-01 2.987900000000000205e+02
1.492192674472897053e+09 7.980000000000000426e-01 2.987900000000000205e+02
1.492192674572371960e+09 7.986999999999999655e-01 2.987900000000000205e+02
1.492192674671866894e+09 7.971000000000000307e-01 2.987799999999999727e+02
1.492192674771863937e+09 7.972000000000000197e-01 2.987900000000000205e+02
1.492192674870868921e+09 7.977999999999999536e-01 2.987900000000000205e+02
1.492192674970196962e+09 7.977999999999999536e-01 2.987900000000000205e+02
1.492192675084700108e+09 7.974999999999999867e-01 2.987900000000000205e+02
1.492192675184811115e+09 7.977999999999999536e-01 2.987900000000000205e+02
1.492192675283718109e+09 7.983999999999999986e-01 2.987900000000000205e+02
1.492192675383882046e+09 7.990000000000000435e-01 2.988000000000000114e+02
1.492192675483844995e+09 7.984999999999999876e-01 2.988000000000000114e+02
1.492192675582690001e+09 7.982000000000000206e-01 2.988000000000000114e+02
1.492192675682775021e+09 7.985999999999999766e-01 2.988000000000000114e+02
1.492192675782689095e+09 7.974999999999999867e-01 2.988000000000000114e+02
1.492192675896650076e+09 7.977999999999999536e-01 2.988000000000000114e+02
1.492192675995781898e+09 7.977999999999999536e-01 2.988100000000000023e+02
1.492192676095932961e+09 7.974999999999999867e-01 2.988100000000000023e+02
1.492192676195693016e+09 7.974999999999999867e-01 2.988100000000000023e+02
