# 
# Duration (in s): 30
# Pointing Position of the Horn: Calibrator paddle
# Angle pointing (from vertical): 0
# Calibrator used: YES
# Weather: very clear
# Units: microWatt
# Comments: Nitrogen
1.492195494491153955e+09 7.923000000000000043e-01 2.950899999999999750e+02
1.492195494608988047e+09 7.916999999999999593e-01 2.950899999999999750e+02
1.492195494709036112e+09 7.925999999999999712e-01 2.950899999999999750e+02
1.492195494822973013e+09 7.919000000000000483e-01 2.950899999999999750e+02
1.492195494921857119e+09 7.921000000000000263e-01 2.951000000000000227e+02
1.492195495021821022e+09 7.927999999999999492e-01 2.951000000000000227e+02
1.492195495121757984e+09 7.919000000000000483e-01 2.951000000000000227e+02
1.492195495219914913e+09 7.921000000000000263e-01 2.951000000000000227e+02
1.492195495320611000e+09 7.922000000000000153e-01 2.951000000000000227e+02
1.492195495420725107e+09 7.927999999999999492e-01 2.951000000000000227e+02
1.492195495519885063e+09 7.927999999999999492e-01 2.951000000000000227e+02
1.492195495633306026e+09 7.926999999999999602e-01 2.951000000000000227e+02
1.492195495733069897e+09 7.910000000000000364e-01 2.951000000000000227e+02
1.492195495833990097e+09 7.923999999999999932e-01 2.951000000000000227e+02
1.492195495932533979e+09 7.929000000000000492e-01 2.951000000000000227e+02
1.492195496032216072e+09 7.922000000000000153e-01 2.951000000000000227e+02
1.492195496131799936e+09 7.915999999999999703e-01 2.951000000000000227e+02
1.492195496231784105e+09 7.927999999999999492e-01 2.951000000000000227e+02
1.492195496331516027e+09 7.927999999999999492e-01 2.951000000000000227e+02
1.492195496445784092e+09 7.920000000000000373e-01 2.951000000000000227e+02
1.492195496545646906e+09 7.922000000000000153e-01 2.951000000000000227e+02
1.492195496644681931e+09 7.913000000000000034e-01 2.951000000000000227e+02
1.492195496743906975e+09 7.924999999999999822e-01 2.951000000000000227e+02
1.492195496843661070e+09 7.911000000000000254e-01 2.951000000000000227e+02
1.492195496943816900e+09 7.915999999999999703e-01 2.951000000000000227e+02
1.492195497042732000e+09 7.922000000000000153e-01 2.951000000000000227e+02
1.492195497142772913e+09 7.920000000000000373e-01 2.951000000000000227e+02
1.492195497242646933e+09 7.927999999999999492e-01 2.951000000000000227e+02
1.492195497356125116e+09 7.915999999999999703e-01 2.951000000000000227e+02
1.492195497456688881e+09 7.924999999999999822e-01 2.951000000000000227e+02
1.492195497555721045e+09 7.915999999999999703e-01 2.951000000000000227e+02
1.492195497655666113e+09 7.926999999999999602e-01 2.951000000000000227e+02
1.492195497755358934e+09 7.920000000000000373e-01 2.951000000000000227e+02
1.492195497854855061e+09 7.920000000000000373e-01 2.951000000000000227e+02
1.492195497953850985e+09 7.919000000000000483e-01 2.951000000000000227e+02
1.492195498053898096e+09 7.925999999999999712e-01 2.951000000000000227e+02
1.492195498167323112e+09 7.923000000000000043e-01 2.951000000000000227e+02
1.492195498267646074e+09 7.920000000000000373e-01 2.951000000000000227e+02
1.492195498367398977e+09 7.922000000000000153e-01 2.951100000000000136e+02
1.492195498465812922e+09 7.914999999999999813e-01 2.951100000000000136e+02
1.492195498565366030e+09 7.921000000000000263e-01 2.951100000000000136e+02
1.492195498666493893e+09 7.923999999999999932e-01 2.951100000000000136e+02
1.492195498766599894e+09 7.929000000000000492e-01 2.951100000000000136e+02
1.492195498865485907e+09 7.920000000000000373e-01 2.951100000000000136e+02
1.492195498979824066e+09 7.931000000000000272e-01 2.951100000000000136e+02
1.492195499079535007e+09 7.913999999999999924e-01 2.951100000000000136e+02
1.492195499178339958e+09 7.912000000000000144e-01 2.951100000000000136e+02
1.492195499278350115e+09 7.926999999999999602e-01 2.951100000000000136e+02
1.492195499378657103e+09 7.921000000000000263e-01 2.951100000000000136e+02
1.492195499477510929e+09 7.913000000000000034e-01 2.951100000000000136e+02
1.492195499577780008e+09 7.915999999999999703e-01 2.951100000000000136e+02
1.492195499677336931e+09 7.922000000000000153e-01 2.951100000000000136e+02
1.492195499790654898e+09 7.926999999999999602e-01 2.951100000000000136e+02
1.492195499889770985e+09 7.923000000000000043e-01 2.951100000000000136e+02
1.492195499990520954e+09 7.916999999999999593e-01 2.951100000000000136e+02
1.492195500089224100e+09 7.914999999999999813e-01 2.951100000000000136e+02
1.492195500189048052e+09 7.925999999999999712e-01 2.951100000000000136e+02
1.492195500288831949e+09 7.916999999999999593e-01 2.951100000000000136e+02
1.492195500388473988e+09 7.924999999999999822e-01 2.951100000000000136e+02
1.492195500488199949e+09 7.923000000000000043e-01 2.951100000000000136e+02
1.492195500601962090e+09 7.919000000000000483e-01 2.951100000000000136e+02
1.492195500702271938e+09 7.917999999999999483e-01 2.951100000000000136e+02
1.492195500802503109e+09 7.925999999999999712e-01 2.951100000000000136e+02
1.492195500900736094e+09 7.921000000000000263e-01 2.951100000000000136e+02
1.492195501001446009e+09 7.922000000000000153e-01 2.951100000000000136e+02
1.492195501100418091e+09 7.921000000000000263e-01 2.951100000000000136e+02
1.492195501199199915e+09 7.923999999999999932e-01 2.951100000000000136e+02
1.492195501300411940e+09 7.926999999999999602e-01 2.951100000000000136e+02
1.492195501414468050e+09 7.922000000000000153e-01 2.951100000000000136e+02
1.492195501513348103e+09 7.917999999999999483e-01 2.951100000000000136e+02
1.492195501613405943e+09 7.927999999999999492e-01 2.951200000000000045e+02
1.492195501713299990e+09 7.917999999999999483e-01 2.951200000000000045e+02
1.492195501812208891e+09 7.925999999999999712e-01 2.951200000000000045e+02
1.492195501912296057e+09 7.923999999999999932e-01 2.951200000000000045e+02
1.492195502012361050e+09 7.916999999999999593e-01 2.951200000000000045e+02
1.492195502111303091e+09 7.924999999999999822e-01 2.951200000000000045e+02
1.492195502225327015e+09 7.925999999999999712e-01 2.951100000000000136e+02
1.492195502325253010e+09 7.922000000000000153e-01 2.951200000000000045e+02
1.492195502425302029e+09 7.919000000000000483e-01 2.951200000000000045e+02
1.492195502523417950e+09 7.919000000000000483e-01 2.951200000000000045e+02
1.492195502624320030e+09 7.919000000000000483e-01 2.951200000000000045e+02
1.492195502724308968e+09 7.924999999999999822e-01 2.951200000000000045e+02
1.492195502823198080e+09 7.917999999999999483e-01 2.951200000000000045e+02
1.492195502922916889e+09 7.919000000000000483e-01 2.951200000000000045e+02
1.492195503037223101e+09 7.922000000000000153e-01 2.951200000000000045e+02
1.492195503136221886e+09 7.921000000000000263e-01 2.951200000000000045e+02
1.492195503236274004e+09 7.914999999999999813e-01 2.951200000000000045e+02
1.492195503336111069e+09 7.917999999999999483e-01 2.951200000000000045e+02
1.492195503435197115e+09 7.919000000000000483e-01 2.951200000000000045e+02
1.492195503535090923e+09 7.927999999999999492e-01 2.951200000000000045e+02
1.492195503635602951e+09 7.921000000000000263e-01 2.951200000000000045e+02
1.492195503733915091e+09 7.916999999999999593e-01 2.951200000000000045e+02
1.492195503847161055e+09 7.916999999999999593e-01 2.951200000000000045e+02
1.492195503948108912e+09 7.924999999999999822e-01 2.951200000000000045e+02
1.492195504048093081e+09 7.926999999999999602e-01 2.951200000000000045e+02
1.492195504146301031e+09 7.920000000000000373e-01 2.951200000000000045e+02
1.492195504246325016e+09 7.915999999999999703e-01 2.951200000000000045e+02
1.492195504347007990e+09 7.926999999999999602e-01 2.951200000000000045e+02
1.492195504445499897e+09 7.916999999999999593e-01 2.951200000000000045e+02
1.492195504545267105e+09 7.922000000000000153e-01 2.951200000000000045e+02
1.492195504659858942e+09 7.919000000000000483e-01 2.951200000000000045e+02
1.492195504758047104e+09 7.922000000000000153e-01 2.951200000000000045e+02
1.492195504857711077e+09 7.921000000000000263e-01 2.951200000000000045e+02
1.492195504958686113e+09 7.922000000000000153e-01 2.951200000000000045e+02
1.492195505057225943e+09 7.913000000000000034e-01 2.951200000000000045e+02
1.492195505157896996e+09 7.922000000000000153e-01 2.951200000000000045e+02
1.492195505257874012e+09 7.913000000000000034e-01 2.951299999999999955e+02
1.492195505357027054e+09 7.915999999999999703e-01 2.951299999999999955e+02
1.492195505471041918e+09 7.924999999999999822e-01 2.951299999999999955e+02
1.492195505570986986e+09 7.913999999999999924e-01 2.951299999999999955e+02
1.492195505670115948e+09 7.921000000000000263e-01 2.951299999999999955e+02
1.492195505769840956e+09 7.916999999999999593e-01 2.951299999999999955e+02
1.492195505870014906e+09 7.925999999999999712e-01 2.951299999999999955e+02
1.492195505969759941e+09 7.915999999999999703e-01 2.951299999999999955e+02
1.492195506069118023e+09 7.922000000000000153e-01 2.951299999999999955e+02
1.492195506168848991e+09 7.917999999999999483e-01 2.951299999999999955e+02
1.492195506282779932e+09 7.916999999999999593e-01 2.951299999999999955e+02
1.492195506381963968e+09 7.923999999999999932e-01 2.951299999999999955e+02
1.492195506482057095e+09 7.925999999999999712e-01 2.951299999999999955e+02
1.492195506581813097e+09 7.910000000000000364e-01 2.951299999999999955e+02
1.492195506680851936e+09 7.923000000000000043e-01 2.951299999999999955e+02
1.492195506780970097e+09 7.920000000000000373e-01 2.951299999999999955e+02
1.492195506880860090e+09 7.919000000000000483e-01 2.951299999999999955e+02
1.492195506979804039e+09 7.919000000000000483e-01 2.951299999999999955e+02
1.492195507093067884e+09 7.913999999999999924e-01 2.951299999999999955e+02
1.492195507194159985e+09 7.923000000000000043e-01 2.951299999999999955e+02
1.492195507293819904e+09 7.929000000000000492e-01 2.951299999999999955e+02
1.492195507391830921e+09 7.912000000000000144e-01 2.951299999999999955e+02
1.492195507492587090e+09 7.925999999999999712e-01 2.951299999999999955e+02
1.492195507592783928e+09 7.924999999999999822e-01 2.951299999999999955e+02
1.492195507691654921e+09 7.933000000000000052e-01 2.951299999999999955e+02
1.492195507791642904e+09 7.917999999999999483e-01 2.951299999999999955e+02
1.492195507905495882e+09 7.915999999999999703e-01 2.951299999999999955e+02
1.492195508004468918e+09 7.926999999999999602e-01 2.951299999999999955e+02
1.492195508104737997e+09 7.923000000000000043e-01 2.951299999999999955e+02
1.492195508204844952e+09 7.919000000000000483e-01 2.951299999999999955e+02
1.492195508303427935e+09 7.923000000000000043e-01 2.951299999999999955e+02
1.492195508402740955e+09 7.923000000000000043e-01 2.951299999999999955e+02
1.492195508502641916e+09 7.916999999999999593e-01 2.951299999999999955e+02
1.492195508601594925e+09 7.921000000000000263e-01 2.951299999999999955e+02
1.492195508716878891e+09 7.925999999999999712e-01 2.951299999999999955e+02
1.492195508816437006e+09 7.914999999999999813e-01 2.951299999999999955e+02
1.492195508916738033e+09 7.919000000000000483e-01 2.951299999999999955e+02
1.492195509015613079e+09 7.927999999999999492e-01 2.951299999999999955e+02
1.492195509115582943e+09 7.929000000000000492e-01 2.951299999999999955e+02
1.492195509215734959e+09 7.926999999999999602e-01 2.951299999999999955e+02
1.492195509314666033e+09 7.923999999999999932e-01 2.951299999999999955e+02
1.492195509415110111e+09 7.917999999999999483e-01 2.951299999999999955e+02
1.492195509528687000e+09 7.921000000000000263e-01 2.951299999999999955e+02
1.492195509627754927e+09 7.922000000000000153e-01 2.951399999999999864e+02
1.492195509727607965e+09 7.912000000000000144e-01 2.951399999999999864e+02
1.492195509827621937e+09 7.920000000000000373e-01 2.951299999999999955e+02
1.492195509927650928e+09 7.922000000000000153e-01 2.951299999999999955e+02
1.492195510026998043e+09 7.923999999999999932e-01 2.951299999999999955e+02
1.492195510125672102e+09 7.919000000000000483e-01 2.951299999999999955e+02
1.492195510226701021e+09 7.914999999999999813e-01 2.951399999999999864e+02
1.492195510340029001e+09 7.925999999999999712e-01 2.951399999999999864e+02
1.492195510439519882e+09 7.919000000000000483e-01 2.951399999999999864e+02
1.492195510539589882e+09 7.927999999999999492e-01 2.951399999999999864e+02
1.492195510638510942e+09 7.915999999999999703e-01 2.951399999999999864e+02
1.492195510738728046e+09 7.921000000000000263e-01 2.951399999999999864e+02
1.492195510838555098e+09 7.922000000000000153e-01 2.951399999999999864e+02
1.492195510937517881e+09 7.913999999999999924e-01 2.951399999999999864e+02
1.492195511037508965e+09 7.915999999999999703e-01 2.951399999999999864e+02
1.492195511151386976e+09 7.923999999999999932e-01 2.951399999999999864e+02
1.492195511251579046e+09 7.927999999999999492e-01 2.951399999999999864e+02
1.492195511350256920e+09 7.913999999999999924e-01 2.951399999999999864e+02
1.492195511450710058e+09 7.923000000000000043e-01 2.951399999999999864e+02
1.492195511550440073e+09 7.920000000000000373e-01 2.951399999999999864e+02
1.492195511648746014e+09 7.923000000000000043e-01 2.951399999999999864e+02
1.492195511749411106e+09 7.923000000000000043e-01 2.951399999999999864e+02
1.492195511849509001e+09 7.933000000000000052e-01 2.951399999999999864e+02
1.492195511962368011e+09 7.924999999999999822e-01 2.951399999999999864e+02
1.492195512062186003e+09 7.916999999999999593e-01 2.951399999999999864e+02
1.492195512162307024e+09 7.925999999999999712e-01 2.951399999999999864e+02
1.492195512260433912e+09 7.925999999999999712e-01 2.951399999999999864e+02
1.492195512361299992e+09 7.923999999999999932e-01 2.951399999999999864e+02
1.492195512461569071e+09 7.925999999999999712e-01 2.951399999999999864e+02
1.492195512559484959e+09 7.923999999999999932e-01 2.951399999999999864e+02
1.492195512660655022e+09 7.922000000000000153e-01 2.951399999999999864e+02
1.492195512774473906e+09 7.923999999999999932e-01 2.951399999999999864e+02
1.492195512874274015e+09 7.919000000000000483e-01 2.951399999999999864e+02
1.492195512973716021e+09 7.913999999999999924e-01 2.951399999999999864e+02
1.492195513073534012e+09 7.923999999999999932e-01 2.951399999999999864e+02
1.492195513173408985e+09 7.916999999999999593e-01 2.951399999999999864e+02
1.492195513271378040e+09 7.914999999999999813e-01 2.951399999999999864e+02
1.492195513372384071e+09 7.926999999999999602e-01 2.951399999999999864e+02
1.492195513472354889e+09 7.923999999999999932e-01 2.951399999999999864e+02
1.492195513585621119e+09 7.920000000000000373e-01 2.951399999999999864e+02
1.492195513685276985e+09 7.924999999999999822e-01 2.951399999999999864e+02
1.492195513785288095e+09 7.915999999999999703e-01 2.951399999999999864e+02
1.492195513883043051e+09 7.922000000000000153e-01 2.951399999999999864e+02
1.492195513984313011e+09 7.921000000000000263e-01 2.951399999999999864e+02
1.492195514084296942e+09 7.923000000000000043e-01 2.951399999999999864e+02
1.492195514184263945e+09 7.919000000000000483e-01 2.951399999999999864e+02
1.492195514283165932e+09 7.915999999999999703e-01 2.951399999999999864e+02
1.492195514397299051e+09 7.919000000000000483e-01 2.951399999999999864e+02
1.492195514497257948e+09 7.915999999999999703e-01 2.951399999999999864e+02
1.492195514595994949e+09 7.923000000000000043e-01 2.951399999999999864e+02
1.492195514696295023e+09 7.917999999999999483e-01 2.951399999999999864e+02
1.492195514796308041e+09 7.921000000000000263e-01 2.951399999999999864e+02
1.492195514895358086e+09 7.930000000000000382e-01 2.951399999999999864e+02
1.492195514995218992e+09 7.921000000000000263e-01 2.951399999999999864e+02
1.492195515095259905e+09 7.919000000000000483e-01 2.951399999999999864e+02
1.492195515209372044e+09 7.921000000000000263e-01 2.951399999999999864e+02
1.492195515308233023e+09 7.917999999999999483e-01 2.951399999999999864e+02
1.492195515408201933e+09 7.923999999999999932e-01 2.951399999999999864e+02
1.492195515508157969e+09 7.917999999999999483e-01 2.951399999999999864e+02
1.492195515605928898e+09 7.924999999999999822e-01 2.951399999999999864e+02
1.492195515707149029e+09 7.914999999999999813e-01 2.951399999999999864e+02
1.492195515807018042e+09 7.919000000000000483e-01 2.951399999999999864e+02
1.492195515906183004e+09 7.923000000000000043e-01 2.951399999999999864e+02
1.492195516020190954e+09 7.923999999999999932e-01 2.951399999999999864e+02
1.492195516119013071e+09 7.931000000000000272e-01 2.951399999999999864e+02
1.492195516220032930e+09 7.917999999999999483e-01 2.951399999999999864e+02
1.492195516319026947e+09 7.925999999999999712e-01 2.951399999999999864e+02
1.492195516417936087e+09 7.930000000000000382e-01 2.951399999999999864e+02
1.492195516519076109e+09 7.926999999999999602e-01 2.951399999999999864e+02
1.492195516617707968e+09 7.922000000000000153e-01 2.951399999999999864e+02
1.492195516717891932e+09 7.916999999999999593e-01 2.951399999999999864e+02
1.492195516832206964e+09 7.922000000000000153e-01 2.951399999999999864e+02
1.492195516931011915e+09 7.923000000000000043e-01 2.951399999999999864e+02
1.492195517030972958e+09 7.921000000000000263e-01 2.951399999999999864e+02
1.492195517130975962e+09 7.919000000000000483e-01 2.951399999999999864e+02
1.492195517230124950e+09 7.924999999999999822e-01 2.951399999999999864e+02
1.492195517330049992e+09 7.914999999999999813e-01 2.951399999999999864e+02
1.492195517429033995e+09 7.925999999999999712e-01 2.951399999999999864e+02
1.492195517528917074e+09 7.919000000000000483e-01 2.951399999999999864e+02
1.492195517642904997e+09 7.922000000000000153e-01 2.951399999999999864e+02
1.492195517741869926e+09 7.916999999999999593e-01 2.951399999999999864e+02
1.492195517842889071e+09 7.916999999999999593e-01 2.951399999999999864e+02
1.492195517941911936e+09 7.922000000000000153e-01 2.951399999999999864e+02
1.492195518041968107e+09 7.925999999999999712e-01 2.951399999999999864e+02
1.492195518141083002e+09 7.923999999999999932e-01 2.951399999999999864e+02
1.492195518241022110e+09 7.923999999999999932e-01 2.951399999999999864e+02
1.492195518340907097e+09 7.917999999999999483e-01 2.951399999999999864e+02
1.492195518454948902e+09 7.916999999999999593e-01 2.951399999999999864e+02
1.492195518553940058e+09 7.922000000000000153e-01 2.951399999999999864e+02
1.492195518653753042e+09 7.917999999999999483e-01 2.951399999999999864e+02
1.492195518752841949e+09 7.927999999999999492e-01 2.951399999999999864e+02
1.492195518852897882e+09 7.921000000000000263e-01 2.951399999999999864e+02
1.492195518952963114e+09 7.923999999999999932e-01 2.951399999999999864e+02
1.492195519052907944e+09 7.926999999999999602e-01 2.951399999999999864e+02
1.492195519152287960e+09 7.924999999999999822e-01 2.951399999999999864e+02
1.492195519265813112e+09 7.924999999999999822e-01 2.951399999999999864e+02
1.492195519365914106e+09 7.924999999999999822e-01 2.951399999999999864e+02
1.492195519466164112e+09 7.926999999999999602e-01 2.951399999999999864e+02
1.492195519564883947e+09 7.922000000000000153e-01 2.951399999999999864e+02
1.492195519664452076e+09 7.929000000000000492e-01 2.951399999999999864e+02
1.492195519764508963e+09 7.916999999999999593e-01 2.951399999999999864e+02
1.492195519863806009e+09 7.923000000000000043e-01 2.951399999999999864e+02
1.492195519963824034e+09 7.923999999999999932e-01 2.951399999999999864e+02
1.492195520076862097e+09 7.909000000000000474e-01 2.951399999999999864e+02
1.492195520176760912e+09 7.923999999999999932e-01 2.951399999999999864e+02
1.492195520276878119e+09 7.920000000000000373e-01 2.951399999999999864e+02
1.492195520375758886e+09 7.925999999999999712e-01 2.951399999999999864e+02
1.492195520474612951e+09 7.923000000000000043e-01 2.951399999999999864e+02
1.492195520575272083e+09 7.923000000000000043e-01 2.951399999999999864e+02
1.492195520675532103e+09 7.921000000000000263e-01 2.951399999999999864e+02
1.492195520773787975e+09 7.917999999999999483e-01 2.951399999999999864e+02
1.492195520888679981e+09 7.929000000000000492e-01 2.951399999999999864e+02
1.492195520988636017e+09 7.929000000000000492e-01 2.951399999999999864e+02
1.492195521089103937e+09 7.926999999999999602e-01 2.951399999999999864e+02
1.492195521187757015e+09 7.924999999999999822e-01 2.951399999999999864e+02
1.492195521287686110e+09 7.919000000000000483e-01 2.951399999999999864e+02
1.492195521387548923e+09 7.923000000000000043e-01 2.951399999999999864e+02
1.492195521486538887e+09 7.923000000000000043e-01 2.951399999999999864e+02
1.492195521586612940e+09 7.919000000000000483e-01 2.951399999999999864e+02
1.492195521700722933e+09 7.925999999999999712e-01 2.951399999999999864e+02
1.492195521799637079e+09 7.915999999999999703e-01 2.951399999999999864e+02
1.492195521899681091e+09 7.917999999999999483e-01 2.951399999999999864e+02
1.492195521998483896e+09 7.923999999999999932e-01 2.951399999999999864e+02
1.492195522098649979e+09 7.925999999999999712e-01 2.951399999999999864e+02
1.492195522198584080e+09 7.914999999999999813e-01 2.951399999999999864e+02
1.492195522298716068e+09 7.917999999999999483e-01 2.951399999999999864e+02
1.492195522397730112e+09 7.921000000000000263e-01 2.951399999999999864e+02
1.492195522510834932e+09 7.921000000000000263e-01 2.951399999999999864e+02
1.492195522611543894e+09 7.921000000000000263e-01 2.951399999999999864e+02
1.492195522711724997e+09 7.917999999999999483e-01 2.951399999999999864e+02
1.492195522810517073e+09 7.912000000000000144e-01 2.951399999999999864e+02
1.492195522910634995e+09 7.915999999999999703e-01 2.951399999999999864e+02
1.492195523010430098e+09 7.919000000000000483e-01 2.951399999999999864e+02
1.492195523109220028e+09 7.921000000000000263e-01 2.951399999999999864e+02
1.492195523209296942e+09 7.917999999999999483e-01 2.951399999999999864e+02
1.492195523323396921e+09 7.920000000000000373e-01 2.951399999999999864e+02
1.492195523422489882e+09 7.920000000000000373e-01 2.951399999999999864e+02
1.492195523522429943e+09 7.924999999999999822e-01 2.951399999999999864e+02
1.492195523622402906e+09 7.922000000000000153e-01 2.951399999999999864e+02
1.492195523721502066e+09 7.925999999999999712e-01 2.951399999999999864e+02
1.492195523821446896e+09 7.916999999999999593e-01 2.951399999999999864e+02
1.492195523921438932e+09 7.923000000000000043e-01 2.951399999999999864e+02
1.492195524020327091e+09 7.940000000000000391e-01 2.951399999999999864e+02
1.492195524134397984e+09 7.925999999999999712e-01 2.951399999999999864e+02
1.492195524234385014e+09 7.914999999999999813e-01 2.951399999999999864e+02
1.492195524333971977e+09 7.912000000000000144e-01 2.951399999999999864e+02
1.492195524433362007e+09 7.921000000000000263e-01 2.951399999999999864e+02
