# 
# Duration (in s): 30
# Pointing Position of the Horn: Calibrator paddle
# Angle pointing (from vertical): 0
# Calibrator used: YES
# Weather: very clear
# Units: microWatt
# Comments: 
1.492193997745306969e+09 1.209999999999999964e-01 2.984300000000000068e+02
1.492193997845745087e+09 1.210999999999999993e-01 2.984300000000000068e+02
1.492193997940233946e+09 1.210999999999999993e-01 2.984300000000000068e+02
1.492193998039910078e+09 1.208999999999999936e-01 2.984300000000000068e+02
1.492193998156431913e+09 1.208999999999999936e-01 2.984300000000000068e+02
1.492193998256160975e+09 1.208999999999999936e-01 2.984300000000000068e+02
1.492193998355861902e+09 1.208999999999999936e-01 2.984300000000000068e+02
1.492193998453501940e+09 1.209999999999999964e-01 2.984300000000000068e+02
1.492193998555394888e+09 1.209999999999999964e-01 2.984300000000000068e+02
1.492193998655163050e+09 1.210999999999999993e-01 2.984300000000000068e+02
1.492193998754982948e+09 1.209999999999999964e-01 2.984300000000000068e+02
1.492193998854691029e+09 1.209999999999999964e-01 2.984399999999999977e+02
1.492193998955563068e+09 1.209999999999999964e-01 2.984399999999999977e+02
1.492193999069545984e+09 1.209999999999999964e-01 2.984399999999999977e+02
1.492193999169706106e+09 1.210999999999999993e-01 2.984399999999999977e+02
1.492193999269810915e+09 1.209999999999999964e-01 2.984399999999999977e+02
1.492193999368630886e+09 1.208999999999999936e-01 2.984399999999999977e+02
1.492193999468638897e+09 1.208999999999999936e-01 2.984399999999999977e+02
1.492193999568598032e+09 1.209999999999999964e-01 2.984399999999999977e+02
1.492193999667721987e+09 1.209999999999999964e-01 2.984399999999999977e+02
1.492193999767668009e+09 1.209999999999999964e-01 2.984399999999999977e+02
1.492193999881586075e+09 1.209999999999999964e-01 2.984399999999999977e+02
1.492193999980634928e+09 1.209999999999999964e-01 2.984399999999999977e+02
1.492194000080543995e+09 1.209999999999999964e-01 2.984399999999999977e+02
1.492194000180619001e+09 1.210999999999999993e-01 2.984399999999999977e+02
1.492194000279570103e+09 1.209999999999999964e-01 2.984399999999999977e+02
1.492194000379590034e+09 1.209999999999999964e-01 2.984399999999999977e+02
1.492194000479551077e+09 1.210999999999999993e-01 2.984399999999999977e+02
1.492194000578491926e+09 1.210999999999999993e-01 2.984399999999999977e+02
1.492194000692466021e+09 1.209999999999999964e-01 2.984399999999999977e+02
1.492194000792607069e+09 1.209999999999999964e-01 2.984399999999999977e+02
1.492194000892529011e+09 1.209999999999999964e-01 2.984399999999999977e+02
1.492194000991558075e+09 1.213000000000000050e-01 2.984399999999999977e+02
1.492194001091551065e+09 1.209999999999999964e-01 2.984399999999999977e+02
1.492194001191385031e+09 1.209999999999999964e-01 2.984399999999999977e+02
1.492194001290379047e+09 1.209999999999999964e-01 2.984499999999999886e+02
1.492194001390491009e+09 1.208999999999999936e-01 2.984499999999999886e+02
1.492194001504358053e+09 1.208000000000000046e-01 2.984499999999999886e+02
1.492194001598201036e+09 1.208999999999999936e-01 2.984499999999999886e+02
1.492194001699341059e+09 1.208999999999999936e-01 2.984399999999999977e+02
1.492194001800303936e+09 1.208999999999999936e-01 2.984499999999999886e+02
1.492194001902378082e+09 1.208999999999999936e-01 2.984499999999999886e+02
1.492194001999037027e+09 1.209999999999999964e-01 2.984499999999999886e+02
1.492194002102581024e+09 1.209999999999999964e-01 2.984499999999999886e+02
1.492194002196649075e+09 1.210999999999999993e-01 2.984499999999999886e+02
1.492194002312762976e+09 1.212000000000000022e-01 2.984499999999999886e+02
1.492194002412736893e+09 1.213000000000000050e-01 2.984499999999999886e+02
1.492194002512670040e+09 1.209999999999999964e-01 2.984499999999999886e+02
1.492194002612384081e+09 1.212000000000000022e-01 2.984499999999999886e+02
1.492194002712145090e+09 1.212000000000000022e-01 2.984499999999999886e+02
1.492194002810100079e+09 1.210999999999999993e-01 2.984499999999999886e+02
1.492194002911679029e+09 1.212000000000000022e-01 2.984499999999999886e+02
1.492194003011415958e+09 1.209999999999999964e-01 2.984499999999999886e+02
1.492194003127351999e+09 1.208999999999999936e-01 2.984499999999999886e+02
1.492194003225171089e+09 1.210999999999999993e-01 2.984499999999999886e+02
1.492194003326448917e+09 1.210999999999999993e-01 2.984499999999999886e+02
1.492194003426145077e+09 1.208999999999999936e-01 2.984499999999999886e+02
1.492194003525325060e+09 1.209999999999999964e-01 2.984499999999999886e+02
1.492194003625165939e+09 1.208999999999999936e-01 2.984499999999999886e+02
1.492194003720748901e+09 1.209999999999999964e-01 2.984499999999999886e+02
1.492194003819840908e+09 1.209999999999999964e-01 2.984499999999999886e+02
1.492194003937000036e+09 1.210999999999999993e-01 2.984499999999999886e+02
1.492194004038279057e+09 1.210999999999999993e-01 2.984499999999999886e+02
1.492194004138330936e+09 1.208999999999999936e-01 2.984499999999999886e+02
1.492194004232676983e+09 1.209999999999999964e-01 2.984499999999999886e+02
1.492194004333831072e+09 1.210999999999999993e-01 2.984499999999999886e+02
1.492194004436949015e+09 1.209999999999999964e-01 2.984599999999999795e+02
1.492194004536144018e+09 1.209999999999999964e-01 2.984599999999999795e+02
1.492194004631407976e+09 1.209999999999999964e-01 2.984599999999999795e+02
1.492194004750268936e+09 1.209999999999999964e-01 2.984599999999999795e+02
1.492194004846693039e+09 1.210999999999999993e-01 2.984599999999999795e+02
1.492194004944946051e+09 1.209999999999999964e-01 2.984599999999999795e+02
1.492194005048841953e+09 1.209999999999999964e-01 2.984599999999999795e+02
1.492194005148121119e+09 1.209999999999999964e-01 2.984599999999999795e+02
1.492194005248157024e+09 1.212000000000000022e-01 2.984599999999999795e+02
1.492194005348174095e+09 1.209999999999999964e-01 2.984599999999999795e+02
1.492194005447058916e+09 1.212000000000000022e-01 2.984599999999999795e+02
1.492194005561284065e+09 1.209999999999999964e-01 2.984599999999999795e+02
1.492194005661098003e+09 1.212000000000000022e-01 2.984599999999999795e+02
1.492194005761183023e+09 1.212000000000000022e-01 2.984599999999999795e+02
1.492194005860061884e+09 1.209999999999999964e-01 2.984599999999999795e+02
1.492194005960099936e+09 1.209999999999999964e-01 2.984599999999999795e+02
1.492194006060169935e+09 1.210999999999999993e-01 2.984599999999999795e+02
1.492194006159120083e+09 1.212000000000000022e-01 2.984599999999999795e+02
1.492194006259140015e+09 1.209999999999999964e-01 2.984599999999999795e+02
1.492194006370079994e+09 1.209999999999999964e-01 2.984700000000000273e+02
1.492194006469835997e+09 1.208000000000000046e-01 2.984700000000000273e+02
1.492194006569597006e+09 1.208000000000000046e-01 2.984599999999999795e+02
1.492194006669389963e+09 1.208999999999999936e-01 2.984599999999999795e+02
1.492194006769141912e+09 1.209999999999999964e-01 2.984599999999999795e+02
1.492194006868895054e+09 1.208999999999999936e-01 2.984700000000000273e+02
1.492194006968660116e+09 1.208999999999999936e-01 2.984700000000000273e+02
1.492194007068434954e+09 1.210999999999999993e-01 2.984700000000000273e+02
1.492194007184144974e+09 1.210999999999999993e-01 2.984700000000000273e+02
1.492194007284122944e+09 1.210999999999999993e-01 2.984700000000000273e+02
1.492194007383896112e+09 1.209999999999999964e-01 2.984700000000000273e+02
1.492194007482901096e+09 1.210999999999999993e-01 2.984700000000000273e+02
1.492194007583142042e+09 1.210999999999999993e-01 2.984700000000000273e+02
1.492194007683325052e+09 1.212000000000000022e-01 2.984700000000000273e+02
1.492194007781940937e+09 1.209999999999999964e-01 2.984700000000000273e+02
1.492194007881939888e+09 1.212000000000000022e-01 2.984700000000000273e+02
1.492194007995971918e+09 1.210999999999999993e-01 2.984700000000000273e+02
1.492194008095880032e+09 1.210999999999999993e-01 2.984700000000000273e+02
1.492194008195209980e+09 1.210999999999999993e-01 2.984700000000000273e+02
1.492194008294874907e+09 1.210999999999999993e-01 2.984700000000000273e+02
1.492194008394855022e+09 1.209999999999999964e-01 2.984700000000000273e+02
1.492194008493927002e+09 1.210999999999999993e-01 2.984700000000000273e+02
1.492194008593780994e+09 1.210999999999999993e-01 2.984700000000000273e+02
1.492194008693850040e+09 1.208999999999999936e-01 2.984700000000000273e+02
1.492194008806802034e+09 1.208999999999999936e-01 2.984700000000000273e+02
1.492194008906850100e+09 1.209999999999999964e-01 2.984700000000000273e+02
1.492194009002238035e+09 1.208000000000000046e-01 2.984700000000000273e+02
1.492194009105751038e+09 1.209999999999999964e-01 2.984700000000000273e+02
1.492194009205640078e+09 1.208999999999999936e-01 2.984700000000000273e+02
1.492194009305646896e+09 1.208999999999999936e-01 2.984800000000000182e+02
1.492194009404784918e+09 1.209999999999999964e-01 2.984800000000000182e+02
1.492194009504184961e+09 1.209999999999999964e-01 2.984800000000000182e+02
1.492194009618762016e+09 1.209999999999999964e-01 2.984800000000000182e+02
1.492194009714560032e+09 1.208999999999999936e-01 2.984800000000000182e+02
1.492194009817646027e+09 1.210999999999999993e-01 2.984800000000000182e+02
1.492194009917756081e+09 1.210999999999999993e-01 2.984800000000000182e+02
1.492194010017730951e+09 1.210999999999999993e-01 2.984800000000000182e+02
1.492194010113369942e+09 1.213000000000000050e-01 2.984800000000000182e+02
1.492194010215882063e+09 1.212000000000000022e-01 2.984800000000000182e+02
1.492194010316378117e+09 1.209999999999999964e-01 2.984800000000000182e+02
1.492194010427090883e+09 1.209999999999999964e-01 2.984800000000000182e+02
1.492194010526962996e+09 1.209999999999999964e-01 2.984800000000000182e+02
1.492194010626590967e+09 1.210999999999999993e-01 2.984800000000000182e+02
1.492194010726351976e+09 1.209999999999999964e-01 2.984800000000000182e+02
1.492194010826117039e+09 1.210999999999999993e-01 2.984800000000000182e+02
1.492194010925832033e+09 1.209999999999999964e-01 2.984800000000000182e+02
1.492194011025659084e+09 1.210999999999999993e-01 2.984800000000000182e+02
1.492194011125413895e+09 1.209999999999999964e-01 2.984800000000000182e+02
1.492194011241637945e+09 1.209999999999999964e-01 2.984800000000000182e+02
1.492194011341562033e+09 1.209999999999999964e-01 2.984800000000000182e+02
1.492194011440620899e+09 1.209999999999999964e-01 2.984800000000000182e+02
1.492194011540620089e+09 1.212000000000000022e-01 2.984800000000000182e+02
1.492194011640628099e+09 1.209999999999999964e-01 2.984800000000000182e+02
1.492194011739629984e+09 1.210999999999999993e-01 2.984900000000000091e+02
1.492194011839531898e+09 1.208999999999999936e-01 2.984900000000000091e+02
1.492194011939583063e+09 1.208999999999999936e-01 2.984900000000000091e+02
1.492194012052589893e+09 1.208000000000000046e-01 2.984900000000000091e+02
1.492194012152646065e+09 1.208000000000000046e-01 2.984900000000000091e+02
1.492194012252567053e+09 1.209999999999999964e-01 2.984900000000000091e+02
1.492194012351478100e+09 1.208000000000000046e-01 2.984900000000000091e+02
1.492194012451525927e+09 1.209999999999999964e-01 2.984900000000000091e+02
1.492194012551522970e+09 1.209999999999999964e-01 2.984900000000000091e+02
1.492194012651474953e+09 1.209999999999999964e-01 2.984900000000000091e+02
1.492194012750375032e+09 1.212000000000000022e-01 2.984900000000000091e+02
1.492194012864483118e+09 1.212000000000000022e-01 2.984900000000000091e+02
1.492194012964570045e+09 1.210999999999999993e-01 2.984900000000000091e+02
1.492194013063546896e+09 1.210999999999999993e-01 2.984900000000000091e+02
1.492194013163409948e+09 1.213000000000000050e-01 2.984900000000000091e+02
1.492194013260355949e+09 1.212000000000000022e-01 2.984900000000000091e+02
1.492194013362397909e+09 1.212000000000000022e-01 2.984900000000000091e+02
1.492194013462627888e+09 1.213000000000000050e-01 2.984900000000000091e+02
1.492194013562551022e+09 1.209999999999999964e-01 2.984900000000000091e+02
1.492194013676286936e+09 1.208999999999999936e-01 2.984900000000000091e+02
1.492194013775473118e+09 1.209999999999999964e-01 2.984900000000000091e+02
1.492194013875478029e+09 1.209999999999999964e-01 2.984900000000000091e+02
1.492194013975339890e+09 1.209999999999999964e-01 2.984900000000000091e+02
1.492194014074338913e+09 1.209999999999999964e-01 2.984900000000000091e+02
1.492194014174360991e+09 1.209999999999999964e-01 2.985000000000000000e+02
1.492194014270391941e+09 1.208999999999999936e-01 2.985000000000000000e+02
1.492194014369972944e+09 1.209999999999999964e-01 2.985000000000000000e+02
1.492194014484045982e+09 1.209999999999999964e-01 2.985000000000000000e+02
1.492194014583806992e+09 1.209999999999999964e-01 2.985000000000000000e+02
1.492194014683487892e+09 1.208999999999999936e-01 2.985000000000000000e+02
1.492194014781491995e+09 1.210999999999999993e-01 2.985000000000000000e+02
1.492194014881997108e+09 1.209999999999999964e-01 2.985000000000000000e+02
1.492194014982867956e+09 1.210999999999999993e-01 2.985000000000000000e+02
1.492194015082629919e+09 1.209999999999999964e-01 2.985000000000000000e+02
1.492194015182399988e+09 1.210999999999999993e-01 2.985000000000000000e+02
1.492194015294373035e+09 1.209999999999999964e-01 2.985000000000000000e+02
1.492194015394025087e+09 1.210999999999999993e-01 2.985000000000000000e+02
1.492194015497536898e+09 1.210999999999999993e-01 2.985000000000000000e+02
1.492194015598104000e+09 1.209999999999999964e-01 2.985000000000000000e+02
1.492194015697386026e+09 1.210999999999999993e-01 2.985000000000000000e+02
1.492194015797424078e+09 1.210999999999999993e-01 2.985000000000000000e+02
1.492194015897357941e+09 1.210999999999999993e-01 2.985000000000000000e+02
1.492194015996443033e+09 1.210999999999999993e-01 2.985000000000000000e+02
1.492194016110275030e+09 1.209999999999999964e-01 2.985000000000000000e+02
1.492194016208658934e+09 1.208999999999999936e-01 2.985000000000000000e+02
1.492194016310242891e+09 1.209999999999999964e-01 2.985000000000000000e+02
1.492194016409159899e+09 1.208000000000000046e-01 2.985099999999999909e+02
1.492194016509275913e+09 1.209999999999999964e-01 2.985099999999999909e+02
1.492194016607646942e+09 1.208999999999999936e-01 2.985000000000000000e+02
1.492194016708043098e+09 1.208999999999999936e-01 2.985099999999999909e+02
1.492194016808168888e+09 1.209999999999999964e-01 2.985099999999999909e+02
1.492194016922018051e+09 1.209999999999999964e-01 2.985099999999999909e+02
1.492194017021075010e+09 1.210999999999999993e-01 2.985099999999999909e+02
1.492194017121133089e+09 1.210999999999999993e-01 2.985099999999999909e+02
1.492194017221268892e+09 1.209999999999999964e-01 2.985099999999999909e+02
1.492194017315045118e+09 1.209999999999999964e-01 2.985099999999999909e+02
1.492194017420121908e+09 1.209999999999999964e-01 2.985099999999999909e+02
1.492194017520128012e+09 1.209999999999999964e-01 2.985099999999999909e+02
1.492194017619136095e+09 1.209999999999999964e-01 2.985099999999999909e+02
1.492194017727766037e+09 1.209999999999999964e-01 2.985099999999999909e+02
1.492194017833165884e+09 1.210999999999999993e-01 2.985099999999999909e+02
1.492194017930403948e+09 1.210999999999999993e-01 2.985099999999999909e+02
1.492194018028614998e+09 1.210999999999999993e-01 2.985099999999999909e+02
1.492194018129694939e+09 1.209999999999999964e-01 2.985099999999999909e+02
1.492194018230729103e+09 1.209999999999999964e-01 2.985099999999999909e+02
1.492194018330997944e+09 1.209999999999999964e-01 2.985099999999999909e+02
1.492194018428014994e+09 1.212000000000000022e-01 2.985099999999999909e+02
1.492194018541070938e+09 1.210999999999999993e-01 2.985099999999999909e+02
1.492194018640789986e+09 1.212000000000000022e-01 2.985099999999999909e+02
1.492194018740559101e+09 1.210999999999999993e-01 2.985099999999999909e+02
1.492194018840325117e+09 1.209999999999999964e-01 2.985099999999999909e+02
1.492194018940135002e+09 1.210999999999999993e-01 2.985099999999999909e+02
1.492194019039853096e+09 1.210999999999999993e-01 2.985099999999999909e+02
1.492194019139622927e+09 1.209999999999999964e-01 2.985099999999999909e+02
1.492194019239388943e+09 1.208999999999999936e-01 2.985199999999999818e+02
1.492194019355779886e+09 1.208999999999999936e-01 2.985199999999999818e+02
1.492194019455558062e+09 1.208999999999999936e-01 2.985199999999999818e+02
1.492194019555229902e+09 1.208999999999999936e-01 2.985199999999999818e+02
1.492194019650656939e+09 1.208999999999999936e-01 2.985199999999999818e+02
1.492194019754841089e+09 1.208999999999999936e-01 2.985199999999999818e+02
1.492194019854618073e+09 1.208999999999999936e-01 2.985199999999999818e+02
1.492194019953855038e+09 1.208999999999999936e-01 2.985199999999999818e+02
1.492194020053858042e+09 1.213000000000000050e-01 2.985199999999999818e+02
1.492194020167974949e+09 1.212000000000000022e-01 2.985199999999999818e+02
1.492194020266974926e+09 1.210999999999999993e-01 2.985199999999999818e+02
1.492194020366796017e+09 1.210999999999999993e-01 2.985199999999999818e+02
1.492194020466655016e+09 1.209999999999999964e-01 2.985199999999999818e+02
1.492194020565836906e+09 1.210999999999999993e-01 2.985199999999999818e+02
1.492194020665751934e+09 1.212000000000000022e-01 2.985199999999999818e+02
1.492194020765842915e+09 1.212000000000000022e-01 2.985199999999999818e+02
1.492194020864742994e+09 1.210999999999999993e-01 2.985199999999999818e+02
1.492194020978672028e+09 1.212000000000000022e-01 2.985199999999999818e+02
1.492194021078739882e+09 1.210999999999999993e-01 2.985199999999999818e+02
1.492194021178749084e+09 1.209999999999999964e-01 2.985199999999999818e+02
1.492194021277767897e+09 1.210999999999999993e-01 2.985299999999999727e+02
1.492194021377649069e+09 1.209999999999999964e-01 2.985299999999999727e+02
1.492194021477663040e+09 1.209999999999999964e-01 2.985299999999999727e+02
1.492194021576730967e+09 1.209999999999999964e-01 2.985299999999999727e+02
1.492194021676682949e+09 1.208999999999999936e-01 2.985299999999999727e+02
1.492194021790680885e+09 1.208999999999999936e-01 2.985299999999999727e+02
1.492194021890619040e+09 1.208999999999999936e-01 2.985299999999999727e+02
1.492194021984842062e+09 1.208999999999999936e-01 2.985299999999999727e+02
1.492194022089715004e+09 1.209999999999999964e-01 2.985299999999999727e+02
1.492194022189820051e+09 1.209999999999999964e-01 2.985299999999999727e+02
1.492194022288552999e+09 1.210999999999999993e-01 2.985299999999999727e+02
1.492194022388618946e+09 1.209999999999999964e-01 2.985299999999999727e+02
1.492194022487500906e+09 1.209999999999999964e-01 2.985299999999999727e+02
1.492194022598032951e+09 1.212000000000000022e-01 2.985299999999999727e+02
1.492194022697799921e+09 1.210999999999999993e-01 2.985299999999999727e+02
1.492194022797545910e+09 1.212000000000000022e-01 2.985299999999999727e+02
1.492194022897344112e+09 1.213000000000000050e-01 2.985299999999999727e+02
1.492194022997085094e+09 1.210999999999999993e-01 2.985299999999999727e+02
1.492194023096842051e+09 1.210999999999999993e-01 2.985299999999999727e+02
1.492194023196610928e+09 1.213000000000000050e-01 2.985299999999999727e+02
1.492194023296370029e+09 1.209999999999999964e-01 2.985299999999999727e+02
1.492194023412772894e+09 1.209999999999999964e-01 2.985299999999999727e+02
1.492194023512531996e+09 1.210999999999999993e-01 2.985299999999999727e+02
1.492194023612283945e+09 1.208999999999999936e-01 2.985299999999999727e+02
1.492194023712117910e+09 1.209999999999999964e-01 2.985299999999999727e+02
1.492194023811831951e+09 1.209999999999999964e-01 2.985299999999999727e+02
1.492194023911550999e+09 1.209999999999999964e-01 2.985299999999999727e+02
1.492194024009653091e+09 1.209999999999999964e-01 2.985400000000000205e+02
1.492194024109643936e+09 1.209999999999999964e-01 2.985400000000000205e+02
1.492194024220961094e+09 1.209999999999999964e-01 2.985400000000000205e+02
1.492194024324421883e+09 1.209999999999999964e-01 2.985400000000000205e+02
1.492194024424498081e+09 1.209999999999999964e-01 2.985400000000000205e+02
1.492194024523596048e+09 1.209999999999999964e-01 2.985400000000000205e+02
1.492194024623442888e+09 1.209999999999999964e-01 2.985400000000000205e+02
1.492194024723442078e+09 1.209999999999999964e-01 2.985400000000000205e+02
1.492194024822444916e+09 1.209999999999999964e-01 2.985400000000000205e+02
1.492194024922465086e+09 1.208999999999999936e-01 2.985400000000000205e+02
1.492194025036422968e+09 1.209999999999999964e-01 2.985400000000000205e+02
1.492194025131177902e+09 1.210999999999999993e-01 2.985400000000000205e+02
1.492194025235548019e+09 1.209999999999999964e-01 2.985400000000000205e+02
1.492194025330487013e+09 1.210999999999999993e-01 2.985400000000000205e+02
1.492194025435328007e+09 1.210999999999999993e-01 2.985400000000000205e+02
1.492194025531708002e+09 1.209999999999999964e-01 2.985400000000000205e+02
1.492194025634105921e+09 1.208999999999999936e-01 2.985400000000000205e+02
1.492194025734365940e+09 1.212000000000000022e-01 2.985400000000000205e+02
1.492194025847439051e+09 1.213000000000000050e-01 2.985400000000000205e+02
1.492194025947432041e+09 1.210999999999999993e-01 2.985400000000000205e+02
1.492194026043910980e+09 1.210999999999999993e-01 2.985400000000000205e+02
1.492194026146831036e+09 1.212000000000000022e-01 2.985500000000000114e+02
1.492194026246310949e+09 1.212000000000000022e-01 2.985500000000000114e+02
1.492194026346402884e+09 1.212000000000000022e-01 2.985400000000000205e+02
1.492194026446193933e+09 1.210999999999999993e-01 2.985500000000000114e+02
1.492194026545330048e+09 1.208999999999999936e-01 2.985500000000000114e+02
1.492194026655005932e+09 1.209999999999999964e-01 2.985500000000000114e+02
1.492194026754780054e+09 1.210999999999999993e-01 2.985500000000000114e+02
1.492194026854538918e+09 1.210999999999999993e-01 2.985500000000000114e+02
1.492194026954299927e+09 1.208999999999999936e-01 2.985500000000000114e+02
1.492194027054094076e+09 1.208999999999999936e-01 2.985500000000000114e+02
1.492194027153825045e+09 1.208000000000000046e-01 2.985500000000000114e+02
1.492194027253566027e+09 1.209999999999999964e-01 2.985500000000000114e+02
1.492194027353358984e+09 1.208999999999999936e-01 2.985500000000000114e+02
1.492194027469753027e+09 1.210999999999999993e-01 2.985500000000000114e+02
1.492194027569516897e+09 1.210999999999999993e-01 2.985500000000000114e+02
1.492194027669292927e+09 1.209999999999999964e-01 2.985500000000000114e+02
