# 
# Duration (in s): 30
# Pointing Position of the Horn: Calibrator paddle
# Angle pointing (from vertical): 0
# Calibrator used: YES
# Weather: very clear
# Units: nanoWatt
# Comments: nitrogen
1.492195594604279041e+09 7.934999999999999831e-01 2.950099999999999909e+02
1.492195594693928957e+09 7.944999999999999840e-01 2.950099999999999909e+02
1.492195594789494991e+09 7.943000000000000060e-01 2.950099999999999909e+02
1.492195594887590885e+09 7.947999999999999510e-01 2.950099999999999909e+02
1.492195594987405062e+09 7.935999999999999721e-01 2.950099999999999909e+02
1.492195595090903997e+09 7.935999999999999721e-01 2.950099999999999909e+02
1.492195595191205978e+09 7.943999999999999950e-01 2.950099999999999909e+02
1.492195595290307999e+09 7.936999999999999611e-01 2.950099999999999909e+02
1.492195595387099981e+09 7.944999999999999840e-01 2.950099999999999909e+02
1.492195595490329981e+09 7.944999999999999840e-01 2.950099999999999909e+02
1.492195595589420080e+09 7.937999999999999501e-01 2.950099999999999909e+02
1.492195595703301907e+09 7.940000000000000391e-01 2.950099999999999909e+02
1.492195595803394079e+09 7.937999999999999501e-01 2.950099999999999909e+02
1.492195595903366089e+09 7.947999999999999510e-01 2.950099999999999909e+02
1.492195596002305984e+09 7.937999999999999501e-01 2.950099999999999909e+02
1.492195596102196932e+09 7.942000000000000171e-01 2.950099999999999909e+02
1.492195596202263117e+09 7.939000000000000501e-01 2.950099999999999909e+02
1.492195596301542044e+09 7.941000000000000281e-01 2.950099999999999909e+02
1.492195596401159048e+09 7.945999999999999730e-01 2.950099999999999909e+02
1.492195596515084982e+09 7.932000000000000162e-01 2.950000000000000000e+02
1.492195596615263939e+09 7.941000000000000281e-01 2.950000000000000000e+02
1.492195596714139938e+09 7.933000000000000052e-01 2.950000000000000000e+02
1.492195596814273119e+09 7.945999999999999730e-01 2.950000000000000000e+02
1.492195596908622980e+09 7.941000000000000281e-01 2.950000000000000000e+02
1.492195597013506889e+09 7.937999999999999501e-01 2.950000000000000000e+02
1.492195597113219023e+09 7.943000000000000060e-01 2.950000000000000000e+02
1.492195597207813025e+09 7.934999999999999831e-01 2.950000000000000000e+02
1.492195597307434082e+09 7.940000000000000391e-01 2.950000000000000000e+02
1.492195597422842979e+09 7.939000000000000501e-01 2.950000000000000000e+02
1.492195597522237062e+09 7.949000000000000510e-01 2.950000000000000000e+02
1.492195597624033928e+09 7.935999999999999721e-01 2.950000000000000000e+02
1.492195597723109007e+09 7.940000000000000391e-01 2.950000000000000000e+02
1.492195597822874069e+09 7.939000000000000501e-01 2.950000000000000000e+02
1.492195597920890093e+09 7.940000000000000391e-01 2.950000000000000000e+02
1.492195598022416115e+09 7.947999999999999510e-01 2.950000000000000000e+02
1.492195598122174978e+09 7.941000000000000281e-01 2.950000000000000000e+02
1.492195598221947908e+09 7.943000000000000060e-01 2.950000000000000000e+02
1.492195598337146044e+09 7.935999999999999721e-01 2.950000000000000000e+02
1.492195598437268972e+09 7.943999999999999950e-01 2.950000000000000000e+02
1.492195598536170959e+09 7.947999999999999510e-01 2.950000000000000000e+02
1.492195598633404016e+09 7.939000000000000501e-01 2.950000000000000000e+02
1.492195598736004114e+09 7.943000000000000060e-01 2.950000000000000000e+02
1.492195598835057020e+09 7.941000000000000281e-01 2.950000000000000000e+02
1.492195598930727005e+09 7.946999999999999620e-01 2.950000000000000000e+02
1.492195599035171986e+09 7.943000000000000060e-01 2.950000000000000000e+02
1.492195599149111986e+09 7.939000000000000501e-01 2.950000000000000000e+02
1.492195599245161057e+09 7.936999999999999611e-01 2.949900000000000091e+02
1.492195599348220110e+09 7.930000000000000382e-01 2.949900000000000091e+02
1.492195599448071003e+09 7.930000000000000382e-01 2.950000000000000000e+02
1.492195599547048092e+09 7.942000000000000171e-01 2.950000000000000000e+02
1.492195599644911051e+09 7.936999999999999611e-01 2.949900000000000091e+02
1.492195599747159958e+09 7.937999999999999501e-01 2.949900000000000091e+02
1.492195599846039057e+09 7.939000000000000501e-01 2.949900000000000091e+02
1.492195599956686020e+09 7.943000000000000060e-01 2.949900000000000091e+02
1.492195600060257912e+09 7.940000000000000391e-01 2.949900000000000091e+02
1.492195600157601118e+09 7.937999999999999501e-01 2.949900000000000091e+02
1.492195600258961916e+09 7.930000000000000382e-01 2.949900000000000091e+02
1.492195600356198072e+09 7.949000000000000510e-01 2.949900000000000091e+02
1.492195600457797050e+09 7.937999999999999501e-01 2.949900000000000091e+02
1.492195600557976007e+09 7.943999999999999950e-01 2.949900000000000091e+02
1.492195600653326035e+09 7.943999999999999950e-01 2.949900000000000091e+02
1.492195600771827936e+09 7.950000000000000400e-01 2.949900000000000091e+02
1.492195600871876001e+09 7.940000000000000391e-01 2.949900000000000091e+02
1.492195600966639996e+09 7.943000000000000060e-01 2.949900000000000091e+02
1.492195601071012974e+09 7.945999999999999730e-01 2.949900000000000091e+02
1.492195601170871973e+09 7.942000000000000171e-01 2.949900000000000091e+02
1.492195601269918919e+09 7.934999999999999831e-01 2.949900000000000091e+02
1.492195601367214918e+09 7.933999999999999941e-01 2.949900000000000091e+02
1.492195601464180946e+09 7.950000000000000400e-01 2.949900000000000091e+02
1.492195601580478907e+09 7.940000000000000391e-01 2.949900000000000091e+02
1.492195601680053949e+09 7.937999999999999501e-01 2.949900000000000091e+02
1.492195601780103922e+09 7.935999999999999721e-01 2.949900000000000091e+02
1.492195601879868984e+09 7.943999999999999950e-01 2.949900000000000091e+02
1.492195601976818085e+09 7.949000000000000510e-01 2.949900000000000091e+02
1.492195602080580950e+09 7.946999999999999620e-01 2.949800000000000182e+02
1.492195602179168940e+09 7.946999999999999620e-01 2.949800000000000182e+02
1.492195602278867006e+09 7.949000000000000510e-01 2.949900000000000091e+02
1.492195602394897938e+09 7.943999999999999950e-01 2.949900000000000091e+02
1.492195602494864941e+09 7.949000000000000510e-01 2.949900000000000091e+02
1.492195602593795061e+09 7.939000000000000501e-01 2.949800000000000182e+02
1.492195602689553022e+09 7.936999999999999611e-01 2.949800000000000182e+02
1.492195602793962002e+09 7.941000000000000281e-01 2.949800000000000182e+02
1.492195602892719030e+09 7.941000000000000281e-01 2.949800000000000182e+02
1.492195602992758989e+09 7.936999999999999611e-01 2.949800000000000182e+02
1.492195603092356920e+09 7.937999999999999501e-01 2.949800000000000182e+02
1.492195603205697060e+09 7.937999999999999501e-01 2.949800000000000182e+02
1.492195603302273035e+09 7.945999999999999730e-01 2.949800000000000182e+02
1.492195603405926943e+09 7.941000000000000281e-01 2.949800000000000182e+02
1.492195603504765987e+09 7.947999999999999510e-01 2.949800000000000182e+02
1.492195603599730968e+09 7.944999999999999840e-01 2.949800000000000182e+02
1.492195603704684973e+09 7.943000000000000060e-01 2.949800000000000182e+02
1.492195603798880100e+09 7.947999999999999510e-01 2.949800000000000182e+02
1.492195603903693914e+09 7.943999999999999950e-01 2.949800000000000182e+02
1.492195604017900944e+09 7.944999999999999840e-01 2.949800000000000182e+02
1.492195604117716074e+09 7.940000000000000391e-01 2.949800000000000182e+02
1.492195604214490891e+09 7.942000000000000171e-01 2.949800000000000182e+02
1.492195604316500902e+09 7.933000000000000052e-01 2.949800000000000182e+02
1.492195604414283037e+09 7.941000000000000281e-01 2.949800000000000182e+02
1.492195604515647888e+09 7.940000000000000391e-01 2.949800000000000182e+02
1.492195604615631104e+09 7.940000000000000391e-01 2.949800000000000182e+02
1.492195604710613012e+09 7.944999999999999840e-01 2.949800000000000182e+02
1.492195604828478098e+09 7.944999999999999840e-01 2.949700000000000273e+02
1.492195604928682089e+09 7.947999999999999510e-01 2.949700000000000273e+02
1.492195605023585081e+09 7.945999999999999730e-01 2.949700000000000273e+02
1.492195605128278971e+09 7.946999999999999620e-01 2.949700000000000273e+02
1.492195605227540016e+09 7.944999999999999840e-01 2.949700000000000273e+02
1.492195605327435017e+09 7.936999999999999611e-01 2.949700000000000273e+02
1.492195605423666000e+09 7.939000000000000501e-01 2.949700000000000273e+02
1.492195605522849083e+09 7.940000000000000391e-01 2.949700000000000273e+02
1.492195605637476921e+09 7.940000000000000391e-01 2.949700000000000273e+02
1.492195605737464905e+09 7.950000000000000400e-01 2.949700000000000273e+02
1.492195605837090015e+09 7.949000000000000510e-01 2.949700000000000273e+02
1.492195605936840057e+09 7.945999999999999730e-01 2.949700000000000273e+02
1.492195606036294937e+09 7.939000000000000501e-01 2.949700000000000273e+02
1.492195606136385918e+09 7.943999999999999950e-01 2.949700000000000273e+02
1.492195606236119032e+09 7.943000000000000060e-01 2.949700000000000273e+02
1.492195606335772991e+09 7.942000000000000171e-01 2.949700000000000273e+02
1.492195606451399088e+09 7.942000000000000171e-01 2.949700000000000273e+02
1.492195606550355911e+09 7.946999999999999620e-01 2.949700000000000273e+02
1.492195606647291899e+09 7.945999999999999730e-01 2.949700000000000273e+02
1.492195606751856089e+09 7.944999999999999840e-01 2.949700000000000273e+02
1.492195606850426912e+09 7.942000000000000171e-01 2.949700000000000273e+02
1.492195606945460081e+09 7.954999999999999849e-01 2.949599999999999795e+02
1.492195607049691916e+09 7.946999999999999620e-01 2.949599999999999795e+02
1.492195607149493933e+09 7.941000000000000281e-01 2.949599999999999795e+02
1.492195607259357929e+09 7.946999999999999620e-01 2.949599999999999795e+02
1.492195607363792896e+09 7.934999999999999831e-01 2.949599999999999795e+02
1.492195607460495949e+09 7.943999999999999950e-01 2.949599999999999795e+02
1.492195607557552099e+09 7.942000000000000171e-01 2.949599999999999795e+02
1.492195607661758900e+09 7.946999999999999620e-01 2.949599999999999795e+02
1.492195607761384010e+09 7.943000000000000060e-01 2.949599999999999795e+02
1.492195607861329079e+09 7.944999999999999840e-01 2.949599999999999795e+02
1.492195607957865000e+09 7.946999999999999620e-01 2.949599999999999795e+02
1.492195608075486898e+09 7.941000000000000281e-01 2.949599999999999795e+02
1.492195608169063091e+09 7.952000000000000179e-01 2.949599999999999795e+02
1.492195608273350000e+09 7.947999999999999510e-01 2.949599999999999795e+02
1.492195608373388052e+09 7.946999999999999620e-01 2.949599999999999795e+02
1.492195608473320961e+09 7.940000000000000391e-01 2.949599999999999795e+02
1.492195608570612907e+09 7.940000000000000391e-01 2.949599999999999795e+02
1.492195608672229052e+09 7.945999999999999730e-01 2.949599999999999795e+02
1.492195608772248030e+09 7.944999999999999840e-01 2.949599999999999795e+02
1.492195608886473894e+09 7.952000000000000179e-01 2.949599999999999795e+02
1.492195608986197948e+09 7.953000000000000069e-01 2.949599999999999795e+02
1.492195609080214024e+09 7.950000000000000400e-01 2.949599999999999795e+02
1.492195609184221983e+09 7.944999999999999840e-01 2.949499999999999886e+02
1.492195609285098076e+09 7.946999999999999620e-01 2.949499999999999886e+02
1.492195609384262085e+09 7.942000000000000171e-01 2.949499999999999886e+02
1.492195609482245922e+09 7.953000000000000069e-01 2.949499999999999886e+02
1.492195609584155083e+09 7.946999999999999620e-01 2.949499999999999886e+02
1.492195609694457054e+09 7.935999999999999721e-01 2.949499999999999886e+02
1.492195609795608044e+09 7.944999999999999840e-01 2.949499999999999886e+02
1.492195609894109011e+09 7.942000000000000171e-01 2.949499999999999886e+02
1.492195609993283033e+09 7.950000000000000400e-01 2.949499999999999886e+02
1.492195610092586994e+09 7.950000000000000400e-01 2.949499999999999886e+02
1.492195610194434881e+09 7.951000000000000290e-01 2.949499999999999886e+02
1.492195610293086052e+09 7.955999999999999739e-01 2.949499999999999886e+02
1.492195610392858028e+09 7.945999999999999730e-01 2.949499999999999886e+02
1.492195610509403944e+09 7.940000000000000391e-01 2.949499999999999886e+02
1.492195610609008074e+09 7.941000000000000281e-01 2.949499999999999886e+02
1.492195610707961082e+09 7.949000000000000510e-01 2.949499999999999886e+02
1.492195610807311058e+09 7.944999999999999840e-01 2.949499999999999886e+02
1.492195610903711081e+09 7.943999999999999950e-01 2.949499999999999886e+02
1.492195611006994009e+09 7.946999999999999620e-01 2.949399999999999977e+02
1.492195611105209112e+09 7.946999999999999620e-01 2.949399999999999977e+02
1.492195611207005024e+09 7.952000000000000179e-01 2.949399999999999977e+02
1.492195611321089029e+09 7.951000000000000290e-01 2.949499999999999886e+02
1.492195611419290066e+09 7.944999999999999840e-01 2.949399999999999977e+02
1.492195611519932985e+09 7.943000000000000060e-01 2.949399999999999977e+02
1.492195611620192051e+09 7.945999999999999730e-01 2.949399999999999977e+02
1.492195611716147900e+09 7.944999999999999840e-01 2.949399999999999977e+02
1.492195611819354057e+09 7.941000000000000281e-01 2.949399999999999977e+02
1.492195611918963909e+09 7.945999999999999730e-01 2.949399999999999977e+02
1.492195612017998934e+09 7.954999999999999849e-01 2.949399999999999977e+02
1.492195612131967068e+09 7.944999999999999840e-01 2.949399999999999977e+02
1.492195612231949091e+09 7.943000000000000060e-01 2.949399999999999977e+02
1.492195612325975895e+09 7.954999999999999849e-01 2.949399999999999977e+02
1.492195612430655003e+09 7.950000000000000400e-01 2.949399999999999977e+02
1.492195612530888081e+09 7.951000000000000290e-01 2.949399999999999977e+02
1.492195612629920006e+09 7.944999999999999840e-01 2.949399999999999977e+02
1.492195612726794958e+09 7.946999999999999620e-01 2.949399999999999977e+02
1.492195612829401016e+09 7.943000000000000060e-01 2.949399999999999977e+02
1.492195612943835020e+09 7.937999999999999501e-01 2.949399999999999977e+02
1.492195613037791967e+09 7.949000000000000510e-01 2.949399999999999977e+02
1.492195613142191887e+09 7.940000000000000391e-01 2.949399999999999977e+02
1.492195613242808104e+09 7.943000000000000060e-01 2.949399999999999977e+02
1.492195613341780901e+09 7.943999999999999950e-01 2.949399999999999977e+02
1.492195613438807964e+09 7.943999999999999950e-01 2.949300000000000068e+02
1.492195613542105913e+09 7.952000000000000179e-01 2.949300000000000068e+02
1.492195613640830040e+09 7.946999999999999620e-01 2.949300000000000068e+02
1.492195613751796007e+09 7.953999999999999959e-01 2.949300000000000068e+02
1.492195613851320028e+09 7.944999999999999840e-01 2.949300000000000068e+02
1.492195613951075077e+09 7.945999999999999730e-01 2.949300000000000068e+02
1.492195614051497936e+09 7.951000000000000290e-01 2.949300000000000068e+02
1.492195614152852058e+09 7.946999999999999620e-01 2.949300000000000068e+02
1.492195614250320911e+09 7.945999999999999730e-01 2.949300000000000068e+02
1.492195614350081921e+09 7.947999999999999510e-01 2.949300000000000068e+02
1.492195614450000048e+09 7.947999999999999510e-01 2.949300000000000068e+02
1.492195614566235065e+09 7.945999999999999730e-01 2.949300000000000068e+02
1.492195614660881996e+09 7.949000000000000510e-01 2.949300000000000068e+02
1.492195614763580084e+09 7.943999999999999950e-01 2.949300000000000068e+02
1.492195614865530014e+09 7.943000000000000060e-01 2.949300000000000068e+02
1.492195614964643002e+09 7.950000000000000400e-01 2.949300000000000068e+02
1.492195615064737082e+09 7.946999999999999620e-01 2.949300000000000068e+02
1.492195615164805889e+09 7.940000000000000391e-01 2.949300000000000068e+02
1.492195615263730049e+09 7.944999999999999840e-01 2.949300000000000068e+02
1.492195615373436928e+09 7.943999999999999950e-01 2.949300000000000068e+02
1.492195615477776051e+09 7.951000000000000290e-01 2.949300000000000068e+02
1.492195615576706886e+09 7.943000000000000060e-01 2.949200000000000159e+02
1.492195615671303034e+09 7.944999999999999840e-01 2.949200000000000159e+02
1.492195615774775982e+09 7.951000000000000290e-01 2.949200000000000159e+02
1.492195615875852108e+09 7.947999999999999510e-01 2.949200000000000159e+02
1.492195615975806952e+09 7.951000000000000290e-01 2.949200000000000159e+02
1.492195616071274042e+09 7.944999999999999840e-01 2.949200000000000159e+02
1.492195616189507961e+09 7.940000000000000391e-01 2.949200000000000159e+02
1.492195616289746046e+09 7.943999999999999950e-01 2.949200000000000159e+02
1.492195616385880947e+09 7.944999999999999840e-01 2.949200000000000159e+02
1.492195616488768101e+09 7.940000000000000391e-01 2.949200000000000159e+02
1.492195616586972952e+09 7.941000000000000281e-01 2.949200000000000159e+02
1.492195616687541962e+09 7.939000000000000501e-01 2.949200000000000159e+02
1.492195616783279896e+09 7.951000000000000290e-01 2.949200000000000159e+02
1.492195616886645079e+09 7.946999999999999620e-01 2.949200000000000159e+02
1.492195617000614882e+09 7.941000000000000281e-01 2.949200000000000159e+02
1.492195617096326113e+09 7.959000000000000519e-01 2.949200000000000159e+02
1.492195617200725079e+09 7.946999999999999620e-01 2.949100000000000250e+02
1.492195617299736977e+09 7.950000000000000400e-01 2.949100000000000250e+02
1.492195617394268036e+09 7.951000000000000290e-01 2.949100000000000250e+02
1.492195617499349117e+09 7.951000000000000290e-01 2.949100000000000250e+02
1.492195617598474979e+09 7.937999999999999501e-01 2.949100000000000250e+02
1.492195617698503017e+09 7.941000000000000281e-01 2.949100000000000250e+02
1.492195617808540106e+09 7.950000000000000400e-01 2.949100000000000250e+02
1.492195617908265114e+09 7.946999999999999620e-01 2.949100000000000250e+02
1.492195618007915974e+09 7.950000000000000400e-01 2.949100000000000250e+02
1.492195618109054089e+09 7.945999999999999730e-01 2.949100000000000250e+02
1.492195618207539082e+09 7.954999999999999849e-01 2.949100000000000250e+02
1.492195618307306051e+09 7.953000000000000069e-01 2.949100000000000250e+02
1.492195618406126976e+09 7.945999999999999730e-01 2.949100000000000250e+02
1.492195618510426044e+09 7.940000000000000391e-01 2.949100000000000250e+02
1.492195618623225927e+09 7.945999999999999730e-01 2.948999999999999773e+02
1.492195618719813108e+09 7.943999999999999950e-01 2.949100000000000250e+02
1.492195618822978973e+09 7.945999999999999730e-01 2.949100000000000250e+02
1.492195618922420979e+09 7.946999999999999620e-01 2.948999999999999773e+02
1.492195619022241116e+09 7.953999999999999959e-01 2.948999999999999773e+02
1.492195619120160103e+09 7.946999999999999620e-01 2.948999999999999773e+02
1.492195619221450090e+09 7.950000000000000400e-01 2.948999999999999773e+02
1.492195619321397066e+09 7.950000000000000400e-01 2.948999999999999773e+02
1.492195619432192087e+09 7.941000000000000281e-01 2.948999999999999773e+02
1.492195619535342932e+09 7.951000000000000290e-01 2.948999999999999773e+02
1.492195619634452105e+09 7.952000000000000179e-01 2.948999999999999773e+02
1.492195619729541063e+09 7.949000000000000510e-01 2.948999999999999773e+02
1.492195619833864927e+09 7.946999999999999620e-01 2.948999999999999773e+02
1.492195619933178902e+09 7.949000000000000510e-01 2.948999999999999773e+02
1.492195620028589964e+09 7.944999999999999840e-01 2.948999999999999773e+02
1.492195620129967928e+09 7.946999999999999620e-01 2.948899999999999864e+02
1.492195620246336937e+09 7.947999999999999510e-01 2.948899999999999864e+02
1.492195620346225977e+09 7.943999999999999950e-01 2.948999999999999773e+02
1.492195620445796967e+09 7.944999999999999840e-01 2.948899999999999864e+02
1.492195620545113087e+09 7.951000000000000290e-01 2.948899999999999864e+02
1.492195620645289898e+09 7.950000000000000400e-01 2.948899999999999864e+02
1.492195620742662907e+09 7.943000000000000060e-01 2.948899999999999864e+02
1.492195620844386101e+09 7.950000000000000400e-01 2.948899999999999864e+02
1.492195620944327116e+09 7.943000000000000060e-01 2.948899999999999864e+02
1.492195621055737019e+09 7.947999999999999510e-01 2.948899999999999864e+02
1.492195621158193111e+09 7.944999999999999840e-01 2.948899999999999864e+02
1.492195621252202034e+09 7.952000000000000179e-01 2.948899999999999864e+02
1.492195621357167959e+09 7.944999999999999840e-01 2.948899999999999864e+02
1.492195621456994057e+09 7.944999999999999840e-01 2.948899999999999864e+02
1.492195621556061983e+09 7.950000000000000400e-01 2.948799999999999955e+02
1.492195621656084061e+09 7.946999999999999620e-01 2.948799999999999955e+02
1.492195621752748013e+09 7.942000000000000171e-01 2.948899999999999864e+02
1.492195621865470886e+09 7.952000000000000179e-01 2.948799999999999955e+02
1.492195621965154886e+09 7.952000000000000179e-01 2.948799999999999955e+02
1.492195622065150976e+09 7.949000000000000510e-01 2.948799999999999955e+02
1.492195622164778948e+09 7.944999999999999840e-01 2.948799999999999955e+02
1.492195622264539003e+09 7.947999999999999510e-01 2.948799999999999955e+02
1.492195622364211082e+09 7.943000000000000060e-01 2.948799999999999955e+02
1.492195622466253996e+09 7.944999999999999840e-01 2.948799999999999955e+02
1.492195622563853979e+09 7.944999999999999840e-01 2.948799999999999955e+02
1.492195622675899029e+09 7.949000000000000510e-01 2.948799999999999955e+02
1.492195622780215025e+09 7.943999999999999950e-01 2.948799999999999955e+02
1.492195622879750967e+09 7.950000000000000400e-01 2.948799999999999955e+02
1.492195622979512930e+09 7.947999999999999510e-01 2.948799999999999955e+02
1.492195623078146935e+09 7.947999999999999510e-01 2.948799999999999955e+02
1.492195623179033995e+09 7.945999999999999730e-01 2.948799999999999955e+02
1.492195623278809071e+09 7.941000000000000281e-01 2.948799999999999955e+02
1.492195623376720905e+09 7.949000000000000510e-01 2.948799999999999955e+02
1.492195623492979050e+09 7.950000000000000400e-01 2.948799999999999955e+02
1.492195623587740898e+09 7.945999999999999730e-01 2.948700000000000045e+02
1.492195623692091942e+09 7.949000000000000510e-01 2.948700000000000045e+02
1.492195623791966915e+09 7.950000000000000400e-01 2.948700000000000045e+02
1.492195623889023066e+09 7.951000000000000290e-01 2.948700000000000045e+02
1.492195623989326000e+09 7.947999999999999510e-01 2.948700000000000045e+02
1.492195624089975119e+09 7.945999999999999730e-01 2.948700000000000045e+02
1.492195624190093040e+09 7.950000000000000400e-01 2.948700000000000045e+02
1.492195624303801060e+09 7.944999999999999840e-01 2.948700000000000045e+02
1.492195624403846025e+09 7.945999999999999730e-01 2.948700000000000045e+02
1.492195624503102064e+09 7.953000000000000069e-01 2.948700000000000045e+02
1.492195624599289894e+09 7.953000000000000069e-01 2.948700000000000045e+02
