# 
# Duration (in s): 30
# Pointing Position of the Horn: Calibrator paddle
# Angle pointing (from vertical): 0
# Calibrator used: YES
# Weather: very clear
# Units: microWatt
# Comments: 
1.492192579895196915e+09 1.265000000000000013e-01 2.965799999999999841e+02
1.492192580016551971e+09 1.265999999999999903e-01 2.965799999999999841e+02
1.492192580116374969e+09 1.265000000000000013e-01 2.965799999999999841e+02
1.492192580216370106e+09 1.265999999999999903e-01 2.965899999999999750e+02
1.492192580315520048e+09 1.265000000000000013e-01 2.965899999999999750e+02
1.492192580415496111e+09 1.267000000000000071e-01 2.965899999999999750e+02
1.492192580515645981e+09 1.265999999999999903e-01 2.965799999999999841e+02
1.492192580614383936e+09 1.267000000000000071e-01 2.965899999999999750e+02
1.492192580714366913e+09 1.267999999999999960e-01 2.965899999999999750e+02
1.492192580812916994e+09 1.267999999999999960e-01 2.966000000000000227e+02
1.492192580913511992e+09 1.265999999999999903e-01 2.966100000000000136e+02
1.492192581027132034e+09 1.265000000000000013e-01 2.966200000000000045e+02
1.492192581127475023e+09 1.265000000000000013e-01 2.966200000000000045e+02
1.492192581227335930e+09 1.264000000000000123e-01 2.966299999999999955e+02
1.492192581326344013e+09 1.265000000000000013e-01 2.966299999999999955e+02
1.492192581426031113e+09 1.262999999999999956e-01 2.966299999999999955e+02
1.492192581526329041e+09 1.264000000000000123e-01 2.966399999999999864e+02
1.492192581625365973e+09 1.265999999999999903e-01 2.966499999999999773e+02
1.492192581725219965e+09 1.265000000000000013e-01 2.966499999999999773e+02
1.492192581825095892e+09 1.265000000000000013e-01 2.966600000000000250e+02
1.492192581937745094e+09 1.265000000000000013e-01 2.966600000000000250e+02
1.492192582037431002e+09 1.264000000000000123e-01 2.966700000000000159e+02
1.492192582137268066e+09 1.262999999999999956e-01 2.966700000000000159e+02
1.492192582237029076e+09 1.264000000000000123e-01 2.966700000000000159e+02
1.492192582336802959e+09 1.264000000000000123e-01 2.966700000000000159e+02
1.492192582436569929e+09 1.264000000000000123e-01 2.966700000000000159e+02
1.492192582536247969e+09 1.262999999999999956e-01 2.966800000000000068e+02
1.492192582636097908e+09 1.267000000000000071e-01 2.966800000000000068e+02
1.492192582750407934e+09 1.265000000000000013e-01 2.966899999999999977e+02
1.492192582850188017e+09 1.265999999999999903e-01 2.966899999999999977e+02
1.492192582949281931e+09 1.267000000000000071e-01 2.966999999999999886e+02
1.492192583049312115e+09 1.265999999999999903e-01 2.967099999999999795e+02
1.492192583149246931e+09 1.265999999999999903e-01 2.967099999999999795e+02
1.492192583248193979e+09 1.265999999999999903e-01 2.967200000000000273e+02
1.492192583348278046e+09 1.265999999999999903e-01 2.967400000000000091e+02
1.492192583448364019e+09 1.265999999999999903e-01 2.967599999999999909e+02
1.492192583561095953e+09 1.265999999999999903e-01 2.967599999999999909e+02
1.492192583661189079e+09 1.265000000000000013e-01 2.967799999999999727e+02
1.492192583761288881e+09 1.265000000000000013e-01 2.968000000000000114e+02
1.492192583860061884e+09 1.265999999999999903e-01 2.968000000000000114e+02
1.492192583960026026e+09 1.267000000000000071e-01 2.968100000000000023e+02
1.492192584060115099e+09 1.265000000000000013e-01 2.968199999999999932e+02
1.492192584158008099e+09 1.265000000000000013e-01 2.968199999999999932e+02
1.492192584259113073e+09 1.262999999999999956e-01 2.968299999999999841e+02
1.492192584373130083e+09 1.264000000000000123e-01 2.968299999999999841e+02
1.492192584473141909e+09 1.262999999999999956e-01 2.968399999999999750e+02
1.492192584570986032e+09 1.264000000000000123e-01 2.968399999999999750e+02
1.492192584672086954e+09 1.265000000000000013e-01 2.968399999999999750e+02
1.492192584772056103e+09 1.265000000000000013e-01 2.968399999999999750e+02
1.492192584871098042e+09 1.264000000000000123e-01 2.968399999999999750e+02
1.492192584971096992e+09 1.264000000000000123e-01 2.968299999999999841e+02
1.492192585071166992e+09 1.264000000000000123e-01 2.968199999999999932e+02
1.492192585184143066e+09 1.264000000000000123e-01 2.968299999999999841e+02
1.492192585284070015e+09 1.264000000000000123e-01 2.968299999999999841e+02
1.492192585384020090e+09 1.265000000000000013e-01 2.968399999999999750e+02
1.492192585483017921e+09 1.265000000000000013e-01 2.968600000000000136e+02
1.492192585582882881e+09 1.265000000000000013e-01 2.968600000000000136e+02
1.492192585682991028e+09 1.265000000000000013e-01 2.968799999999999955e+02
1.492192585782032967e+09 1.265999999999999903e-01 2.968899999999999864e+02
1.492192585881720066e+09 1.264000000000000123e-01 2.968999999999999773e+02
1.492192585995894909e+09 1.264000000000000123e-01 2.968999999999999773e+02
1.492192586095824957e+09 1.265000000000000013e-01 2.969100000000000250e+02
1.492192586194176912e+09 1.264000000000000123e-01 2.969200000000000159e+02
1.492192586294008017e+09 1.262999999999999956e-01 2.969200000000000159e+02
1.492192586395047903e+09 1.264000000000000123e-01 2.969200000000000159e+02
1.492192586493551970e+09 1.264000000000000123e-01 2.969399999999999977e+02
1.492192586593303919e+09 1.265000000000000013e-01 2.969399999999999977e+02
1.492192586693118095e+09 1.262999999999999956e-01 2.969499999999999886e+02
1.492192586806917906e+09 1.262999999999999956e-01 2.969599999999999795e+02
1.492192586906007051e+09 1.262999999999999956e-01 2.969700000000000273e+02
1.492192587006004095e+09 1.262000000000000066e-01 2.969700000000000273e+02
1.492192587106941938e+09 1.262000000000000066e-01 2.969700000000000273e+02
1.492192587206007004e+09 1.265000000000000013e-01 2.969800000000000182e+02
1.492192587304636955e+09 1.262999999999999956e-01 2.969800000000000182e+02
1.492192587405046940e+09 1.262999999999999956e-01 2.969900000000000091e+02
1.492192587504939079e+09 1.264000000000000123e-01 2.969900000000000091e+02
1.492192587618933916e+09 1.265000000000000013e-01 2.970000000000000000e+02
1.492192587718895912e+09 1.262999999999999956e-01 2.970000000000000000e+02
1.492192587817744017e+09 1.264000000000000123e-01 2.970099999999999909e+02
1.492192587917854071e+09 1.264000000000000123e-01 2.970199999999999818e+02
1.492192588017908096e+09 1.264000000000000123e-01 2.970199999999999818e+02
1.492192588116801023e+09 1.264000000000000123e-01 2.970299999999999727e+02
1.492192588216773987e+09 1.262999999999999956e-01 2.970400000000000205e+02
1.492192588316771030e+09 1.265000000000000013e-01 2.970400000000000205e+02
1.492192588430751085e+09 1.265000000000000013e-01 2.970400000000000205e+02
1.492192588529805899e+09 1.264000000000000123e-01 2.970500000000000114e+02
1.492192588629791975e+09 1.265000000000000013e-01 2.970600000000000023e+02
1.492192588729748964e+09 1.265999999999999903e-01 2.970600000000000023e+02
1.492192588828629971e+09 1.264000000000000123e-01 2.970600000000000023e+02
1.492192588928698063e+09 1.264000000000000123e-01 2.970699999999999932e+02
1.492192589028666019e+09 1.264000000000000123e-01 2.970699999999999932e+02
1.492192589127552986e+09 1.262000000000000066e-01 2.970799999999999841e+02
1.492192589241668940e+09 1.262999999999999956e-01 2.970799999999999841e+02
1.492192589341790915e+09 1.265000000000000013e-01 2.970899999999999750e+02
1.492192589440651894e+09 1.264000000000000123e-01 2.970899999999999750e+02
1.492192589540699005e+09 1.264000000000000123e-01 2.970899999999999750e+02
1.492192589640739918e+09 1.262999999999999956e-01 2.971000000000000227e+02
1.492192589739634037e+09 1.262999999999999956e-01 2.971000000000000227e+02
1.492192589839720011e+09 1.262999999999999956e-01 2.971100000000000136e+02
1.492192589938546896e+09 1.262000000000000066e-01 2.971299999999999955e+02
1.492192590053551912e+09 1.262000000000000066e-01 2.971399999999999864e+02
1.492192590152632952e+09 1.262999999999999956e-01 2.971399999999999864e+02
1.492192590252430916e+09 1.264000000000000123e-01 2.971499999999999773e+02
1.492192590352699041e+09 1.262999999999999956e-01 2.971700000000000159e+02
1.492192590450771093e+09 1.264000000000000123e-01 2.971700000000000159e+02
1.492192590551666021e+09 1.262999999999999956e-01 2.971700000000000159e+02
1.492192590651585102e+09 1.264000000000000123e-01 2.971800000000000068e+02
1.492192590750098944e+09 1.264000000000000123e-01 2.971800000000000068e+02
1.492192590864532948e+09 1.262999999999999956e-01 2.971800000000000068e+02
1.492192590964421034e+09 1.262999999999999956e-01 2.971899999999999977e+02
1.492192591063487053e+09 1.262999999999999956e-01 2.971999999999999886e+02
1.492192591162484884e+09 1.262999999999999956e-01 2.971999999999999886e+02
1.492192591263453960e+09 1.264000000000000123e-01 2.972099999999999795e+02
1.492192591362572908e+09 1.264000000000000123e-01 2.972200000000000273e+02
1.492192591462557077e+09 1.262000000000000066e-01 2.972200000000000273e+02
1.492192591562414885e+09 1.264000000000000123e-01 2.972300000000000182e+02
1.492192591676481009e+09 1.262000000000000066e-01 2.972400000000000091e+02
1.492192591775388002e+09 1.260999999999999899e-01 2.972400000000000091e+02
1.492192591875505924e+09 1.262999999999999956e-01 2.972400000000000091e+02
1.492192591975447893e+09 1.260999999999999899e-01 2.972500000000000000e+02
1.492192592074414968e+09 1.260999999999999899e-01 2.972500000000000000e+02
1.492192592174293041e+09 1.260999999999999899e-01 2.972500000000000000e+02
1.492192592274390936e+09 1.260999999999999899e-01 2.972500000000000000e+02
1.492192592373414040e+09 1.264000000000000123e-01 2.972599999999999909e+02
1.492192592487416983e+09 1.262999999999999956e-01 2.972799999999999727e+02
1.492192592587563992e+09 1.262000000000000066e-01 2.972799999999999727e+02
1.492192592686228037e+09 1.262000000000000066e-01 2.972900000000000205e+02
1.492192592786387920e+09 1.262999999999999956e-01 2.972900000000000205e+02
1.492192592886320114e+09 1.260999999999999899e-01 2.972900000000000205e+02
1.492192592985337019e+09 1.260999999999999899e-01 2.973000000000000114e+02
1.492192593085252047e+09 1.262000000000000066e-01 2.973000000000000114e+02
1.492192593185316086e+09 1.264000000000000123e-01 2.973100000000000023e+02
1.492192593299309969e+09 1.265000000000000013e-01 2.973100000000000023e+02
1.492192593398488998e+09 1.264000000000000123e-01 2.973100000000000023e+02
1.492192593498265982e+09 1.262999999999999956e-01 2.973100000000000023e+02
1.492192593598294020e+09 1.264000000000000123e-01 2.973100000000000023e+02
1.492192593697370052e+09 1.262999999999999956e-01 2.973100000000000023e+02
1.492192593797308922e+09 1.262999999999999956e-01 2.973199999999999932e+02
1.492192593897243023e+09 1.262000000000000066e-01 2.973199999999999932e+02
1.492192593996157885e+09 1.264000000000000123e-01 2.973199999999999932e+02
1.492192594109997988e+09 1.264000000000000123e-01 2.973299999999999841e+02
1.492192594210083961e+09 1.264000000000000123e-01 2.973399999999999750e+02
1.492192594309138060e+09 1.262000000000000066e-01 2.973399999999999750e+02
1.492192594409102917e+09 1.262000000000000066e-01 2.973500000000000227e+02
1.492192594509051085e+09 1.264000000000000123e-01 2.973600000000000136e+02
1.492192594607496977e+09 1.262999999999999956e-01 2.973600000000000136e+02
1.492192594707268953e+09 1.262999999999999956e-01 2.973799999999999955e+02
1.492192594808137894e+09 1.260000000000000009e-01 2.973799999999999955e+02
1.492192594922032118e+09 1.262999999999999956e-01 2.973799999999999955e+02
1.492192595021379948e+09 1.262000000000000066e-01 2.973799999999999955e+02
1.492192595121179104e+09 1.262000000000000066e-01 2.973899999999999864e+02
1.492192595221097946e+09 1.260999999999999899e-01 2.973899999999999864e+02
1.492192595320223093e+09 1.262999999999999956e-01 2.973899999999999864e+02
1.492192595420114994e+09 1.262000000000000066e-01 2.973899999999999864e+02
1.492192595520122051e+09 1.262000000000000066e-01 2.973899999999999864e+02
1.492192595619088888e+09 1.262000000000000066e-01 2.973899999999999864e+02
1.492192595733027935e+09 1.262000000000000066e-01 2.973899999999999864e+02
1.492192595833158016e+09 1.262000000000000066e-01 2.973899999999999864e+02
1.492192595932818890e+09 1.262000000000000066e-01 2.973999999999999773e+02
1.492192596032020092e+09 1.262999999999999956e-01 2.973999999999999773e+02
1.492192596132055044e+09 1.264000000000000123e-01 2.974100000000000250e+02
1.492192596231057882e+09 1.264000000000000123e-01 2.974200000000000159e+02
1.492192596331283092e+09 1.264000000000000123e-01 2.974200000000000159e+02
1.492192596431349993e+09 1.262000000000000066e-01 2.974200000000000159e+02
1.492192596545011044e+09 1.262999999999999956e-01 2.974200000000000159e+02
1.492192596645136118e+09 1.262000000000000066e-01 2.974200000000000159e+02
1.492192596743935108e+09 1.262000000000000066e-01 2.974200000000000159e+02
1.492192596843962908e+09 1.260999999999999899e-01 2.974100000000000250e+02
1.492192596943330050e+09 1.260999999999999899e-01 2.974100000000000250e+02
1.492192597043010950e+09 1.260999999999999899e-01 2.974100000000000250e+02
1.492192597142837048e+09 1.260999999999999899e-01 2.974100000000000250e+02
1.492192597242681026e+09 1.260999999999999899e-01 2.974100000000000250e+02
1.492192597355835915e+09 1.260999999999999899e-01 2.974100000000000250e+02
1.492192597455991983e+09 1.260000000000000009e-01 2.974100000000000250e+02
1.492192597555912971e+09 1.260000000000000009e-01 2.974100000000000250e+02
1.492192597654942989e+09 1.260999999999999899e-01 2.974100000000000250e+02
1.492192597754889011e+09 1.262000000000000066e-01 2.974100000000000250e+02
1.492192597854855061e+09 1.260999999999999899e-01 2.974100000000000250e+02
1.492192597953876972e+09 1.260999999999999899e-01 2.974200000000000159e+02
1.492192598053741932e+09 1.262999999999999956e-01 2.974200000000000159e+02
1.492192598166783094e+09 1.262000000000000066e-01 2.974200000000000159e+02
1.492192598267736912e+09 1.262000000000000066e-01 2.974200000000000159e+02
1.492192598366883993e+09 1.262000000000000066e-01 2.974200000000000159e+02
1.492192598466645956e+09 1.262000000000000066e-01 2.974200000000000159e+02
1.492192598565785885e+09 1.262000000000000066e-01 2.974200000000000159e+02
1.492192598665761948e+09 1.260999999999999899e-01 2.974200000000000159e+02
1.492192598765824080e+09 1.262999999999999956e-01 2.974200000000000159e+02
1.492192598865808964e+09 1.262999999999999956e-01 2.974200000000000159e+02
1.492192598978943110e+09 1.264000000000000123e-01 2.974100000000000250e+02
1.492192599078785896e+09 1.262999999999999956e-01 2.973999999999999773e+02
1.492192599178818941e+09 1.264000000000000123e-01 2.973999999999999773e+02
1.492192599277807951e+09 1.262999999999999956e-01 2.973999999999999773e+02
1.492192599377687931e+09 1.262999999999999956e-01 2.973999999999999773e+02
1.492192599477771044e+09 1.262000000000000066e-01 2.973999999999999773e+02
1.492192599576678038e+09 1.262999999999999956e-01 2.974100000000000250e+02
1.492192599676692009e+09 1.260999999999999899e-01 2.974100000000000250e+02
1.492192599790672064e+09 1.262000000000000066e-01 2.974100000000000250e+02
1.492192599890563965e+09 1.262000000000000066e-01 2.974100000000000250e+02
1.492192599988939047e+09 1.262000000000000066e-01 2.974100000000000250e+02
1.492192600089709997e+09 1.262000000000000066e-01 2.974100000000000250e+02
1.492192600189619064e+09 1.262000000000000066e-01 2.974100000000000250e+02
1.492192600288615942e+09 1.260999999999999899e-01 2.974100000000000250e+02
1.492192600388628960e+09 1.262000000000000066e-01 2.974100000000000250e+02
1.492192600488605976e+09 1.260999999999999899e-01 2.973999999999999773e+02
1.492192600601608038e+09 1.260000000000000009e-01 2.973999999999999773e+02
1.492192600701816082e+09 1.260999999999999899e-01 2.973999999999999773e+02
1.492192600801620007e+09 1.262000000000000066e-01 2.973999999999999773e+02
1.492192600901289940e+09 1.262000000000000066e-01 2.973999999999999773e+02
1.492192601000597954e+09 1.262999999999999956e-01 2.973999999999999773e+02
1.492192601100621939e+09 1.262999999999999956e-01 2.973999999999999773e+02
1.492192601199614048e+09 1.262999999999999956e-01 2.973999999999999773e+02
1.492192601299731970e+09 1.262000000000000066e-01 2.973999999999999773e+02
1.492192601413490057e+09 1.262000000000000066e-01 2.973899999999999864e+02
1.492192601512253046e+09 1.260999999999999899e-01 2.973899999999999864e+02
1.492192601612509012e+09 1.262999999999999956e-01 2.973899999999999864e+02
1.492192601712217093e+09 1.260999999999999899e-01 2.973799999999999955e+02
1.492192601812340021e+09 1.262999999999999956e-01 2.973799999999999955e+02
1.492192601911648989e+09 1.262000000000000066e-01 2.973799999999999955e+02
1.492192602010967970e+09 1.262000000000000066e-01 2.973700000000000045e+02
1.492192602111351967e+09 1.262000000000000066e-01 2.973700000000000045e+02
1.492192602224255085e+09 1.260999999999999899e-01 2.973600000000000136e+02
1.492192602324439049e+09 1.260999999999999899e-01 2.973600000000000136e+02
1.492192602424271107e+09 1.260999999999999899e-01 2.973600000000000136e+02
1.492192602524424076e+09 1.260999999999999899e-01 2.973600000000000136e+02
1.492192602623294115e+09 1.260000000000000009e-01 2.973600000000000136e+02
1.492192602723305941e+09 1.260999999999999899e-01 2.973600000000000136e+02
1.492192602822355986e+09 1.260999999999999899e-01 2.973600000000000136e+02
1.492192602922724962e+09 1.260000000000000009e-01 2.973600000000000136e+02
1.492192603036305904e+09 1.260999999999999899e-01 2.973600000000000136e+02
1.492192603136416912e+09 1.260999999999999899e-01 2.973600000000000136e+02
1.492192603235346079e+09 1.260999999999999899e-01 2.973700000000000045e+02
1.492192603335275888e+09 1.260000000000000009e-01 2.973700000000000045e+02
1.492192603435283899e+09 1.260999999999999899e-01 2.973700000000000045e+02
1.492192603534040928e+09 1.260999999999999899e-01 2.973700000000000045e+02
1.492192603634330988e+09 1.260999999999999899e-01 2.973700000000000045e+02
1.492192603733033895e+09 1.262999999999999956e-01 2.973700000000000045e+02
1.492192603847708941e+09 1.262999999999999956e-01 2.973700000000000045e+02
1.492192603947165012e+09 1.262000000000000066e-01 2.973700000000000045e+02
1.492192604047168016e+09 1.262999999999999956e-01 2.973700000000000045e+02
1.492192604147440910e+09 1.262999999999999956e-01 2.973700000000000045e+02
1.492192604246270895e+09 1.262000000000000066e-01 2.973799999999999955e+02
1.492192604346334934e+09 1.262000000000000066e-01 2.973799999999999955e+02
1.492192604445281982e+09 1.262000000000000066e-01 2.973700000000000045e+02
1.492192604545110941e+09 1.262000000000000066e-01 2.973700000000000045e+02
1.492192604659224033e+09 1.262000000000000066e-01 2.973700000000000045e+02
1.492192604759192944e+09 1.262000000000000066e-01 2.973700000000000045e+02
1.492192604858273029e+09 1.262000000000000066e-01 2.973700000000000045e+02
1.492192604957140923e+09 1.262000000000000066e-01 2.973600000000000136e+02
1.492192605058235884e+09 1.260999999999999899e-01 2.973600000000000136e+02
1.492192605157247066e+09 1.260000000000000009e-01 2.973600000000000136e+02
1.492192605257296085e+09 1.260999999999999899e-01 2.973500000000000227e+02
1.492192605356221914e+09 1.260999999999999899e-01 2.973500000000000227e+02
1.492192605471244097e+09 1.260999999999999899e-01 2.973500000000000227e+02
1.492192605569997072e+09 1.260999999999999899e-01 2.973600000000000136e+02
1.492192605670156002e+09 1.262000000000000066e-01 2.973600000000000136e+02
1.492192605770124912e+09 1.260999999999999899e-01 2.973600000000000136e+02
1.492192605868860006e+09 1.260999999999999899e-01 2.973600000000000136e+02
1.492192605969094038e+09 1.260999999999999899e-01 2.973600000000000136e+02
1.492192606069099903e+09 1.260000000000000009e-01 2.973600000000000136e+02
1.492192606168060064e+09 1.260999999999999899e-01 2.973700000000000045e+02
1.492192606281483889e+09 1.260999999999999899e-01 2.973700000000000045e+02
1.492192606381942034e+09 1.262000000000000066e-01 2.973700000000000045e+02
1.492192606481121063e+09 1.262000000000000066e-01 2.973700000000000045e+02
1.492192606581186056e+09 1.262000000000000066e-01 2.973700000000000045e+02
1.492192606681184053e+09 1.262999999999999956e-01 2.973799999999999955e+02
1.492192606780078888e+09 1.260999999999999899e-01 2.973799999999999955e+02
1.492192606879981041e+09 1.260999999999999899e-01 2.973999999999999773e+02
1.492192606980056047e+09 1.262000000000000066e-01 2.974100000000000250e+02
1.492192607094046116e+09 1.260999999999999899e-01 2.974200000000000159e+02
1.492192607192487955e+09 1.260000000000000009e-01 2.974200000000000159e+02
1.492192607293298960e+09 1.260000000000000009e-01 2.974200000000000159e+02
1.492192607393096924e+09 1.260999999999999899e-01 2.974200000000000159e+02
1.492192607491679907e+09 1.260000000000000009e-01 2.974200000000000159e+02
1.492192607592062950e+09 1.262000000000000066e-01 2.974100000000000250e+02
1.492192607691859961e+09 1.260999999999999899e-01 2.974100000000000250e+02
1.492192607790848017e+09 1.260000000000000009e-01 2.974100000000000250e+02
1.492192607904989958e+09 1.259000000000000119e-01 2.974100000000000250e+02
1.492192608004933119e+09 1.260000000000000009e-01 2.973999999999999773e+02
1.492192608103982925e+09 1.259000000000000119e-01 2.973999999999999773e+02
1.492192608203907967e+09 1.260000000000000009e-01 2.973999999999999773e+02
1.492192608303086996e+09 1.259000000000000119e-01 2.973999999999999773e+02
1.492192608403043032e+09 1.259000000000000119e-01 2.973999999999999773e+02
1.492192608502995014e+09 1.257999999999999952e-01 2.973999999999999773e+02
1.492192608602844954e+09 1.260999999999999899e-01 2.974100000000000250e+02
1.492192608716759920e+09 1.260999999999999899e-01 2.974100000000000250e+02
1.492192608816082001e+09 1.260000000000000009e-01 2.974100000000000250e+02
1.492192608915915966e+09 1.262000000000000066e-01 2.974100000000000250e+02
1.492192609015930891e+09 1.260999999999999899e-01 2.973999999999999773e+02
1.492192609114888906e+09 1.260000000000000009e-01 2.974100000000000250e+02
1.492192609214962959e+09 1.260999999999999899e-01 2.974100000000000250e+02
1.492192609314831972e+09 1.260999999999999899e-01 2.974200000000000159e+02
1.492192609413844109e+09 1.262999999999999956e-01 2.974200000000000159e+02
1.492192609527736902e+09 1.262000000000000066e-01 2.974200000000000159e+02
1.492192609627863884e+09 1.262999999999999956e-01 2.974200000000000159e+02
1.492192609727811098e+09 1.262000000000000066e-01 2.974100000000000250e+02
1.492192609826687098e+09 1.262000000000000066e-01 2.974200000000000159e+02
