# 
# Duration (in s): 30
# Pointing Position of the Horn: Calibrator paddle
# Angle pointing (from vertical): -5
# Calibrator used: YES
# Weather: very clear
# Units: nanoWatt
# Comments: 
1.492193864221694946e+09 6.634999999999999787e-01 2.980299999999999727e+02
1.492193864335262060e+09 6.633999999999999897e-01 2.980299999999999727e+02
1.492193864435523033e+09 6.632000000000000117e-01 2.980299999999999727e+02
1.492193864534399986e+09 6.634999999999999787e-01 2.980299999999999727e+02
1.492193864633574009e+09 6.641000000000000236e-01 2.980299999999999727e+02
1.492193864734395027e+09 6.633999999999999897e-01 2.980299999999999727e+02
1.492193864833595037e+09 6.641000000000000236e-01 2.980299999999999727e+02
1.492193864933420897e+09 6.633000000000000007e-01 2.980400000000000205e+02
1.492193865033443928e+09 6.637999999999999456e-01 2.980400000000000205e+02
1.492193865132458925e+09 6.646999999999999575e-01 2.980400000000000205e+02
1.492193865246527910e+09 6.636999999999999567e-01 2.980400000000000205e+02
1.492193865346560001e+09 6.640000000000000346e-01 2.980400000000000205e+02
1.492193865446222067e+09 6.644999999999999796e-01 2.980400000000000205e+02
1.492193865545322895e+09 6.634999999999999787e-01 2.980400000000000205e+02
1.492193865645381927e+09 6.644999999999999796e-01 2.980400000000000205e+02
1.492193865745408058e+09 6.637999999999999456e-01 2.980400000000000205e+02
1.492193865844384909e+09 6.642000000000000126e-01 2.980400000000000205e+02
1.492193865944251060e+09 6.639000000000000457e-01 2.980400000000000205e+02
1.492193866058331013e+09 6.644999999999999796e-01 2.980400000000000205e+02
1.492193866157327890e+09 6.633999999999999897e-01 2.980400000000000205e+02
1.492193866257244110e+09 6.645999999999999686e-01 2.980400000000000205e+02
1.492193866357333899e+09 6.640000000000000346e-01 2.980400000000000205e+02
1.492193866456198931e+09 6.636999999999999567e-01 2.980400000000000205e+02
1.492193866556296110e+09 6.634999999999999787e-01 2.980400000000000205e+02
1.492193866656286001e+09 6.635999999999999677e-01 2.980400000000000205e+02
1.492193866755184889e+09 6.630000000000000338e-01 2.980400000000000205e+02
1.492193866869724035e+09 6.632000000000000117e-01 2.980400000000000205e+02
1.492193866969099045e+09 6.637999999999999456e-01 2.980400000000000205e+02
1.492193867069171906e+09 6.640000000000000346e-01 2.980400000000000205e+02
1.492193867168283939e+09 6.636999999999999567e-01 2.980500000000000114e+02
1.492193867268167973e+09 6.635999999999999677e-01 2.980500000000000114e+02
1.492193867368201971e+09 6.636999999999999567e-01 2.980500000000000114e+02
1.492193867466284990e+09 6.634999999999999787e-01 2.980500000000000114e+02
1.492193867567047119e+09 6.635999999999999677e-01 2.980500000000000114e+02
1.492193867667239904e+09 6.644999999999999796e-01 2.980500000000000114e+02
1.492193867781105995e+09 6.636999999999999567e-01 2.980500000000000114e+02
1.492193867880172014e+09 6.637999999999999456e-01 2.980500000000000114e+02
1.492193867980168104e+09 6.640000000000000346e-01 2.980500000000000114e+02
1.492193868080039978e+09 6.640000000000000346e-01 2.980500000000000114e+02
1.492193868179212093e+09 6.640000000000000346e-01 2.980500000000000114e+02
1.492193868279197931e+09 6.633999999999999897e-01 2.980500000000000114e+02
1.492193868379297972e+09 6.643999999999999906e-01 2.980500000000000114e+02
1.492193868478179932e+09 6.640000000000000346e-01 2.980500000000000114e+02
1.492193868592046976e+09 6.637999999999999456e-01 2.980500000000000114e+02
1.492193868692193031e+09 6.643000000000000016e-01 2.980500000000000114e+02
1.492193868792248011e+09 6.639000000000000457e-01 2.980500000000000114e+02
1.492193868891112089e+09 6.635999999999999677e-01 2.980500000000000114e+02
1.492193868991133928e+09 6.643999999999999906e-01 2.980500000000000114e+02
1.492193869090198994e+09 6.631000000000000227e-01 2.980500000000000114e+02
1.492193869190165043e+09 6.639000000000000457e-01 2.980500000000000114e+02
1.492193869290065050e+09 6.629000000000000448e-01 2.980500000000000114e+02
1.492193869403758049e+09 6.635999999999999677e-01 2.980500000000000114e+02
1.492193869502167940e+09 6.646999999999999575e-01 2.980500000000000114e+02
1.492193869603032112e+09 6.633999999999999897e-01 2.980500000000000114e+02
1.492193869702240944e+09 6.631000000000000227e-01 2.980500000000000114e+02
1.492193869802037001e+09 6.634999999999999787e-01 2.980500000000000114e+02
1.492193869901957035e+09 6.645999999999999686e-01 2.980500000000000114e+02
1.492193870001842976e+09 6.635999999999999677e-01 2.980500000000000114e+02
1.492193870101170063e+09 6.643000000000000016e-01 2.980500000000000114e+02
1.492193870214943886e+09 6.635999999999999677e-01 2.980600000000000023e+02
1.492193870314281940e+09 6.637999999999999456e-01 2.980600000000000023e+02
1.492193870414846897e+09 6.635999999999999677e-01 2.980600000000000023e+02
1.492193870514008045e+09 6.635999999999999677e-01 2.980600000000000023e+02
1.492193870613920927e+09 6.639000000000000457e-01 2.980600000000000023e+02
1.492193870713947058e+09 6.641000000000000236e-01 2.980600000000000023e+02
1.492193870812875986e+09 6.633999999999999897e-01 2.980600000000000023e+02
1.492193870912952900e+09 6.640000000000000346e-01 2.980600000000000023e+02
1.492193871026730061e+09 6.640000000000000346e-01 2.980500000000000114e+02
1.492193871125977039e+09 6.634999999999999787e-01 2.980500000000000114e+02
1.492193871225980043e+09 6.634999999999999787e-01 2.980500000000000114e+02
1.492193871324650049e+09 6.643000000000000016e-01 2.980500000000000114e+02
1.492193871425040960e+09 6.629000000000000448e-01 2.980500000000000114e+02
1.492193871524888992e+09 6.645999999999999686e-01 2.980600000000000023e+02
1.492193871624788046e+09 6.641000000000000236e-01 2.980500000000000114e+02
1.492193871724286079e+09 6.637999999999999456e-01 2.980600000000000023e+02
1.492193871836822033e+09 6.630000000000000338e-01 2.980600000000000023e+02
1.492193871937693119e+09 6.640000000000000346e-01 2.980600000000000023e+02
1.492193872037847042e+09 6.631000000000000227e-01 2.980600000000000023e+02
1.492193872136812925e+09 6.637999999999999456e-01 2.980600000000000023e+02
1.492193872236821890e+09 6.633000000000000007e-01 2.980500000000000114e+02
1.492193872335664034e+09 6.633999999999999897e-01 2.980500000000000114e+02
1.492193872435689926e+09 6.640000000000000346e-01 2.980500000000000114e+02
1.492193872535727978e+09 6.633999999999999897e-01 2.980500000000000114e+02
1.492193872649759054e+09 6.636999999999999567e-01 2.980600000000000023e+02
1.492193872748759985e+09 6.633999999999999897e-01 2.980500000000000114e+02
1.492193872848798037e+09 6.634999999999999787e-01 2.980500000000000114e+02
1.492193872947701931e+09 6.636999999999999567e-01 2.980500000000000114e+02
1.492193873047827005e+09 6.637999999999999456e-01 2.980500000000000114e+02
1.492193873147713900e+09 6.635999999999999677e-01 2.980500000000000114e+02
1.492193873247507095e+09 6.641000000000000236e-01 2.980500000000000114e+02
1.492193873346554041e+09 6.641000000000000236e-01 2.980500000000000114e+02
1.492193873460851908e+09 6.639000000000000457e-01 2.980600000000000023e+02
1.492193873560555935e+09 6.643000000000000016e-01 2.980600000000000023e+02
1.492193873660613060e+09 6.639000000000000457e-01 2.980500000000000114e+02
1.492193873759743929e+09 6.641000000000000236e-01 2.980500000000000114e+02
1.492193873858637094e+09 6.643000000000000016e-01 2.980500000000000114e+02
1.492193873959644079e+09 6.631000000000000227e-01 2.980500000000000114e+02
1.492193874058685064e+09 6.633000000000000007e-01 2.980500000000000114e+02
1.492193874158593893e+09 6.633999999999999897e-01 2.980600000000000023e+02
1.492193874272583008e+09 6.639000000000000457e-01 2.980600000000000023e+02
1.492193874371671915e+09 6.646999999999999575e-01 2.980500000000000114e+02
1.492193874470566988e+09 6.635999999999999677e-01 2.980600000000000023e+02
1.492193874571569920e+09 6.637999999999999456e-01 2.980600000000000023e+02
1.492193874670615911e+09 6.639000000000000457e-01 2.980500000000000114e+02
1.492193874770473003e+09 6.634999999999999787e-01 2.980500000000000114e+02
1.492193874870780945e+09 6.643000000000000016e-01 2.980500000000000114e+02
1.492193874969291925e+09 6.642000000000000126e-01 2.980500000000000114e+02
1.492193875083354950e+09 6.635999999999999677e-01 2.980600000000000023e+02
1.492193875183429003e+09 6.643999999999999906e-01 2.980600000000000023e+02
1.492193875282923937e+09 6.642000000000000126e-01 2.980600000000000023e+02
1.492193875382514000e+09 6.643000000000000016e-01 2.980500000000000114e+02
1.492193875481481075e+09 6.644999999999999796e-01 2.980600000000000023e+02
1.492193875582226038e+09 6.637999999999999456e-01 2.980600000000000023e+02
1.492193875681658983e+09 6.636999999999999567e-01 2.980600000000000023e+02
1.492193875781366110e+09 6.643999999999999906e-01 2.980600000000000023e+02
1.492193875895502090e+09 6.636999999999999567e-01 2.980600000000000023e+02
1.492193875995492935e+09 6.633999999999999897e-01 2.980600000000000023e+02
1.492193876093391895e+09 6.640000000000000346e-01 2.980600000000000023e+02
1.492193876194376945e+09 6.637999999999999456e-01 2.980600000000000023e+02
1.492193876293478966e+09 6.640000000000000346e-01 2.980600000000000023e+02
1.492193876393316031e+09 6.637999999999999456e-01 2.980600000000000023e+02
1.492193876493470907e+09 6.636999999999999567e-01 2.980600000000000023e+02
1.492193876592545033e+09 6.636999999999999567e-01 2.980600000000000023e+02
1.492193876705463886e+09 6.634999999999999787e-01 2.980600000000000023e+02
1.492193876806466103e+09 6.640000000000000346e-01 2.980600000000000023e+02
1.492193876906361103e+09 6.633999999999999897e-01 2.980600000000000023e+02
1.492193877005296946e+09 6.636999999999999567e-01 2.980600000000000023e+02
1.492193877105232954e+09 6.635999999999999677e-01 2.980600000000000023e+02
1.492193877205322981e+09 6.637999999999999456e-01 2.980600000000000023e+02
1.492193877304327965e+09 6.635999999999999677e-01 2.980600000000000023e+02
1.492193877403325081e+09 6.635999999999999677e-01 2.980600000000000023e+02
1.492193877518429995e+09 6.633999999999999897e-01 2.980600000000000023e+02
1.492193877618257999e+09 6.631000000000000227e-01 2.980600000000000023e+02
1.492193877717331886e+09 6.636999999999999567e-01 2.980600000000000023e+02
1.492193877817303896e+09 6.632000000000000117e-01 2.980600000000000023e+02
1.492193877917380095e+09 6.633999999999999897e-01 2.980600000000000023e+02
1.492193878015537977e+09 6.642000000000000126e-01 2.980600000000000023e+02
1.492193878116506100e+09 6.631000000000000227e-01 2.980600000000000023e+02
1.492193878216365099e+09 6.639000000000000457e-01 2.980600000000000023e+02
1.492193878329113007e+09 6.637999999999999456e-01 2.980600000000000023e+02
1.492193878429244041e+09 6.643000000000000016e-01 2.980600000000000023e+02
1.492193878529198885e+09 6.635999999999999677e-01 2.980600000000000023e+02
1.492193878628221035e+09 6.634999999999999787e-01 2.980600000000000023e+02
1.492193878728277922e+09 6.643000000000000016e-01 2.980600000000000023e+02
1.492193878828284979e+09 6.627999999999999448e-01 2.980600000000000023e+02
1.492193878926184893e+09 6.643999999999999906e-01 2.980600000000000023e+02
1.492193879025815010e+09 6.633000000000000007e-01 2.980600000000000023e+02
1.492193879140362978e+09 6.640000000000000346e-01 2.980600000000000023e+02
1.492193879240056038e+09 6.635999999999999677e-01 2.980600000000000023e+02
1.492193879340111017e+09 6.634999999999999787e-01 2.980600000000000023e+02
1.492193879439677954e+09 6.632000000000000117e-01 2.980600000000000023e+02
1.492193879539442062e+09 6.636999999999999567e-01 2.980600000000000023e+02
1.492193879639254093e+09 6.644999999999999796e-01 2.980600000000000023e+02
1.492193879738995075e+09 6.625999999999999668e-01 2.980600000000000023e+02
1.492193879838733912e+09 6.634999999999999787e-01 2.980699999999999932e+02
1.492193879953711987e+09 6.633999999999999897e-01 2.980600000000000023e+02
1.492193880051862001e+09 6.633999999999999897e-01 2.980600000000000023e+02
1.492193880152133942e+09 6.641000000000000236e-01 2.980600000000000023e+02
1.492193880250955105e+09 6.634999999999999787e-01 2.980600000000000023e+02
1.492193880351138115e+09 6.644999999999999796e-01 2.980699999999999932e+02
1.492193880451143980e+09 6.643000000000000016e-01 2.980699999999999932e+02
1.492193880550019026e+09 6.625999999999999668e-01 2.980699999999999932e+02
1.492193880650407076e+09 6.640000000000000346e-01 2.980699999999999932e+02
1.492193880764091015e+09 6.636999999999999567e-01 2.980699999999999932e+02
1.492193880864063025e+09 6.637999999999999456e-01 2.980699999999999932e+02
1.492193880963352919e+09 6.649000000000000465e-01 2.980699999999999932e+02
1.492193881062963963e+09 6.643000000000000016e-01 2.980699999999999932e+02
1.492193881163037062e+09 6.633000000000000007e-01 2.980699999999999932e+02
1.492193881261029005e+09 6.642000000000000126e-01 2.980699999999999932e+02
1.492193881361974001e+09 6.635999999999999677e-01 2.980699999999999932e+02
1.492193881461993933e+09 6.643000000000000016e-01 2.980699999999999932e+02
1.492193881575789928e+09 6.636999999999999567e-01 2.980699999999999932e+02
1.492193881674865961e+09 6.639000000000000457e-01 2.980699999999999932e+02
1.492193881774909973e+09 6.644999999999999796e-01 2.980699999999999932e+02
1.492193881873024940e+09 6.631000000000000227e-01 2.980699999999999932e+02
1.492193881973730087e+09 6.640000000000000346e-01 2.980699999999999932e+02
1.492193882073481083e+09 6.642000000000000126e-01 2.980699999999999932e+02
1.492193882173748970e+09 6.633999999999999897e-01 2.980699999999999932e+02
1.492193882272981882e+09 6.637999999999999456e-01 2.980699999999999932e+02
1.492193882386821032e+09 6.636999999999999567e-01 2.980699999999999932e+02
1.492193882486933947e+09 6.640000000000000346e-01 2.980699999999999932e+02
1.492193882585901022e+09 6.636999999999999567e-01 2.980699999999999932e+02
1.492193882685942888e+09 6.642000000000000126e-01 2.980699999999999932e+02
1.492193882785221100e+09 6.643999999999999906e-01 2.980699999999999932e+02
1.492193882884798050e+09 6.639000000000000457e-01 2.980699999999999932e+02
1.492193882985182047e+09 6.647999999999999465e-01 2.980699999999999932e+02
1.492193883084907055e+09 6.634999999999999787e-01 2.980699999999999932e+02
1.492193883198682070e+09 6.635999999999999677e-01 2.980699999999999932e+02
1.492193883296982050e+09 6.643999999999999906e-01 2.980699999999999932e+02
1.492193883396892071e+09 6.643000000000000016e-01 2.980699999999999932e+02
1.492193883496654987e+09 6.633000000000000007e-01 2.980699999999999932e+02
1.492193883596729994e+09 6.632000000000000117e-01 2.980699999999999932e+02
1.492193883696191072e+09 6.637999999999999456e-01 2.980699999999999932e+02
1.492193883795953035e+09 6.640000000000000346e-01 2.980699999999999932e+02
1.492193883895607948e+09 6.645999999999999686e-01 2.980699999999999932e+02
1.492193884009762049e+09 6.636999999999999567e-01 2.980699999999999932e+02
1.492193884109730005e+09 6.636999999999999567e-01 2.980699999999999932e+02
1.492193884209916115e+09 6.643999999999999906e-01 2.980699999999999932e+02
1.492193884307794094e+09 6.642000000000000126e-01 2.980699999999999932e+02
1.492193884408745050e+09 6.635999999999999677e-01 2.980799999999999841e+02
1.492193884508625031e+09 6.643000000000000016e-01 2.980799999999999841e+02
1.492193884607775927e+09 6.641000000000000236e-01 2.980799999999999841e+02
1.492193884707766056e+09 6.635999999999999677e-01 2.980799999999999841e+02
1.492193884821630955e+09 6.633000000000000007e-01 2.980799999999999841e+02
1.492193884920797110e+09 6.629000000000000448e-01 2.980799999999999841e+02
1.492193885019964933e+09 6.641000000000000236e-01 2.980799999999999841e+02
1.492193885120501995e+09 6.641000000000000236e-01 2.980799999999999841e+02
1.492193885219666004e+09 6.639000000000000457e-01 2.980799999999999841e+02
1.492193885318409920e+09 6.633999999999999897e-01 2.980799999999999841e+02
1.492193885419631004e+09 6.634999999999999787e-01 2.980799999999999841e+02
1.492193885518146992e+09 6.633000000000000007e-01 2.980799999999999841e+02
1.492193885632563114e+09 6.640000000000000346e-01 2.980799999999999841e+02
1.492193885732656002e+09 6.639000000000000457e-01 2.980799999999999841e+02
1.492193885831680059e+09 6.640000000000000346e-01 2.980799999999999841e+02
1.492193885931587934e+09 6.636999999999999567e-01 2.980799999999999841e+02
1.492193886031719923e+09 6.633999999999999897e-01 2.980799999999999841e+02
1.492193886131532907e+09 6.636999999999999567e-01 2.980799999999999841e+02
1.492193886230496883e+09 6.636999999999999567e-01 2.980799999999999841e+02
1.492193886330542088e+09 6.631000000000000227e-01 2.980799999999999841e+02
1.492193886444456100e+09 6.644999999999999796e-01 2.980799999999999841e+02
1.492193886543582916e+09 6.632000000000000117e-01 2.980799999999999841e+02
1.492193886643583059e+09 6.639000000000000457e-01 2.980799999999999841e+02
1.492193886743449926e+09 6.639000000000000457e-01 2.980799999999999841e+02
1.492193886842462063e+09 6.641000000000000236e-01 2.980799999999999841e+02
1.492193886942610025e+09 6.639000000000000457e-01 2.980799999999999841e+02
1.492193887042351007e+09 6.640000000000000346e-01 2.980799999999999841e+02
1.492193887141942024e+09 6.641000000000000236e-01 2.980799999999999841e+02
1.492193887255430937e+09 6.640000000000000346e-01 2.980799999999999841e+02
1.492193887355289936e+09 6.641000000000000236e-01 2.980799999999999841e+02
1.492193887455410004e+09 6.646999999999999575e-01 2.980799999999999841e+02
1.492193887553642035e+09 6.640000000000000346e-01 2.980799999999999841e+02
1.492193887653278112e+09 6.639000000000000457e-01 2.980799999999999841e+02
1.492193887754446983e+09 6.634999999999999787e-01 2.980799999999999841e+02
1.492193887852962971e+09 6.634999999999999787e-01 2.980799999999999841e+02
1.492193887952709913e+09 6.631000000000000227e-01 2.980799999999999841e+02
1.492193888067418098e+09 6.639000000000000457e-01 2.980799999999999841e+02
1.492193888166366100e+09 6.633999999999999897e-01 2.980799999999999841e+02
1.492193888266367912e+09 6.635999999999999677e-01 2.980799999999999841e+02
1.492193888365187883e+09 6.644999999999999796e-01 2.980799999999999841e+02
1.492193888465416908e+09 6.639000000000000457e-01 2.980799999999999841e+02
1.492193888565366983e+09 6.641000000000000236e-01 2.980799999999999841e+02
1.492193888665149927e+09 6.641000000000000236e-01 2.980799999999999841e+02
1.492193888764672041e+09 6.636999999999999567e-01 2.980799999999999841e+02
1.492193888878300905e+09 6.633000000000000007e-01 2.980799999999999841e+02
1.492193888978318930e+09 6.634999999999999787e-01 2.980799999999999841e+02
1.492193889078269005e+09 6.637999999999999456e-01 2.980799999999999841e+02
1.492193889177309990e+09 6.643000000000000016e-01 2.980799999999999841e+02
1.492193889277285099e+09 6.643999999999999906e-01 2.980799999999999841e+02
1.492193889376229048e+09 6.640000000000000346e-01 2.980799999999999841e+02
1.492193889476299047e+09 6.639000000000000457e-01 2.980799999999999841e+02
1.492193889576250076e+09 6.647999999999999465e-01 2.980799999999999841e+02
1.492193889690237999e+09 6.633999999999999897e-01 2.980799999999999841e+02
1.492193889789153099e+09 6.637999999999999456e-01 2.980899999999999750e+02
1.492193889889269114e+09 6.634999999999999787e-01 2.980899999999999750e+02
1.492193889989152908e+09 6.643000000000000016e-01 2.980899999999999750e+02
1.492193890088202953e+09 6.650000000000000355e-01 2.980899999999999750e+02
1.492193890188117027e+09 6.637999999999999456e-01 2.980899999999999750e+02
1.492193890288142920e+09 6.642000000000000126e-01 2.980899999999999750e+02
1.492193890387233973e+09 6.635999999999999677e-01 2.980899999999999750e+02
1.492193890501204014e+09 6.643999999999999906e-01 2.980899999999999750e+02
1.492193890600182056e+09 6.642000000000000126e-01 2.980899999999999750e+02
1.492193890701179981e+09 6.641000000000000236e-01 2.980899999999999750e+02
1.492193890800215006e+09 6.639000000000000457e-01 2.980899999999999750e+02
1.492193890898899078e+09 6.637999999999999456e-01 2.980899999999999750e+02
1.492193890999861002e+09 6.635999999999999677e-01 2.980899999999999750e+02
1.492193891099230051e+09 6.642000000000000126e-01 2.980899999999999750e+02
1.492193891199131012e+09 6.633999999999999897e-01 2.980899999999999750e+02
1.492193891313055038e+09 6.642000000000000126e-01 2.980899999999999750e+02
1.492193891413058043e+09 6.643999999999999906e-01 2.980899999999999750e+02
1.492193891512057066e+09 6.642000000000000126e-01 2.980899999999999750e+02
1.492193891611872911e+09 6.642000000000000126e-01 2.980899999999999750e+02
1.492193891712198973e+09 6.633000000000000007e-01 2.980899999999999750e+02
1.492193891811193943e+09 6.633999999999999897e-01 2.980899999999999750e+02
1.492193891910144091e+09 6.636999999999999567e-01 2.980899999999999750e+02
1.492193892009713888e+09 6.637999999999999456e-01 2.980899999999999750e+02
1.492193892123965025e+09 6.636999999999999567e-01 2.980899999999999750e+02
1.492193892224324942e+09 6.641000000000000236e-01 2.980899999999999750e+02
1.492193892324070930e+09 6.635999999999999677e-01 2.980899999999999750e+02
1.492193892423121929e+09 6.635999999999999677e-01 2.980899999999999750e+02
1.492193892523036957e+09 6.637999999999999456e-01 2.980899999999999750e+02
1.492193892623085976e+09 6.636999999999999567e-01 2.980899999999999750e+02
1.492193892722026110e+09 6.643000000000000016e-01 2.980899999999999750e+02
1.492193892821933985e+09 6.645999999999999686e-01 2.980899999999999750e+02
1.492193892935700893e+09 6.642000000000000126e-01 2.980899999999999750e+02
1.492193893036071062e+09 6.636999999999999567e-01 2.980899999999999750e+02
1.492193893134990931e+09 6.635999999999999677e-01 2.981000000000000227e+02
1.492193893234930992e+09 6.641000000000000236e-01 2.981000000000000227e+02
1.492193893335035086e+09 6.634999999999999787e-01 2.981000000000000227e+02
1.492193893433887959e+09 6.640000000000000346e-01 2.981000000000000227e+02
1.492193893534318924e+09 6.634999999999999787e-01 2.981000000000000227e+02
1.492193893633956909e+09 6.642000000000000126e-01 2.981000000000000227e+02
1.492193893747819901e+09 6.633999999999999897e-01 2.981000000000000227e+02
1.492193893846846104e+09 6.639000000000000457e-01 2.981000000000000227e+02
1.492193893946700096e+09 6.639000000000000457e-01 2.981000000000000227e+02
1.492193894045939922e+09 6.631000000000000227e-01 2.981000000000000227e+02
1.492193894144828081e+09 6.641000000000000236e-01 2.981000000000000227e+02
