# 
# Duration (in s): 30
# Pointing Position of the Horn: Calibrator paddle
# Angle pointing (from vertical): 40
# Calibrator used: YES
# Weather: very clear
# Units: nanoWatt
# Comments: 
1.492194731706017971e+09 6.739000000000000545e-01 2.959300000000000068e+02
1.492194731811012983e+09 6.737999999999999545e-01 2.959300000000000068e+02
1.492194731910213947e+09 6.731000000000000316e-01 2.959300000000000068e+02
1.492194732024202108e+09 6.735999999999999766e-01 2.959300000000000068e+02
1.492194732124244928e+09 6.742000000000000215e-01 2.959300000000000068e+02
1.492194732223603010e+09 6.737999999999999545e-01 2.959300000000000068e+02
1.492194732322951078e+09 6.734999999999999876e-01 2.959300000000000068e+02
1.492194732423166037e+09 6.734999999999999876e-01 2.959300000000000068e+02
1.492194732523237944e+09 6.739000000000000545e-01 2.959300000000000068e+02
1.492194732622236967e+09 6.735999999999999766e-01 2.959300000000000068e+02
1.492194732722167015e+09 6.735999999999999766e-01 2.959300000000000068e+02
1.492194732822202921e+09 6.734999999999999876e-01 2.959300000000000068e+02
1.492194732920331955e+09 6.734999999999999876e-01 2.959300000000000068e+02
1.492194733035207033e+09 6.743000000000000105e-01 2.959300000000000068e+02
1.492194733135349989e+09 6.740000000000000435e-01 2.959300000000000068e+02
1.492194733235209942e+09 6.739000000000000545e-01 2.959300000000000068e+02
1.492194733334310055e+09 6.744999999999999885e-01 2.959300000000000068e+02
1.492194733434067011e+09 6.745999999999999774e-01 2.959399999999999977e+02
1.492194733533042908e+09 6.740000000000000435e-01 2.959300000000000068e+02
1.492194733633312941e+09 6.733999999999999986e-01 2.959300000000000068e+02
1.492194733733017921e+09 6.734999999999999876e-01 2.959300000000000068e+02
1.492194733846992016e+09 6.734999999999999876e-01 2.959399999999999977e+02
1.492194733946074009e+09 6.737999999999999545e-01 2.959399999999999977e+02
1.492194734045912027e+09 6.732000000000000206e-01 2.959399999999999977e+02
1.492194734145530939e+09 6.730000000000000426e-01 2.959399999999999977e+02
1.492194734244936943e+09 6.733000000000000096e-01 2.959399999999999977e+02
1.492194734345088005e+09 6.735999999999999766e-01 2.959399999999999977e+02
1.492194734445219994e+09 6.744999999999999885e-01 2.959399999999999977e+02
1.492194734543762922e+09 6.735999999999999766e-01 2.959399999999999977e+02
1.492194734657537937e+09 6.731000000000000316e-01 2.959399999999999977e+02
1.492194734757832050e+09 6.742000000000000215e-01 2.959399999999999977e+02
1.492194734858084917e+09 6.739000000000000545e-01 2.959399999999999977e+02
1.492194734956967115e+09 6.734999999999999876e-01 2.959399999999999977e+02
1.492194735057014942e+09 6.736999999999999655e-01 2.959399999999999977e+02
1.492194735156961918e+09 6.734999999999999876e-01 2.959399999999999977e+02
1.492194735255681038e+09 6.731000000000000316e-01 2.959399999999999977e+02
1.492194735355988979e+09 6.737999999999999545e-01 2.959399999999999977e+02
1.492194735455964088e+09 6.739000000000000545e-01 2.959399999999999977e+02
1.492194735568942070e+09 6.741000000000000325e-01 2.959399999999999977e+02
1.492194735669085026e+09 6.739000000000000545e-01 2.959399999999999977e+02
1.492194735769037962e+09 6.733000000000000096e-01 2.959399999999999977e+02
1.492194735867964029e+09 6.741000000000000325e-01 2.959399999999999977e+02
1.492194735967950106e+09 6.736999999999999655e-01 2.959399999999999977e+02
1.492194736067934036e+09 6.734999999999999876e-01 2.959399999999999977e+02
1.492194736166845083e+09 6.742000000000000215e-01 2.959399999999999977e+02
1.492194736266845942e+09 6.735999999999999766e-01 2.959399999999999977e+02
1.492194736380789042e+09 6.733000000000000096e-01 2.959399999999999977e+02
1.492194736480887890e+09 6.744999999999999885e-01 2.959399999999999977e+02
1.492194736579715967e+09 6.736999999999999655e-01 2.959399999999999977e+02
1.492194736679966927e+09 6.737999999999999545e-01 2.959399999999999977e+02
1.492194736779349089e+09 6.731000000000000316e-01 2.959399999999999977e+02
1.492194736878854990e+09 6.734999999999999876e-01 2.959499999999999886e+02
1.492194736978676081e+09 6.737999999999999545e-01 2.959399999999999977e+02
1.492194737078751087e+09 6.736999999999999655e-01 2.959399999999999977e+02
1.492194737192588091e+09 6.736999999999999655e-01 2.959499999999999886e+02
1.492194737291702986e+09 6.733000000000000096e-01 2.959499999999999886e+02
1.492194737391786098e+09 6.737999999999999545e-01 2.959499999999999886e+02
1.492194737490803957e+09 6.736999999999999655e-01 2.959499999999999886e+02
1.492194737590799093e+09 6.733999999999999986e-01 2.959499999999999886e+02
1.492194737690869093e+09 6.737999999999999545e-01 2.959499999999999886e+02
1.492194737790823936e+09 6.735999999999999766e-01 2.959499999999999886e+02
1.492194737889688015e+09 6.737999999999999545e-01 2.959499999999999886e+02
1.492194738003859997e+09 6.734999999999999876e-01 2.959499999999999886e+02
1.492194738103847027e+09 6.734999999999999876e-01 2.959499999999999886e+02
1.492194738202697039e+09 6.735999999999999766e-01 2.959499999999999886e+02
1.492194738302809954e+09 6.741000000000000325e-01 2.959499999999999886e+02
1.492194738401963949e+09 6.737999999999999545e-01 2.959499999999999886e+02
1.492194738501724958e+09 6.734999999999999876e-01 2.959499999999999886e+02
1.492194738601636887e+09 6.737999999999999545e-01 2.959499999999999886e+02
1.492194738701565981e+09 6.740000000000000435e-01 2.959499999999999886e+02
1.492194738816018105e+09 6.730000000000000426e-01 2.959499999999999886e+02
1.492194738914591074e+09 6.742000000000000215e-01 2.959499999999999886e+02
1.492194739014611006e+09 6.736999999999999655e-01 2.959499999999999886e+02
1.492194739113593102e+09 6.730000000000000426e-01 2.959499999999999886e+02
1.492194739213529110e+09 6.733000000000000096e-01 2.959499999999999886e+02
1.492194739313714981e+09 6.733000000000000096e-01 2.959499999999999886e+02
1.492194739413538933e+09 6.735999999999999766e-01 2.959499999999999886e+02
1.492194739512718916e+09 6.733000000000000096e-01 2.959499999999999886e+02
1.492194739626518965e+09 6.741000000000000325e-01 2.959499999999999886e+02
1.492194739726655960e+09 6.736999999999999655e-01 2.959599999999999795e+02
1.492194739825501919e+09 6.727999999999999536e-01 2.959499999999999886e+02
1.492194739925622940e+09 6.735999999999999766e-01 2.959499999999999886e+02
1.492194740025515079e+09 6.735999999999999766e-01 2.959599999999999795e+02
1.492194740124555111e+09 6.729000000000000536e-01 2.959599999999999795e+02
1.492194740224600077e+09 6.729000000000000536e-01 2.959599999999999795e+02
1.492194740324345112e+09 6.731000000000000316e-01 2.959599999999999795e+02
1.492194740438273907e+09 6.730000000000000426e-01 2.959599999999999795e+02
1.492194740537470102e+09 6.735999999999999766e-01 2.959599999999999795e+02
1.492194740637471914e+09 6.737999999999999545e-01 2.959599999999999795e+02
1.492194740736454964e+09 6.733999999999999986e-01 2.959599999999999795e+02
1.492194740835248947e+09 6.743000000000000105e-01 2.959599999999999795e+02
1.492194740936674118e+09 6.733000000000000096e-01 2.959599999999999795e+02
1.492194741035327911e+09 6.735999999999999766e-01 2.959599999999999795e+02
1.492194741135288000e+09 6.736999999999999655e-01 2.959599999999999795e+02
1.492194741249465942e+09 6.741000000000000325e-01 2.959599999999999795e+02
1.492194741349462986e+09 6.730000000000000426e-01 2.959599999999999795e+02
1.492194741449315071e+09 6.733000000000000096e-01 2.959599999999999795e+02
1.492194741548434019e+09 6.739000000000000545e-01 2.959599999999999795e+02
1.492194741648473978e+09 6.732000000000000206e-01 2.959599999999999795e+02
1.492194741747797012e+09 6.733999999999999986e-01 2.959599999999999795e+02
1.492194741846791029e+09 6.736999999999999655e-01 2.959599999999999795e+02
1.492194741946713924e+09 6.733000000000000096e-01 2.959599999999999795e+02
1.492194742061410904e+09 6.740000000000000435e-01 2.959599999999999795e+02
1.492194742160526991e+09 6.733999999999999986e-01 2.959599999999999795e+02
1.492194742260265112e+09 6.733000000000000096e-01 2.959599999999999795e+02
1.492194742360850096e+09 6.739000000000000545e-01 2.959599999999999795e+02
1.492194742459487915e+09 6.737999999999999545e-01 2.959599999999999795e+02
1.492194742559355974e+09 6.732000000000000206e-01 2.959599999999999795e+02
1.492194742659470081e+09 6.737999999999999545e-01 2.959599999999999795e+02
1.492194742758352041e+09 6.735999999999999766e-01 2.959599999999999795e+02
1.492194742872343063e+09 6.729000000000000536e-01 2.959599999999999795e+02
1.492194742972362041e+09 6.731000000000000316e-01 2.959599999999999795e+02
1.492194743072144032e+09 6.734999999999999876e-01 2.959599999999999795e+02
1.492194743171402931e+09 6.732000000000000206e-01 2.959599999999999795e+02
1.492194743271395922e+09 6.742000000000000215e-01 2.959599999999999795e+02
1.492194743371141911e+09 6.733000000000000096e-01 2.959599999999999795e+02
1.492194743470163107e+09 6.730000000000000426e-01 2.959599999999999795e+02
1.492194743569391012e+09 6.727999999999999536e-01 2.959599999999999795e+02
1.492194743684319019e+09 6.733999999999999986e-01 2.959599999999999795e+02
1.492194743783179998e+09 6.742000000000000215e-01 2.959599999999999795e+02
1.492194743883322954e+09 6.735999999999999766e-01 2.959700000000000273e+02
1.492194743983071089e+09 6.735999999999999766e-01 2.959700000000000273e+02
1.492194744081521988e+09 6.733000000000000096e-01 2.959700000000000273e+02
1.492194744182152033e+09 6.736999999999999655e-01 2.959700000000000273e+02
1.492194744281757116e+09 6.742000000000000215e-01 2.959700000000000273e+02
1.492194744379925013e+09 6.733000000000000096e-01 2.959700000000000273e+02
1.492194744494632006e+09 6.736999999999999655e-01 2.959700000000000273e+02
1.492194744595197916e+09 6.734999999999999876e-01 2.959700000000000273e+02
1.492194744694957972e+09 6.740000000000000435e-01 2.959700000000000273e+02
1.492194744794086933e+09 6.730000000000000426e-01 2.959700000000000273e+02
1.492194744893543959e+09 6.737999999999999545e-01 2.959700000000000273e+02
1.492194744994036913e+09 6.736999999999999655e-01 2.959700000000000273e+02
1.492194745093148947e+09 6.734999999999999876e-01 2.959700000000000273e+02
1.492194745193125963e+09 6.740000000000000435e-01 2.959700000000000273e+02
1.492194745306862116e+09 6.734999999999999876e-01 2.959700000000000273e+02
1.492194745406102896e+09 6.733999999999999986e-01 2.959700000000000273e+02
1.492194745505975962e+09 6.734999999999999876e-01 2.959700000000000273e+02
1.492194745606060028e+09 6.734999999999999876e-01 2.959700000000000273e+02
1.492194745705071926e+09 6.734999999999999876e-01 2.959700000000000273e+02
1.492194745804887056e+09 6.733999999999999986e-01 2.959700000000000273e+02
1.492194745905061007e+09 6.737999999999999545e-01 2.959700000000000273e+02
1.492194746004054070e+09 6.733999999999999986e-01 2.959700000000000273e+02
1.492194746118122101e+09 6.733000000000000096e-01 2.959700000000000273e+02
1.492194746218063116e+09 6.736999999999999655e-01 2.959700000000000273e+02
1.492194746318053007e+09 6.735999999999999766e-01 2.959700000000000273e+02
1.492194746417022943e+09 6.733999999999999986e-01 2.959700000000000273e+02
1.492194746516994953e+09 6.737999999999999545e-01 2.959700000000000273e+02
1.492194746616996050e+09 6.733000000000000096e-01 2.959700000000000273e+02
1.492194746716078043e+09 6.735999999999999766e-01 2.959700000000000273e+02
1.492194746815062046e+09 6.734999999999999876e-01 2.959700000000000273e+02
1.492194746929289103e+09 6.733000000000000096e-01 2.959700000000000273e+02
1.492194747028688908e+09 6.729000000000000536e-01 2.959700000000000273e+02
1.492194747128994942e+09 6.733000000000000096e-01 2.959700000000000273e+02
1.492194747228904963e+09 6.739000000000000545e-01 2.959700000000000273e+02
1.492194747327995062e+09 6.736999999999999655e-01 2.959700000000000273e+02
1.492194747427823067e+09 6.735999999999999766e-01 2.959700000000000273e+02
1.492194747528028011e+09 6.737999999999999545e-01 2.959700000000000273e+02
1.492194747626223087e+09 6.730000000000000426e-01 2.959700000000000273e+02
1.492194747740123034e+09 6.731000000000000316e-01 2.959700000000000273e+02
1.492194747840651989e+09 6.727999999999999536e-01 2.959700000000000273e+02
1.492194747940843105e+09 6.733999999999999986e-01 2.959700000000000273e+02
1.492194748038887978e+09 6.725999999999999757e-01 2.959700000000000273e+02
1.492194748139877081e+09 6.731000000000000316e-01 2.959700000000000273e+02
1.492194748239010096e+09 6.733000000000000096e-01 2.959700000000000273e+02
1.492194748339108944e+09 6.733000000000000096e-01 2.959800000000000182e+02
1.492194748438833952e+09 6.739000000000000545e-01 2.959700000000000273e+02
1.492194748552311897e+09 6.733000000000000096e-01 2.959700000000000273e+02
1.492194748652487040e+09 6.739000000000000545e-01 2.959700000000000273e+02
1.492194748751245975e+09 6.729000000000000536e-01 2.959700000000000273e+02
1.492194748851447105e+09 6.731000000000000316e-01 2.959800000000000182e+02
1.492194748949592113e+09 6.741000000000000325e-01 2.959800000000000182e+02
1.492194749050211906e+09 6.735999999999999766e-01 2.959800000000000182e+02
1.492194749150290966e+09 6.734999999999999876e-01 2.959800000000000182e+02
1.492194749249723911e+09 6.729000000000000536e-01 2.959800000000000182e+02
1.492194749363631010e+09 6.733999999999999986e-01 2.959700000000000273e+02
1.492194749462697029e+09 6.733999999999999986e-01 2.959800000000000182e+02
1.492194749562868118e+09 6.732000000000000206e-01 2.959800000000000182e+02
1.492194749662807941e+09 6.739000000000000545e-01 2.959800000000000182e+02
1.492194749761925936e+09 6.742000000000000215e-01 2.959800000000000182e+02
1.492194749862440109e+09 6.734999999999999876e-01 2.959800000000000182e+02
1.492194749960979939e+09 6.735999999999999766e-01 2.959800000000000182e+02
1.492194750061492920e+09 6.733000000000000096e-01 2.959800000000000182e+02
1.492194750175474882e+09 6.736999999999999655e-01 2.959800000000000182e+02
1.492194750275718927e+09 6.733999999999999986e-01 2.959800000000000182e+02
1.492194750374727964e+09 6.732000000000000206e-01 2.959800000000000182e+02
1.492194750474545002e+09 6.733000000000000096e-01 2.959700000000000273e+02
1.492194750573492050e+09 6.730000000000000426e-01 2.959800000000000182e+02
1.492194750673621893e+09 6.742000000000000215e-01 2.959800000000000182e+02
1.492194750773547888e+09 6.733999999999999986e-01 2.959800000000000182e+02
1.492194750873370886e+09 6.734999999999999876e-01 2.959800000000000182e+02
1.492194750986396074e+09 6.732000000000000206e-01 2.959800000000000182e+02
1.492194751086719036e+09 6.734999999999999876e-01 2.959800000000000182e+02
1.492194751186724901e+09 6.737999999999999545e-01 2.959800000000000182e+02
1.492194751285681009e+09 6.731000000000000316e-01 2.959800000000000182e+02
1.492194751385320902e+09 6.737999999999999545e-01 2.959800000000000182e+02
1.492194751485033989e+09 6.744999999999999885e-01 2.959800000000000182e+02
1.492194751584392071e+09 6.737999999999999545e-01 2.959800000000000182e+02
1.492194751684508085e+09 6.736999999999999655e-01 2.959800000000000182e+02
1.492194751798176050e+09 6.735999999999999766e-01 2.959800000000000182e+02
1.492194751898406982e+09 6.729000000000000536e-01 2.959800000000000182e+02
1.492194751997080088e+09 6.745999999999999774e-01 2.959800000000000182e+02
1.492194752097065926e+09 6.736999999999999655e-01 2.959800000000000182e+02
1.492194752197463036e+09 6.736999999999999655e-01 2.959800000000000182e+02
1.492194752296539068e+09 6.741000000000000325e-01 2.959800000000000182e+02
1.492194752395826101e+09 6.731000000000000316e-01 2.959800000000000182e+02
1.492194752496555090e+09 6.734999999999999876e-01 2.959800000000000182e+02
1.492194752610635996e+09 6.731000000000000316e-01 2.959800000000000182e+02
1.492194752708995104e+09 6.732000000000000206e-01 2.959800000000000182e+02
1.492194752809324026e+09 6.735999999999999766e-01 2.959800000000000182e+02
1.492194752908348083e+09 6.734999999999999876e-01 2.959800000000000182e+02
1.492194753008416891e+09 6.733000000000000096e-01 2.959800000000000182e+02
1.492194753108374119e+09 6.733999999999999986e-01 2.959800000000000182e+02
1.492194753207143068e+09 6.732000000000000206e-01 2.959800000000000182e+02
1.492194753307156086e+09 6.730000000000000426e-01 2.959800000000000182e+02
1.492194753420630932e+09 6.726999999999999647e-01 2.959800000000000182e+02
1.492194753520513058e+09 6.725999999999999757e-01 2.959800000000000182e+02
1.492194753620184898e+09 6.732000000000000206e-01 2.959800000000000182e+02
1.492194753719634056e+09 6.732000000000000206e-01 2.959800000000000182e+02
1.492194753819626093e+09 6.733000000000000096e-01 2.959800000000000182e+02
1.492194753919341087e+09 6.739000000000000545e-01 2.959800000000000182e+02
1.492194754018518925e+09 6.741000000000000325e-01 2.959800000000000182e+02
1.492194754118976116e+09 6.735999999999999766e-01 2.959800000000000182e+02
1.492194754233282089e+09 6.739000000000000545e-01 2.959800000000000182e+02
1.492194754332473040e+09 6.736999999999999655e-01 2.959800000000000182e+02
1.492194754432300091e+09 6.735999999999999766e-01 2.959800000000000182e+02
1.492194754531433105e+09 6.740000000000000435e-01 2.959800000000000182e+02
1.492194754631231070e+09 6.733000000000000096e-01 2.959800000000000182e+02
1.492194754731291056e+09 6.730000000000000426e-01 2.959800000000000182e+02
1.492194754830353975e+09 6.739000000000000545e-01 2.959800000000000182e+02
1.492194754930321932e+09 6.735999999999999766e-01 2.959800000000000182e+02
1.492194755044243097e+09 6.732000000000000206e-01 2.959800000000000182e+02
1.492194755144326925e+09 6.735999999999999766e-01 2.959800000000000182e+02
1.492194755242852926e+09 6.742000000000000215e-01 2.959800000000000182e+02
1.492194755342322111e+09 6.730000000000000426e-01 2.959800000000000182e+02
1.492194755443161964e+09 6.724999999999999867e-01 2.959800000000000182e+02
1.492194755542356968e+09 6.729000000000000536e-01 2.959800000000000182e+02
1.492194755641705036e+09 6.740000000000000435e-01 2.959800000000000182e+02
1.492194755742322922e+09 6.736999999999999655e-01 2.959800000000000182e+02
1.492194755856225967e+09 6.739000000000000545e-01 2.959800000000000182e+02
1.492194755955236912e+09 6.731000000000000316e-01 2.959800000000000182e+02
1.492194756054999113e+09 6.733000000000000096e-01 2.959800000000000182e+02
1.492194756154114962e+09 6.725999999999999757e-01 2.959800000000000182e+02
1.492194756254286051e+09 6.733999999999999986e-01 2.959800000000000182e+02
1.492194756354084969e+09 6.742000000000000215e-01 2.959800000000000182e+02
1.492194756454071999e+09 6.729000000000000536e-01 2.959800000000000182e+02
1.492194756553086042e+09 6.733000000000000096e-01 2.959800000000000182e+02
1.492194756667045116e+09 6.733000000000000096e-01 2.959800000000000182e+02
1.492194756766969919e+09 6.727999999999999536e-01 2.959800000000000182e+02
1.492194756867214918e+09 6.733000000000000096e-01 2.959800000000000182e+02
1.492194756966089010e+09 6.733999999999999986e-01 2.959800000000000182e+02
1.492194757065984964e+09 6.733999999999999986e-01 2.959900000000000091e+02
1.492194757166062117e+09 6.735999999999999766e-01 2.959800000000000182e+02
1.492194757265039921e+09 6.733999999999999986e-01 2.959800000000000182e+02
1.492194757365081072e+09 6.733000000000000096e-01 2.959800000000000182e+02
1.492194757479080915e+09 6.739000000000000545e-01 2.959900000000000091e+02
1.492194757577496052e+09 6.731000000000000316e-01 2.959900000000000091e+02
1.492194757677205086e+09 6.739000000000000545e-01 2.959800000000000182e+02
1.492194757777987957e+09 6.736999999999999655e-01 2.959900000000000091e+02
1.492194757876737118e+09 6.735999999999999766e-01 2.959900000000000091e+02
1.492194757976500988e+09 6.729000000000000536e-01 2.959900000000000091e+02
1.492194758076260090e+09 6.732000000000000206e-01 2.959900000000000091e+02
1.492194758176043034e+09 6.733000000000000096e-01 2.959900000000000091e+02
1.492194758289891005e+09 6.733999999999999986e-01 2.959900000000000091e+02
1.492194758389846087e+09 6.732000000000000206e-01 2.959900000000000091e+02
1.492194758489976883e+09 6.731000000000000316e-01 2.959900000000000091e+02
1.492194758588982105e+09 6.729000000000000536e-01 2.959900000000000091e+02
1.492194758688826084e+09 6.729000000000000536e-01 2.959900000000000091e+02
1.492194758789010048e+09 6.731000000000000316e-01 2.959900000000000091e+02
1.492194758888051033e+09 6.732000000000000206e-01 2.959900000000000091e+02
1.492194758987888098e+09 6.735999999999999766e-01 2.959900000000000091e+02
1.492194759102046013e+09 6.733999999999999986e-01 2.959900000000000091e+02
1.492194759201011896e+09 6.733999999999999986e-01 2.959900000000000091e+02
1.492194759300956964e+09 6.731000000000000316e-01 2.959900000000000091e+02
1.492194759401020050e+09 6.737999999999999545e-01 2.959900000000000091e+02
1.492194759499737978e+09 6.737999999999999545e-01 2.959900000000000091e+02
1.492194759599384069e+09 6.731000000000000316e-01 2.959900000000000091e+02
1.492194759699687958e+09 6.733000000000000096e-01 2.959900000000000091e+02
1.492194759798723936e+09 6.724999999999999867e-01 2.959900000000000091e+02
1.492194759912772894e+09 6.729000000000000536e-01 2.959900000000000091e+02
1.492194760012715101e+09 6.736999999999999655e-01 2.959900000000000091e+02
1.492194760112679958e+09 6.733999999999999986e-01 2.959900000000000091e+02
1.492194760212066889e+09 6.734999999999999876e-01 2.959900000000000091e+02
1.492194760312000036e+09 6.729000000000000536e-01 2.959900000000000091e+02
1.492194760410800934e+09 6.732000000000000206e-01 2.959900000000000091e+02
1.492194760510747910e+09 6.732000000000000206e-01 2.959900000000000091e+02
1.492194760610470057e+09 6.724999999999999867e-01 2.959900000000000091e+02
1.492194760724473000e+09 6.735999999999999766e-01 2.959900000000000091e+02
1.492194760822407961e+09 6.743999999999999995e-01 2.959900000000000091e+02
1.492194760923544884e+09 6.725999999999999757e-01 2.959900000000000091e+02
1.492194761022808075e+09 6.729000000000000536e-01 2.959900000000000091e+02
1.492194761122405052e+09 6.741000000000000325e-01 2.959900000000000091e+02
1.492194761222640038e+09 6.736999999999999655e-01 2.959900000000000091e+02
1.492194761322249889e+09 6.737999999999999545e-01 2.959900000000000091e+02
1.492194761420356989e+09 6.727999999999999536e-01 2.959900000000000091e+02
1.492194761534770966e+09 6.733999999999999986e-01 2.959900000000000091e+02
1.492194761634748936e+09 6.734999999999999876e-01 2.960000000000000000e+02
