1.477682368205106020e+09 1.360800000000000065e-01
1.477682368331495047e+09 1.360300000000000120e-01
1.477682368444777966e+09 1.360000000000000098e-01
1.477682368557502985e+09 1.360599999999999865e-01
1.477682368671149969e+09 1.360399999999999943e-01
1.477682368783499956e+09 1.359799999999999898e-01
1.477682368895975113e+09 1.360599999999999865e-01
1.477682369009406090e+09 1.360699999999999965e-01
1.477682369123080015e+09 1.360000000000000098e-01
1.477682369235599041e+09 1.360200000000000020e-01
1.477682369347990036e+09 1.360999999999999988e-01
1.477682369461657047e+09 1.360500000000000043e-01
1.477682369575164080e+09 1.359799999999999898e-01
1.477682369687712908e+09 1.360000000000000098e-01
1.477682369800179005e+09 1.360999999999999988e-01
1.477682369914000988e+09 1.360099999999999920e-01
1.477682370026417017e+09 1.360300000000000120e-01
1.477682370139998913e+09 1.360000000000000098e-01
1.477682370252356052e+09 1.360099999999999920e-01
1.477682370365891933e+09 1.360699999999999965e-01
1.477682370478585005e+09 1.360599999999999865e-01
1.477682370592257023e+09 1.359700000000000075e-01
1.477682370704694033e+09 1.362299999999999900e-01
1.477682370818129063e+09 1.360599999999999865e-01
1.477682370930850983e+09 1.359599999999999975e-01
1.477682371044289112e+09 1.360200000000000020e-01
1.477682371156807899e+09 1.360399999999999943e-01
1.477682371270284891e+09 1.360800000000000065e-01
1.477682371382944107e+09 1.360500000000000043e-01
1.477682371496611118e+09 1.360099999999999920e-01
1.477682371608972073e+09 1.360699999999999965e-01
1.477682371722501040e+09 1.360399999999999943e-01
1.477682371835119963e+09 1.360099999999999920e-01
1.477682371948750973e+09 1.360800000000000065e-01
1.477682372061129093e+09 1.359700000000000075e-01
1.477682372174770117e+09 1.360800000000000065e-01
1.477682372287414074e+09 1.359599999999999975e-01
1.477682372399935961e+09 1.361100000000000088e-01
1.477682372513343096e+09 1.359400000000000053e-01
1.477682372626955032e+09 1.360000000000000098e-01
1.477682372739537954e+09 1.360000000000000098e-01
1.477682372853136063e+09 1.360500000000000043e-01
1.477682372965534925e+09 1.360500000000000043e-01
1.477682373077889919e+09 1.360300000000000120e-01
1.477682373191739082e+09 1.360399999999999943e-01
1.477682373304076910e+09 1.360099999999999920e-01
1.477682373417674065e+09 1.358999999999999930e-01
1.477682373530124903e+09 1.360899999999999888e-01
1.477682373643667936e+09 1.360200000000000020e-01
1.477682373756216049e+09 1.360800000000000065e-01
1.477682373869961977e+09 1.360099999999999920e-01
1.477682373982295990e+09 1.359599999999999975e-01
1.477682374095735073e+09 1.359899999999999998e-01
1.477682374208373070e+09 1.358999999999999930e-01
1.477682374321996927e+09 1.360899999999999888e-01
1.477682374434503078e+09 1.361700000000000133e-01
1.477682374548146009e+09 1.361199999999999910e-01
1.477682374660514116e+09 1.361400000000000110e-01
1.477682374773262978e+09 1.359400000000000053e-01
1.477682374886658907e+09 1.360200000000000020e-01
1.477682375000360012e+09 1.360000000000000098e-01
1.477682375112761021e+09 1.360200000000000020e-01
1.477682375225130081e+09 1.360099999999999920e-01
1.477682375338831902e+09 1.359499999999999875e-01
1.477682375452378035e+09 1.360300000000000120e-01
1.477682375564908028e+09 1.359400000000000053e-01
1.477682375677485943e+09 1.359899999999999998e-01
1.477682375791013002e+09 1.360000000000000098e-01
1.477682375903497934e+09 1.360899999999999888e-01
1.477682376017220020e+09 1.360399999999999943e-01
1.477682376129551888e+09 1.361300000000000010e-01
1.477682376243016005e+09 1.360899999999999888e-01
1.477682376355701923e+09 1.360599999999999865e-01
1.477682376469295979e+09 1.359899999999999998e-01
1.477682376581758022e+09 1.360300000000000120e-01
1.477682376695291042e+09 1.359899999999999998e-01
1.477682376807956934e+09 1.359599999999999975e-01
1.477682376921349049e+09 1.359899999999999998e-01
1.477682377033926010e+09 1.360899999999999888e-01
1.477682377147661924e+09 1.360500000000000043e-01
1.477682377260160923e+09 1.359899999999999998e-01
1.477682377373683929e+09 1.360000000000000098e-01
1.477682377486128092e+09 1.359799999999999898e-01
1.477682377599594116e+09 1.359799999999999898e-01
1.477682377712136984e+09 1.360300000000000120e-01
1.477682377825712919e+09 1.359899999999999998e-01
1.477682377938397884e+09 1.360000000000000098e-01
1.477682378051690102e+09 1.359700000000000075e-01
1.477682378164427996e+09 1.360800000000000065e-01
1.477682378276886940e+09 1.359299999999999953e-01
1.477682378390563011e+09 1.360300000000000120e-01
1.477682378503989935e+09 1.360300000000000120e-01
1.477682378616628885e+09 1.360500000000000043e-01
1.477682378729983091e+09 1.360599999999999865e-01
1.477682378842609882e+09 1.360099999999999920e-01
1.477682378955086946e+09 1.360500000000000043e-01
1.477682379068811893e+09 1.359899999999999998e-01
1.477682379181359053e+09 1.359799999999999898e-01
1.477682379294641972e+09 1.359599999999999975e-01
1.477682379407154083e+09 1.359899999999999998e-01
1.477682379520750999e+09 1.359700000000000075e-01
1.477682379633358955e+09 1.359700000000000075e-01
1.477682379746901035e+09 1.359700000000000075e-01
1.477682379859400988e+09 1.359899999999999998e-01
1.477682379972928047e+09 1.361300000000000010e-01
1.477682380085684061e+09 1.359200000000000130e-01
1.477682380199235916e+09 1.360800000000000065e-01
1.477682380311592102e+09 1.359799999999999898e-01
1.477682380425102949e+09 1.360200000000000020e-01
1.477682380537837029e+09 1.360500000000000043e-01
1.477682380651114941e+09 1.360500000000000043e-01
1.477682380763911009e+09 1.359700000000000075e-01
1.477682380877449036e+09 1.359599999999999975e-01
1.477682380989991903e+09 1.360399999999999943e-01
1.477682381102511883e+09 1.358999999999999930e-01
1.477682381215850115e+09 1.360300000000000120e-01
1.477682381329430103e+09 1.359700000000000075e-01
1.477682381441999912e+09 1.358699999999999908e-01
1.477682381555516958e+09 1.359700000000000075e-01
1.477682381668293953e+09 1.359899999999999998e-01
1.477682381780740976e+09 1.360699999999999965e-01
1.477682381894144058e+09 1.360099999999999920e-01
1.477682382006902933e+09 1.360099999999999920e-01
1.477682382120371103e+09 1.359799999999999898e-01
1.477682382232892036e+09 1.359899999999999998e-01
1.477682382346324921e+09 1.360500000000000043e-01
1.477682382458919048e+09 1.359599999999999975e-01
1.477682382572559118e+09 1.360300000000000120e-01
1.477682382684963942e+09 1.359400000000000053e-01
1.477682382798638105e+09 1.360399999999999943e-01
1.477682382911149025e+09 1.359700000000000075e-01
1.477682383024709940e+09 1.360899999999999888e-01
1.477682383137274027e+09 1.360200000000000020e-01
1.477682383250798941e+09 1.358999999999999930e-01
1.477682383363192081e+09 1.360399999999999943e-01
1.477682383476902008e+09 1.360099999999999920e-01
1.477682383589425087e+09 1.360200000000000020e-01
1.477682383702996969e+09 1.359899999999999998e-01
1.477682383815401077e+09 1.359499999999999875e-01
1.477682383928890944e+09 1.359200000000000130e-01
1.477682384041630030e+09 1.361499999999999932e-01
1.477682384154125929e+09 1.360300000000000120e-01
1.477682384267467022e+09 1.360500000000000043e-01
1.477682384381021023e+09 1.360000000000000098e-01
1.477682384493707895e+09 1.359799999999999898e-01
1.477682384607233047e+09 1.360200000000000020e-01
1.477682384719813108e+09 1.360500000000000043e-01
1.477682384833153009e+09 1.359700000000000075e-01
1.477682384945652008e+09 1.359599999999999975e-01
1.477682385058351994e+09 1.358999999999999930e-01
1.477682385171773911e+09 1.360300000000000120e-01
1.477682385285494089e+09 1.360099999999999920e-01
1.477682385398015022e+09 1.360000000000000098e-01
1.477682385510382891e+09 1.361100000000000088e-01
1.477682385624152899e+09 1.359799999999999898e-01
1.477682385737587929e+09 1.360399999999999943e-01
1.477682385850074053e+09 1.359499999999999875e-01
1.477682385962559938e+09 1.359400000000000053e-01
1.477682386076105118e+09 1.359400000000000053e-01
1.477682386188637018e+09 1.360500000000000043e-01
1.477682386302201033e+09 1.359599999999999975e-01
1.477682386414886951e+09 1.360099999999999920e-01
1.477682386528264046e+09 1.361900000000000055e-01
1.477682386640810966e+09 1.358999999999999930e-01
1.477682386754362106e+09 1.360300000000000120e-01
1.477682386867024899e+09 1.360500000000000043e-01
1.477682386980432034e+09 1.360200000000000020e-01
1.477682387092983007e+09 1.360300000000000120e-01
1.477682387206640005e+09 1.359899999999999998e-01
1.477682387319221973e+09 1.360399999999999943e-01
1.477682387432560921e+09 1.360200000000000020e-01
1.477682387545077085e+09 1.360500000000000043e-01
1.477682387658668995e+09 1.359899999999999998e-01
1.477682387771167040e+09 1.359700000000000075e-01
1.477682387883742094e+09 1.359799999999999898e-01
1.477682387997298002e+09 1.359200000000000130e-01
1.477682388110825062e+09 1.360599999999999865e-01
1.477682388223460913e+09 1.360500000000000043e-01
1.477682388336123943e+09 1.360500000000000043e-01
1.477682388449394941e+09 1.360200000000000020e-01
1.477682388562005997e+09 1.360699999999999965e-01
1.477682388675508976e+09 1.360000000000000098e-01
1.477682388788014889e+09 1.360500000000000043e-01
1.477682388901650906e+09 1.360500000000000043e-01
1.477682389014153957e+09 1.359799999999999898e-01
1.477682389127712011e+09 1.360500000000000043e-01
1.477682389240370989e+09 1.359299999999999953e-01
1.477682389353785038e+09 1.360200000000000020e-01
1.477682389466459990e+09 1.359499999999999875e-01
1.477682389580007076e+09 1.359499999999999875e-01
1.477682389692383051e+09 1.360300000000000120e-01
1.477682389805898905e+09 1.359899999999999998e-01
1.477682389918633938e+09 1.360699999999999965e-01
1.477682390032016039e+09 1.359499999999999875e-01
1.477682390144515991e+09 1.359299999999999953e-01
1.477682390258239985e+09 1.359899999999999998e-01
1.477682390370688915e+09 1.360000000000000098e-01
1.477682390484160900e+09 1.360899999999999888e-01
1.477682390596700907e+09 1.360399999999999943e-01
1.477682390710238934e+09 1.360099999999999920e-01
1.477682390822760105e+09 1.360399999999999943e-01
1.477682390935476065e+09 1.360599999999999865e-01
1.477682391048935890e+09 1.359799999999999898e-01
1.477682391162365913e+09 1.359499999999999875e-01
1.477682391274952888e+09 1.360200000000000020e-01
1.477682391387429953e+09 1.360099999999999920e-01
1.477682391501151085e+09 1.359799999999999898e-01
1.477682391614727020e+09 1.359799999999999898e-01
1.477682391727086067e+09 1.359100000000000030e-01
1.477682391839560986e+09 1.359299999999999953e-01
1.477682391953176022e+09 1.359599999999999975e-01
1.477682392066720963e+09 1.358999999999999930e-01
1.477682392179197073e+09 1.359799999999999898e-01
1.477682392291999102e+09 1.358699999999999908e-01
1.477682392405514002e+09 1.359499999999999875e-01
1.477682392517877102e+09 1.359799999999999898e-01
1.477682392631594896e+09 1.360800000000000065e-01
1.477682392743973017e+09 1.359299999999999953e-01
1.477682392857481956e+09 1.360000000000000098e-01
1.477682392970037937e+09 1.360300000000000120e-01
1.477682393083518028e+09 1.359100000000000030e-01
1.477682393196132898e+09 1.359899999999999998e-01
1.477682393309699059e+09 1.360399999999999943e-01
1.477682393422166109e+09 1.359799999999999898e-01
1.477682393535744905e+09 1.359899999999999998e-01
1.477682393648297071e+09 1.359400000000000053e-01
1.477682393761780977e+09 1.360000000000000098e-01
1.477682393874161005e+09 1.359499999999999875e-01
1.477682393986874104e+09 1.359599999999999975e-01
1.477682394100481987e+09 1.360500000000000043e-01
1.477682394213161945e+09 1.359700000000000075e-01
1.477682394326699018e+09 1.359599999999999975e-01
1.477682394439268112e+09 1.359599999999999975e-01
1.477682394552669048e+09 1.360200000000000020e-01
1.477682394664983034e+09 1.360500000000000043e-01
1.477682394778665066e+09 1.360599999999999865e-01
1.477682394891262054e+09 1.360399999999999943e-01
1.477682395004581928e+09 1.360099999999999920e-01
1.477682395117120028e+09 1.360200000000000020e-01
1.477682395230998993e+09 1.359799999999999898e-01
1.477682395343322039e+09 1.360699999999999965e-01
1.477682395456824064e+09 1.360699999999999965e-01
1.477682395569370985e+09 1.359299999999999953e-01
1.477682395682919025e+09 1.359400000000000053e-01
1.477682395795612097e+09 1.360999999999999988e-01
1.477682395909090996e+09 1.358800000000000008e-01
1.477682396021600962e+09 1.359700000000000075e-01
1.477682396135282993e+09 1.360899999999999888e-01
1.477682396247709036e+09 1.359799999999999898e-01
1.477682396361150026e+09 1.360500000000000043e-01
1.477682396474064112e+09 1.360699999999999965e-01
1.477682396587333918e+09 1.359899999999999998e-01
1.477682396699800014e+09 1.360099999999999920e-01
1.477682396812395096e+09 1.360999999999999988e-01
1.477682396925921917e+09 1.358900000000000108e-01
1.477682397039632082e+09 1.359299999999999953e-01
1.477682397152101040e+09 1.360200000000000020e-01
1.477682397264599085e+09 1.359799999999999898e-01
1.477682397378211021e+09 1.359100000000000030e-01
1.477682397490644932e+09 1.360099999999999920e-01
1.477682397604273081e+09 1.360399999999999943e-01
1.477682397716696978e+09 1.359400000000000053e-01
1.477682397830250025e+09 1.360999999999999988e-01
1.477682397942972898e+09 1.360800000000000065e-01
1.477682398056337118e+09 1.360599999999999865e-01
1.477682398168983936e+09 1.359499999999999875e-01
1.477682398282454967e+09 1.360200000000000020e-01
1.477682398394911051e+09 1.359299999999999953e-01
1.477682398508487940e+09 1.360399999999999943e-01
1.477682398621001959e+09 1.359899999999999998e-01
1.477682398734540939e+09 1.360000000000000098e-01
1.477682398847244024e+09 1.360099999999999920e-01
1.477682398960818052e+09 1.360500000000000043e-01
1.477682399073371887e+09 1.360500000000000043e-01
1.477682399186866045e+09 1.360599999999999865e-01
1.477682399299348116e+09 1.359400000000000053e-01
1.477682399412784100e+09 1.360200000000000020e-01
1.477682399525363922e+09 1.359799999999999898e-01
1.477682399638887882e+09 1.361100000000000088e-01
1.477682399751545906e+09 1.359799999999999898e-01
1.477682399864144087e+09 1.359200000000000130e-01
1.477682399977534056e+09 1.359700000000000075e-01
1.477682400091197968e+09 1.360699999999999965e-01
1.477682400203723907e+09 1.359299999999999953e-01
1.477682400316370964e+09 1.360300000000000120e-01
1.477682400429687023e+09 1.358999999999999930e-01
1.477682400543360949e+09 1.359799999999999898e-01
1.477682400655946970e+09 1.360099999999999920e-01
1.477682400769316912e+09 1.360500000000000043e-01
1.477682400882051945e+09 1.359299999999999953e-01
1.477682400994498014e+09 1.359100000000000030e-01
1.477682401108119011e+09 1.360300000000000120e-01
1.477682401220534086e+09 1.360200000000000020e-01
1.477682401334141016e+09 1.359599999999999975e-01
1.477682401446647882e+09 1.359400000000000053e-01
1.477682401560153961e+09 1.360699999999999965e-01
1.477682401672570944e+09 1.360200000000000020e-01
1.477682401786128998e+09 1.359100000000000030e-01
1.477682401898695946e+09 1.358900000000000108e-01
1.477682402012229919e+09 1.360200000000000020e-01
1.477682402124917030e+09 1.360099999999999920e-01
1.477682402238446951e+09 1.359700000000000075e-01
1.477682402350980043e+09 1.360599999999999865e-01
1.477682402464431047e+09 1.359100000000000030e-01
1.477682402576913118e+09 1.360399999999999943e-01
1.477682402690610886e+09 1.359599999999999975e-01
1.477682402803028107e+09 1.359599999999999975e-01
1.477682402916601896e+09 1.359499999999999875e-01
1.477682403029220104e+09 1.360699999999999965e-01
1.477682403141616106e+09 1.359599999999999975e-01
1.477682403255403042e+09 1.359599999999999975e-01
1.477682403367793083e+09 1.359799999999999898e-01
1.477682403481239080e+09 1.359700000000000075e-01
1.477682403593955994e+09 1.359700000000000075e-01
1.477682403707345009e+09 1.359200000000000130e-01
1.477682403819827080e+09 1.358800000000000008e-01
1.477682403933325052e+09 1.360000000000000098e-01
1.477682404045949936e+09 1.360500000000000043e-01
1.477682404159688950e+09 1.360300000000000120e-01
1.477682404273204088e+09 1.360300000000000120e-01
1.477682404385607004e+09 1.360300000000000120e-01
1.477682404498117924e+09 1.359799999999999898e-01
1.477682404611669064e+09 1.360099999999999920e-01
1.477682404724200964e+09 1.360000000000000098e-01
1.477682404837719917e+09 1.359899999999999998e-01
1.477682404950265884e+09 1.360099999999999920e-01
1.477682405063961029e+09 1.360800000000000065e-01
1.477682405176388025e+09 1.360200000000000020e-01
1.477682405290030003e+09 1.360399999999999943e-01
1.477682405402379990e+09 1.360300000000000120e-01
1.477682405515969992e+09 1.359799999999999898e-01
1.477682405628462076e+09 1.359599999999999975e-01
1.477682405742216110e+09 1.359599999999999975e-01
1.477682405854850054e+09 1.359499999999999875e-01
1.477682405968111038e+09 1.359499999999999875e-01
1.477682406080837011e+09 1.359599999999999975e-01
1.477682406193373919e+09 1.359700000000000075e-01
1.477682406306751966e+09 1.359799999999999898e-01
1.477682406420269012e+09 1.359499999999999875e-01
1.477682406532759905e+09 1.360099999999999920e-01
1.477682406645365953e+09 1.359200000000000130e-01
1.477682406758841991e+09 1.359299999999999953e-01
1.477682406872385025e+09 1.360399999999999943e-01
1.477682406985157013e+09 1.360800000000000065e-01
1.477682407097675085e+09 1.359400000000000053e-01
1.477682407211076021e+09 1.359599999999999975e-01
1.477682407324574947e+09 1.360399999999999943e-01
1.477682407437344074e+09 1.359200000000000130e-01
1.477682407549710035e+09 1.360000000000000098e-01
1.477682407663362026e+09 1.360099999999999920e-01
1.477682407775903940e+09 1.359400000000000053e-01
1.477682407889477015e+09 1.359499999999999875e-01
1.477682408001851082e+09 1.359100000000000030e-01
1.477682408115353107e+09 1.359200000000000130e-01
1.477682408228091955e+09 1.359700000000000075e-01
1.477682408341630936e+09 1.360200000000000020e-01
1.477682408454000950e+09 1.359700000000000075e-01
1.477682408567753077e+09 1.359400000000000053e-01
1.477682408680074930e+09 1.359700000000000075e-01
1.477682408793627977e+09 1.360200000000000020e-01
1.477682408906208038e+09 1.359200000000000130e-01
1.477682409019665956e+09 1.360000000000000098e-01
1.477682409132397890e+09 1.359499999999999875e-01
1.477682409245810032e+09 1.360399999999999943e-01
1.477682409358436108e+09 1.358399999999999885e-01
1.477682409471940994e+09 1.360300000000000120e-01
1.477682409584382057e+09 1.358999999999999930e-01
1.477682409696893930e+09 1.359499999999999875e-01
1.477682409810635090e+09 1.360000000000000098e-01
1.477682409923038006e+09 1.359499999999999875e-01
1.477682410036544085e+09 1.359499999999999875e-01
1.477682410149285078e+09 1.359400000000000053e-01
1.477682410262701988e+09 1.358800000000000008e-01
1.477682410375381947e+09 1.358699999999999908e-01
1.477682410488801003e+09 1.359799999999999898e-01
1.477682410601253033e+09 1.359400000000000053e-01
1.477682410714807987e+09 1.359400000000000053e-01
1.477682410827558994e+09 1.359799999999999898e-01
1.477682410940917969e+09 1.358800000000000008e-01
1.477682411053464890e+09 1.359700000000000075e-01
1.477682411167195082e+09 1.359700000000000075e-01
1.477682411279438972e+09 1.360200000000000020e-01
1.477682411393235922e+09 1.360699999999999965e-01
1.477682411505932093e+09 1.359400000000000053e-01
1.477682411619141102e+09 1.360200000000000020e-01
1.477682411731715918e+09 1.360800000000000065e-01
1.477682411845410109e+09 1.359400000000000053e-01
1.477682411957788944e+09 1.359700000000000075e-01
1.477682412070305109e+09 1.359599999999999975e-01
1.477682412183909893e+09 1.359799999999999898e-01
1.477682412297250032e+09 1.360399999999999943e-01
1.477682412409950972e+09 1.360099999999999920e-01
1.477682412522445917e+09 1.359599999999999975e-01
1.477682412636231899e+09 1.359100000000000030e-01
1.477682412749586105e+09 1.359200000000000130e-01
1.477682412862276077e+09 1.360200000000000020e-01
1.477682412974653006e+09 1.359400000000000053e-01
1.477682413088202000e+09 1.360000000000000098e-01
1.477682413200550079e+09 1.359499999999999875e-01
1.477682413314107895e+09 1.359499999999999875e-01
1.477682413426855087e+09 1.360099999999999920e-01
1.477682413540338039e+09 1.359100000000000030e-01
1.477682413653053999e+09 1.359100000000000030e-01
1.477682413766621113e+09 1.359799999999999898e-01
1.477682413879106045e+09 1.358800000000000008e-01
1.477682413992425919e+09 1.359499999999999875e-01
1.477682414105062962e+09 1.360000000000000098e-01
1.477682414218605995e+09 1.359299999999999953e-01
1.477682414331289053e+09 1.359100000000000030e-01
1.477682414444679022e+09 1.360000000000000098e-01
1.477682414557265997e+09 1.358999999999999930e-01
1.477682414670599937e+09 1.360999999999999988e-01
1.477682414783293962e+09 1.360000000000000098e-01
1.477682414896708012e+09 1.359400000000000053e-01
1.477682415009236097e+09 1.359499999999999875e-01
1.477682415123064041e+09 1.359899999999999998e-01
1.477682415235641003e+09 1.359700000000000075e-01
1.477682415348994017e+09 1.360099999999999920e-01
1.477682415461469889e+09 1.360300000000000120e-01
1.477682415574244976e+09 1.358699999999999908e-01
1.477682415687808990e+09 1.359899999999999998e-01
1.477682415801295042e+09 1.359899999999999998e-01
1.477682415913692951e+09 1.359400000000000053e-01
1.477682416027218103e+09 1.360099999999999920e-01
1.477682416139749050e+09 1.360099999999999920e-01
1.477682416252300024e+09 1.358000000000000040e-01
1.477682416366029024e+09 1.359499999999999875e-01
1.477682416478401899e+09 1.360000000000000098e-01
1.477682416592112064e+09 1.360300000000000120e-01
1.477682416704477072e+09 1.359599999999999975e-01
1.477682416817976952e+09 1.359899999999999998e-01
1.477682416930541039e+09 1.360300000000000120e-01
1.477682417044095993e+09 1.360000000000000098e-01
1.477682417156655073e+09 1.360200000000000020e-01
1.477682417270210981e+09 1.359499999999999875e-01
1.477682417382654905e+09 1.360500000000000043e-01
1.477682417496426105e+09 1.359100000000000030e-01
1.477682417608944893e+09 1.359200000000000130e-01
1.477682417722439051e+09 1.359599999999999975e-01
1.477682417834917068e+09 1.360599999999999865e-01
1.477682417948457956e+09 1.360300000000000120e-01
1.477682418061117887e+09 1.359100000000000030e-01
1.477682418174510002e+09 1.359499999999999875e-01
1.477682418287071943e+09 1.359599999999999975e-01
1.477682418400696039e+09 1.359799999999999898e-01
1.477682418513324976e+09 1.359799999999999898e-01
1.477682418626882076e+09 1.359200000000000130e-01
1.477682418739192009e+09 1.359400000000000053e-01
1.477682418851780891e+09 1.360099999999999920e-01
1.477682418965509892e+09 1.360300000000000120e-01
1.477682419077862978e+09 1.359200000000000130e-01
1.477682419191433907e+09 1.358600000000000085e-01
1.477682419304090023e+09 1.359799999999999898e-01
1.477682419417418957e+09 1.358499999999999985e-01
1.477682419529964924e+09 1.359899999999999998e-01
1.477682419643644094e+09 1.359799999999999898e-01
1.477682419756031990e+09 1.359200000000000130e-01
1.477682419869590998e+09 1.360399999999999943e-01
1.477682419982103109e+09 1.358399999999999885e-01
1.477682420095618963e+09 1.358600000000000085e-01
1.477682420208205938e+09 1.359100000000000030e-01
1.477682420321883917e+09 1.359599999999999975e-01
1.477682420434490919e+09 1.359700000000000075e-01
1.477682420547867060e+09 1.360200000000000020e-01
1.477682420660360098e+09 1.359899999999999998e-01
1.477682420773902893e+09 1.359700000000000075e-01
1.477682420886636972e+09 1.360200000000000020e-01
1.477682421000127077e+09 1.359700000000000075e-01
1.477682421112493992e+09 1.360399999999999943e-01
1.477682421226079941e+09 1.359499999999999875e-01
1.477682421338618040e+09 1.359700000000000075e-01
1.477682421452142954e+09 1.359899999999999998e-01
1.477682421564673901e+09 1.358999999999999930e-01
1.477682421678350925e+09 1.358399999999999885e-01
1.477682421790817976e+09 1.360000000000000098e-01
1.477682421903273106e+09 1.359299999999999953e-01
1.477682422016957998e+09 1.359299999999999953e-01
1.477682422130400896e+09 1.359799999999999898e-01
1.477682422243071079e+09 1.360099999999999920e-01
1.477682422356628895e+09 1.359100000000000030e-01
1.477682422469352961e+09 1.360099999999999920e-01
1.477682422582721949e+09 1.359499999999999875e-01
1.477682422695096016e+09 1.360500000000000043e-01
1.477682422807620049e+09 1.359299999999999953e-01
1.477682422921176910e+09 1.359799999999999898e-01
1.477682423033878088e+09 1.359499999999999875e-01
1.477682423147262096e+09 1.359299999999999953e-01
1.477682423259771109e+09 1.359499999999999875e-01
1.477682423373296022e+09 1.358499999999999985e-01
1.477682423485980034e+09 1.358800000000000008e-01
1.477682423599493027e+09 1.360000000000000098e-01
1.477682423711941957e+09 1.360399999999999943e-01
1.477682423825525045e+09 1.359499999999999875e-01
1.477682423937948942e+09 1.358800000000000008e-01
1.477682424051598072e+09 1.358199999999999963e-01
1.477682424164122105e+09 1.359799999999999898e-01
1.477682424277625084e+09 1.359700000000000075e-01
1.477682424390150070e+09 1.360699999999999965e-01
1.477682424503823996e+09 1.358800000000000008e-01
1.477682424616419077e+09 1.359499999999999875e-01
1.477682424729805946e+09 1.358600000000000085e-01
1.477682424842329979e+09 1.359599999999999975e-01
1.477682424955826044e+09 1.358999999999999930e-01
1.477682425068434954e+09 1.360599999999999865e-01
1.477682425182027102e+09 1.359799999999999898e-01
1.477682425294661045e+09 1.359599999999999975e-01
1.477682425407109976e+09 1.359599999999999975e-01
1.477682425520620108e+09 1.360399999999999943e-01
1.477682425633080006e+09 1.360699999999999965e-01
1.477682425746824980e+09 1.359599999999999975e-01
1.477682425859399080e+09 1.359200000000000130e-01
1.477682425972743034e+09 1.359100000000000030e-01
1.477682426085294008e+09 1.359499999999999875e-01
1.477682426198827982e+09 1.358499999999999985e-01
1.477682426311511993e+09 1.359200000000000130e-01
1.477682426424782991e+09 1.359200000000000130e-01
1.477682426537494898e+09 1.359899999999999998e-01
1.477682426650976896e+09 1.358999999999999930e-01
1.477682426763523102e+09 1.359299999999999953e-01
1.477682426877207994e+09 1.359700000000000075e-01
1.477682426989789963e+09 1.359200000000000130e-01
1.477682427103163958e+09 1.360200000000000020e-01
1.477682427215565920e+09 1.359599999999999975e-01
1.477682427329405069e+09 1.360300000000000120e-01
1.477682427441896915e+09 1.359200000000000130e-01
1.477682427555315971e+09 1.359299999999999953e-01
1.477682427667860985e+09 1.360500000000000043e-01
1.477682427780284882e+09 1.360200000000000020e-01
1.477682427894056082e+09 1.359400000000000053e-01
1.477682428007602930e+09 1.358699999999999908e-01
1.477682428120049953e+09 1.358800000000000008e-01
1.477682428233498096e+09 1.358600000000000085e-01
1.477682428346023083e+09 1.358600000000000085e-01
1.477682428459904909e+09 1.359799999999999898e-01
1.477682428572138071e+09 1.359200000000000130e-01
1.477682428684691906e+09 1.358900000000000108e-01
1.477682428798393965e+09 1.358199999999999963e-01
1.477682428910758972e+09 1.359200000000000130e-01
1.477682429024353027e+09 1.359200000000000130e-01
1.477682429136862993e+09 1.359400000000000053e-01
1.477682429250368118e+09 1.359799999999999898e-01
1.477682429362930059e+09 1.358999999999999930e-01
1.477682429476718903e+09 1.359700000000000075e-01
1.477682429589014053e+09 1.359400000000000053e-01
1.477682429702718019e+09 1.359299999999999953e-01
1.477682429815118074e+09 1.359400000000000053e-01
1.477682429928612947e+09 1.359100000000000030e-01
1.477682430041220903e+09 1.359100000000000030e-01
1.477682430154742956e+09 1.359599999999999975e-01
1.477682430267242908e+09 1.359100000000000030e-01
1.477682430380806923e+09 1.359299999999999953e-01
1.477682430493318081e+09 1.359400000000000053e-01
1.477682430606858015e+09 1.359200000000000130e-01
1.477682430719423056e+09 1.359200000000000130e-01
1.477682430832971096e+09 1.358900000000000108e-01
1.477682430945486069e+09 1.359899999999999998e-01
1.477682431059179068e+09 1.359299999999999953e-01
1.477682431171613932e+09 1.358499999999999985e-01
1.477682431285095930e+09 1.360500000000000043e-01
1.477682431397640944e+09 1.359299999999999953e-01
1.477682431510215998e+09 1.359599999999999975e-01
1.477682431623902082e+09 1.359700000000000075e-01
1.477682431736284018e+09 1.359100000000000030e-01
1.477682431849919081e+09 1.359599999999999975e-01
1.477682431962481976e+09 1.359499999999999875e-01
1.477682432076050997e+09 1.359200000000000130e-01
1.477682432188401937e+09 1.359499999999999875e-01
1.477682432302112103e+09 1.360000000000000098e-01
1.477682432415505886e+09 1.359100000000000030e-01
1.477682432527949095e+09 1.359400000000000053e-01
1.477682432640578985e+09 1.359799999999999898e-01
1.477682432754105091e+09 1.359400000000000053e-01
1.477682432866596937e+09 1.358999999999999930e-01
1.477682432980417967e+09 1.358900000000000108e-01
1.477682433092772007e+09 1.359299999999999953e-01
1.477682433206305027e+09 1.358800000000000008e-01
1.477682433319024086e+09 1.358999999999999930e-01
1.477682433432387114e+09 1.358099999999999863e-01
1.477682433544950962e+09 1.360099999999999920e-01
1.477682433658643961e+09 1.359400000000000053e-01
1.477682433770992041e+09 1.360599999999999865e-01
1.477682433884747982e+09 1.360000000000000098e-01
1.477682433997103930e+09 1.359799999999999898e-01
1.477682434109812975e+09 1.360399999999999943e-01
1.477682434223210096e+09 1.358300000000000063e-01
1.477682434336882114e+09 1.358300000000000063e-01
1.477682434449286938e+09 1.360000000000000098e-01
1.477682434561813116e+09 1.358600000000000085e-01
1.477682434675378084e+09 1.359799999999999898e-01
1.477682434787791967e+09 1.360500000000000043e-01
1.477682434901424885e+09 1.360200000000000020e-01
1.477682435013952971e+09 1.358900000000000108e-01
1.477682435127468109e+09 1.360399999999999943e-01
1.477682435240155935e+09 1.359299999999999953e-01
1.477682435353544950e+09 1.359599999999999975e-01
1.477682435466322899e+09 1.360300000000000120e-01
1.477682435579704046e+09 1.358999999999999930e-01
1.477682435692353964e+09 1.359899999999999998e-01
1.477682435805916071e+09 1.359200000000000130e-01
1.477682435918303013e+09 1.360699999999999965e-01
1.477682436031809092e+09 1.360099999999999920e-01
1.477682436144603968e+09 1.358699999999999908e-01
1.477682436257926941e+09 1.359899999999999998e-01
1.477682436370575905e+09 1.357899999999999940e-01
1.477682436484042883e+09 1.359499999999999875e-01
1.477682436596497059e+09 1.360500000000000043e-01
1.477682436710211992e+09 1.360300000000000120e-01
1.477682436822726965e+09 1.359700000000000075e-01
1.477682436936353922e+09 1.359100000000000030e-01
1.477682437048851967e+09 1.359100000000000030e-01
1.477682437161397934e+09 1.359599999999999975e-01
1.477682437274830103e+09 1.359700000000000075e-01
1.477682437388325930e+09 1.358699999999999908e-01
1.477682437501072884e+09 1.359200000000000130e-01
1.477682437614406109e+09 1.359400000000000053e-01
1.477682437726928949e+09 1.359799999999999898e-01
1.477682437840476036e+09 1.359299999999999953e-01
1.477682437952991962e+09 1.358900000000000108e-01
1.477682438065557003e+09 1.360399999999999943e-01
1.477682438179100037e+09 1.358900000000000108e-01
1.477682438291618109e+09 1.359100000000000030e-01
1.477682438405262947e+09 1.358399999999999885e-01
1.477682438517779112e+09 1.358699999999999908e-01
1.477682438631218910e+09 1.359299999999999953e-01
1.477682438743848085e+09 1.358900000000000108e-01
1.477682438857364893e+09 1.358999999999999930e-01
1.477682438969824076e+09 1.359700000000000075e-01
1.477682439083609104e+09 1.359200000000000130e-01
1.477682439195885897e+09 1.359400000000000053e-01
1.477682439309452057e+09 1.360099999999999920e-01
1.477682439422213078e+09 1.359200000000000130e-01
1.477682439535748959e+09 1.359299999999999953e-01
1.477682439648113012e+09 1.359700000000000075e-01
1.477682439761846066e+09 1.359200000000000130e-01
1.477682439874376059e+09 1.358999999999999930e-01
1.477682439987880945e+09 1.358999999999999930e-01
1.477682440100281000e+09 1.359499999999999875e-01
1.477682440213872910e+09 1.359899999999999998e-01
1.477682440326338053e+09 1.358499999999999985e-01
1.477682440439883947e+09 1.360099999999999920e-01
1.477682440552440882e+09 1.360000000000000098e-01
1.477682440664973974e+09 1.360099999999999920e-01
1.477682440778536081e+09 1.359200000000000130e-01
1.477682440891076088e+09 1.359700000000000075e-01
1.477682441004592896e+09 1.358300000000000063e-01
1.477682441117307901e+09 1.359899999999999998e-01
1.477682441230613947e+09 1.358399999999999885e-01
1.477682441343246937e+09 1.359100000000000030e-01
1.477682441456790924e+09 1.358999999999999930e-01
1.477682441569294930e+09 1.360399999999999943e-01
1.477682441682811975e+09 1.359799999999999898e-01
1.477682441795366049e+09 1.359700000000000075e-01
1.477682441908902884e+09 1.359299999999999953e-01
1.477682442021471024e+09 1.358600000000000085e-01
1.477682442135076046e+09 1.358600000000000085e-01
1.477682442247503996e+09 1.359799999999999898e-01
1.477682442361057043e+09 1.358600000000000085e-01
1.477682442473623991e+09 1.359299999999999953e-01
1.477682442587281942e+09 1.358999999999999930e-01
1.477682442699676991e+09 1.360500000000000043e-01
1.477682442813224077e+09 1.359100000000000030e-01
1.477682442925833941e+09 1.360000000000000098e-01
1.477682443039308071e+09 1.359299999999999953e-01
1.477682443151701927e+09 1.359299999999999953e-01
1.477682443265372038e+09 1.358499999999999985e-01
1.477682443377917051e+09 1.359499999999999875e-01
1.477682443491683006e+09 1.360500000000000043e-01
1.477682443604166031e+09 1.358900000000000108e-01
1.477682443717565060e+09 1.359299999999999953e-01
1.477682443830024958e+09 1.359799999999999898e-01
1.477682443942696095e+09 1.359799999999999898e-01
1.477682444056245089e+09 1.359799999999999898e-01
1.477682444169672966e+09 1.359299999999999953e-01
1.477682444282453060e+09 1.359599999999999975e-01
1.477682444394979954e+09 1.359899999999999998e-01
1.477682444508538961e+09 1.359599999999999975e-01
1.477682444621090889e+09 1.359299999999999953e-01
1.477682444734447956e+09 1.358999999999999930e-01
1.477682444846978903e+09 1.359100000000000030e-01
1.477682444960577011e+09 1.359700000000000075e-01
1.477682445073071957e+09 1.359499999999999875e-01
1.477682445186631918e+09 1.360300000000000120e-01
1.477682445299185991e+09 1.359799999999999898e-01
1.477682445412677050e+09 1.358300000000000063e-01
1.477682445525377989e+09 1.359899999999999998e-01
1.477682445638978958e+09 1.359400000000000053e-01
1.477682445751238108e+09 1.359599999999999975e-01
1.477682445864866018e+09 1.359100000000000030e-01
1.477682445977365971e+09 1.359499999999999875e-01
1.477682446091101885e+09 1.359400000000000053e-01
1.477682446203582048e+09 1.358600000000000085e-01
1.477682446317154884e+09 1.359499999999999875e-01
1.477682446429524899e+09 1.359299999999999953e-01
1.477682446543078899e+09 1.359200000000000130e-01
1.477682446655637026e+09 1.359799999999999898e-01
1.477682446769129038e+09 1.358199999999999963e-01
1.477682446881685972e+09 1.358900000000000108e-01
1.477682446994250059e+09 1.357899999999999940e-01
1.477682447107784033e+09 1.358999999999999930e-01
1.477682447221297979e+09 1.360599999999999865e-01
1.477682447333882093e+09 1.359700000000000075e-01
1.477682447446414948e+09 1.359499999999999875e-01
1.477682447559787035e+09 1.359700000000000075e-01
1.477682447673640013e+09 1.358900000000000108e-01
1.477682447785909891e+09 1.359400000000000053e-01
1.477682447898442030e+09 1.359499999999999875e-01
1.477682448012022972e+09 1.359899999999999998e-01
1.477682448124515057e+09 1.360200000000000020e-01
1.477682448238322020e+09 1.359200000000000130e-01
1.477682448350739002e+09 1.359799999999999898e-01
1.477682448464504957e+09 1.358900000000000108e-01
1.477682448576798916e+09 1.359299999999999953e-01
1.477682448690541983e+09 1.359799999999999898e-01
1.477682448802902937e+09 1.360099999999999920e-01
1.477682448916425943e+09 1.359599999999999975e-01
1.477682449030036926e+09 1.359899999999999998e-01
1.477682449142335892e+09 1.359499999999999875e-01
1.477682449255038023e+09 1.360300000000000120e-01
1.477682449367744923e+09 1.359499999999999875e-01
1.477682449481353045e+09 1.359499999999999875e-01
1.477682449594800949e+09 1.358999999999999930e-01
1.477682449707341909e+09 1.359299999999999953e-01
1.477682449819673061e+09 1.359100000000000030e-01
1.477682449933423996e+09 1.358999999999999930e-01
1.477682450046982050e+09 1.359400000000000053e-01
1.477682450159293890e+09 1.360699999999999965e-01
1.477682450271928072e+09 1.360500000000000043e-01
1.477682450385620117e+09 1.359100000000000030e-01
1.477682450498208046e+09 1.359499999999999875e-01
1.477682450611442089e+09 1.358900000000000108e-01
1.477682450724097967e+09 1.358300000000000063e-01
1.477682450837716103e+09 1.359299999999999953e-01
1.477682450950252056e+09 1.359100000000000030e-01
1.477682451063848019e+09 1.358900000000000108e-01
1.477682451176122904e+09 1.360000000000000098e-01
1.477682451289741039e+09 1.359799999999999898e-01
1.477682451402333021e+09 1.359299999999999953e-01
1.477682451515865088e+09 1.359599999999999975e-01
1.477682451628443956e+09 1.360000000000000098e-01
1.477682451741940022e+09 1.359599999999999975e-01
1.477682451854631901e+09 1.359299999999999953e-01
1.477682451968202114e+09 1.359899999999999998e-01
1.477682452080456018e+09 1.359700000000000075e-01
1.477682452194155931e+09 1.359200000000000130e-01
1.477682452306778908e+09 1.359700000000000075e-01
1.477682452420315027e+09 1.360099999999999920e-01
1.477682452532629013e+09 1.359700000000000075e-01
1.477682452646404028e+09 1.360099999999999920e-01
1.477682452758789062e+09 1.358800000000000008e-01
1.477682452872380018e+09 1.359899999999999998e-01
1.477682452984848976e+09 1.359400000000000053e-01
1.477682453098457098e+09 1.358399999999999885e-01
1.477682453211144924e+09 1.358300000000000063e-01
1.477682453323445082e+09 1.360300000000000120e-01
1.477682453437108994e+09 1.358900000000000108e-01
1.477682453550798893e+09 1.358199999999999963e-01
1.477682453663316011e+09 1.360000000000000098e-01
1.477682453776870012e+09 1.359499999999999875e-01
1.477682453889445066e+09 1.358800000000000008e-01
1.477682454001943111e+09 1.359299999999999953e-01
1.477682454115272045e+09 1.358900000000000108e-01
1.477682454227920055e+09 1.358999999999999930e-01
1.477682454341387033e+09 1.360300000000000120e-01
1.477682454453933954e+09 1.360200000000000020e-01
1.477682454567440033e+09 1.358999999999999930e-01
1.477682454679821968e+09 1.358999999999999930e-01
1.477682454793685913e+09 1.359400000000000053e-01
1.477682454905931950e+09 1.360000000000000098e-01
1.477682455019731045e+09 1.358999999999999930e-01
1.477682455132050037e+09 1.358399999999999885e-01
1.477682455245652914e+09 1.359299999999999953e-01
1.477682455358375072e+09 1.358900000000000108e-01
1.477682455471707106e+09 1.359400000000000053e-01
1.477682455584364891e+09 1.359899999999999998e-01
1.477682455697777987e+09 1.358900000000000108e-01
1.477682455810364008e+09 1.360000000000000098e-01
1.477682455923899889e+09 1.359700000000000075e-01
1.477682456036386013e+09 1.359499999999999875e-01
1.477682456149012089e+09 1.359499999999999875e-01
1.477682456262598038e+09 1.358699999999999908e-01
1.477682456375113964e+09 1.358699999999999908e-01
1.477682456488884926e+09 1.360000000000000098e-01
1.477682456601039886e+09 1.359700000000000075e-01
1.477682456714533091e+09 1.358600000000000085e-01
1.477682456827233076e+09 1.359100000000000030e-01
1.477682456940849066e+09 1.359599999999999975e-01
1.477682457053365946e+09 1.358600000000000085e-01
1.477682457166888952e+09 1.358600000000000085e-01
1.477682457279364109e+09 1.360000000000000098e-01
1.477682457393161058e+09 1.359899999999999998e-01
1.477682457505498886e+09 1.359400000000000053e-01
1.477682457619045019e+09 1.359599999999999975e-01
1.477682457731638908e+09 1.358600000000000085e-01
1.477682457845077038e+09 1.359299999999999953e-01
1.477682457957694054e+09 1.358999999999999930e-01
1.477682458071228027e+09 1.358399999999999885e-01
1.477682458183965921e+09 1.358600000000000085e-01
1.477682458297302961e+09 1.359400000000000053e-01
1.477682458409754038e+09 1.358499999999999985e-01
1.477682458523413897e+09 1.358300000000000063e-01
1.477682458636035919e+09 1.358199999999999963e-01
1.477682458749438047e+09 1.359499999999999875e-01
1.477682458861970901e+09 1.359100000000000030e-01
1.477682458975615025e+09 1.358900000000000108e-01
1.477682459088107109e+09 1.360399999999999943e-01
1.477682459200424910e+09 1.358800000000000008e-01
1.477682459314065933e+09 1.359599999999999975e-01
1.477682459427697897e+09 1.360899999999999888e-01
1.477682459540467978e+09 1.359700000000000075e-01
1.477682459653789997e+09 1.359299999999999953e-01
1.477682459766221046e+09 1.358499999999999985e-01
1.477682459878819942e+09 1.359899999999999998e-01
1.477682459992777109e+09 1.360200000000000020e-01
1.477682460104717970e+09 1.359899999999999998e-01
1.477682460218483925e+09 1.359100000000000030e-01
1.477682460331044912e+09 1.358999999999999930e-01
1.477682460444545031e+09 1.359299999999999953e-01
1.477682460557152987e+09 1.359499999999999875e-01
1.477682460670629025e+09 1.358999999999999930e-01
1.477682460783155918e+09 1.358399999999999885e-01
1.477682460896754026e+09 1.358999999999999930e-01
1.477682461009268045e+09 1.359200000000000130e-01
1.477682461122930050e+09 1.359899999999999998e-01
1.477682461235378981e+09 1.359100000000000030e-01
1.477682461349024057e+09 1.358499999999999985e-01
1.477682461461585045e+09 1.358800000000000008e-01
1.477682461575054884e+09 1.358300000000000063e-01
1.477682461687639952e+09 1.359599999999999975e-01
1.477682461801120043e+09 1.359700000000000075e-01
1.477682461913604975e+09 1.359599999999999975e-01
1.477682462027152061e+09 1.359400000000000053e-01
1.477682462139857054e+09 1.359700000000000075e-01
1.477682462253051043e+09 1.359499999999999875e-01
1.477682462365701914e+09 1.359100000000000030e-01
1.477682462479432106e+09 1.359100000000000030e-01
1.477682462591872931e+09 1.359299999999999953e-01
1.477682462704370022e+09 1.359700000000000075e-01
1.477682462818058014e+09 1.359400000000000053e-01
1.477682462931570053e+09 1.359400000000000053e-01
1.477682463044075012e+09 1.360099999999999920e-01
1.477682463157561064e+09 1.358900000000000108e-01
1.477682463270294905e+09 1.358499999999999985e-01
1.477682463382586956e+09 1.358800000000000008e-01
1.477682463496176004e+09 1.359700000000000075e-01
1.477682463608760118e+09 1.359499999999999875e-01
1.477682463722240925e+09 1.358699999999999908e-01
1.477682463834920883e+09 1.359100000000000030e-01
1.477682463948415041e+09 1.359200000000000130e-01
1.477682464060869932e+09 1.358600000000000085e-01
1.477682464174412012e+09 1.359899999999999998e-01
1.477682464287775040e+09 1.359599999999999975e-01
1.477682464400533915e+09 1.359299999999999953e-01
1.477682464513027906e+09 1.358199999999999963e-01
1.477682464626667023e+09 1.358900000000000108e-01
1.477682464740087032e+09 1.358600000000000085e-01
1.477682464852492094e+09 1.359299999999999953e-01
1.477682464965128899e+09 1.359400000000000053e-01
1.477682465077717066e+09 1.359200000000000130e-01
1.477682465191272020e+09 1.359499999999999875e-01
1.477682465304692984e+09 1.359400000000000053e-01
1.477682465417325020e+09 1.359299999999999953e-01
1.477682465530046940e+09 1.359299999999999953e-01
1.477682465643172979e+09 1.359499999999999875e-01
1.477682465757087946e+09 1.358300000000000063e-01
1.477682465869481087e+09 1.359400000000000053e-01
1.477682465981997967e+09 1.358399999999999885e-01
1.477682466095598936e+09 1.359100000000000030e-01
1.477682466208106995e+09 1.358499999999999985e-01
1.477682466321657896e+09 1.359700000000000075e-01
1.477682466434262037e+09 1.359100000000000030e-01
1.477682466547638893e+09 1.359700000000000075e-01
1.477682466660280943e+09 1.359599999999999975e-01
1.477682466773767948e+09 1.359700000000000075e-01
1.477682466886516094e+09 1.359899999999999998e-01
1.477682466999887943e+09 1.358699999999999908e-01
1.477682467112510920e+09 1.358499999999999985e-01
1.477682467226097107e+09 1.359499999999999875e-01
1.477682467338522911e+09 1.359799999999999898e-01
1.477682467452210903e+09 1.359200000000000130e-01
1.477682467564594030e+09 1.359899999999999998e-01
1.477682467678107023e+09 1.359400000000000053e-01
1.477682467790498972e+09 1.359299999999999953e-01
1.477682467904212952e+09 1.359499999999999875e-01
1.477682468016701937e+09 1.359400000000000053e-01
1.477682468130160093e+09 1.359599999999999975e-01
1.477682468242902040e+09 1.358999999999999930e-01
1.477682468356347084e+09 1.359400000000000053e-01
1.477682468469149113e+09 1.358300000000000063e-01
1.477682468581365108e+09 1.358999999999999930e-01
1.477682468695123911e+09 1.360000000000000098e-01
1.477682468808554888e+09 1.358999999999999930e-01
1.477682468921237946e+09 1.359299999999999953e-01
1.477682469034626961e+09 1.359400000000000053e-01
1.477682469147166967e+09 1.358699999999999908e-01
1.477682469260955095e+09 1.360099999999999920e-01
1.477682469373187065e+09 1.359700000000000075e-01
1.477682469485920906e+09 1.359799999999999898e-01
1.477682469599354982e+09 1.360099999999999920e-01
1.477682469712980032e+09 1.359599999999999975e-01
1.477682469825403929e+09 1.359499999999999875e-01
1.477682469937964916e+09 1.359100000000000030e-01
1.477682470051431894e+09 1.359599999999999975e-01
1.477682470165064096e+09 1.358999999999999930e-01
1.477682470277504921e+09 1.359899999999999998e-01
1.477682470390069962e+09 1.359200000000000130e-01
1.477682470503825903e+09 1.358900000000000108e-01
1.477682470616251945e+09 1.359899999999999998e-01
1.477682470729724884e+09 1.358300000000000063e-01
1.477682470842122078e+09 1.358699999999999908e-01
1.477682470955854893e+09 1.358900000000000108e-01
1.477682471068393946e+09 1.358800000000000008e-01
1.477682471182070017e+09 1.359400000000000053e-01
1.477682471294389963e+09 1.359200000000000130e-01
1.477682471407033920e+09 1.359799999999999898e-01
1.477682471520447969e+09 1.358800000000000008e-01
1.477682471634078979e+09 1.358800000000000008e-01
1.477682471746699095e+09 1.358900000000000108e-01
1.477682471859134912e+09 1.358900000000000108e-01
1.477682471972589970e+09 1.358900000000000108e-01
1.477682472085341930e+09 1.358900000000000108e-01
1.477682472198769093e+09 1.358800000000000008e-01
1.477682472311178923e+09 1.358000000000000040e-01
1.477682472424787998e+09 1.359799999999999898e-01
1.477682472537483931e+09 1.359100000000000030e-01
1.477682472651011944e+09 1.358999999999999930e-01
1.477682472763420105e+09 1.358699999999999908e-01
1.477682472877012968e+09 1.358399999999999885e-01
1.477682472989676952e+09 1.358499999999999985e-01
1.477682473103185892e+09 1.358399999999999885e-01
1.477682473215771914e+09 1.359200000000000130e-01
1.477682473329171896e+09 1.359499999999999875e-01
1.477682473441638947e+09 1.358600000000000085e-01
1.477682473555211067e+09 1.359299999999999953e-01
1.477682473667795897e+09 1.359100000000000030e-01
1.477682473781481028e+09 1.358699999999999908e-01
1.477682473893853903e+09 1.358499999999999985e-01
1.477682474007363081e+09 1.357299999999999895e-01
1.477682474119920969e+09 1.359200000000000130e-01
1.477682474233588934e+09 1.359599999999999975e-01
1.477682474345931053e+09 1.360599999999999865e-01
1.477682474458585024e+09 1.358900000000000108e-01
1.477682474572098970e+09 1.359400000000000053e-01
1.477682474685645103e+09 1.359100000000000030e-01
1.477682474798157930e+09 1.359700000000000075e-01
1.477682474910715103e+09 1.358399999999999885e-01
1.477682475024271011e+09 1.358600000000000085e-01
1.477682475137787104e+09 1.359200000000000130e-01
1.477682475250391960e+09 1.359899999999999998e-01
1.477682475363905907e+09 1.359299999999999953e-01
1.477682475476428986e+09 1.358099999999999863e-01
1.477682475589021921e+09 1.358300000000000063e-01
1.477682475702528954e+09 1.359299999999999953e-01
1.477682475815015078e+09 1.359200000000000130e-01
1.477682475928550959e+09 1.359400000000000053e-01
1.477682476041239023e+09 1.358399999999999885e-01
1.477682476154742002e+09 1.359100000000000030e-01
1.477682476267323971e+09 1.358999999999999930e-01
1.477682476380760908e+09 1.358699999999999908e-01
1.477682476493320942e+09 1.358600000000000085e-01
1.477682476606966019e+09 1.358699999999999908e-01
1.477682476719396114e+09 1.360000000000000098e-01
1.477682476832859039e+09 1.358600000000000085e-01
1.477682476945456982e+09 1.359100000000000030e-01
1.477682477059111118e+09 1.358999999999999930e-01
1.477682477171529055e+09 1.358999999999999930e-01
1.477682477285151958e+09 1.358900000000000108e-01
1.477682477397603989e+09 1.359700000000000075e-01
1.477682477511152983e+09 1.358800000000000008e-01
1.477682477623460054e+09 1.358499999999999985e-01
1.477682477737272024e+09 1.358499999999999985e-01
1.477682477849751949e+09 1.358600000000000085e-01
1.477682477962284088e+09 1.359100000000000030e-01
1.477682478075982094e+09 1.359100000000000030e-01
1.477682478188409090e+09 1.358999999999999930e-01
1.477682478301914930e+09 1.359599999999999975e-01
1.477682478414589882e+09 1.359200000000000130e-01
1.477682478528101921e+09 1.358499999999999985e-01
1.477682478640690088e+09 1.358900000000000108e-01
1.477682478754090071e+09 1.358499999999999985e-01
1.477682478866652966e+09 1.359100000000000030e-01
1.477682478980119944e+09 1.359100000000000030e-01
1.477682479092936993e+09 1.358800000000000008e-01
1.477682479206326962e+09 1.358699999999999908e-01
1.477682479318787098e+09 1.358099999999999863e-01
1.477682479432394028e+09 1.358499999999999985e-01
1.477682479544859886e+09 1.359200000000000130e-01
1.477682479658411026e+09 1.358800000000000008e-01
1.477682479771070004e+09 1.359299999999999953e-01
1.477682479884546995e+09 1.359100000000000030e-01
1.477682479997138977e+09 1.358600000000000085e-01
1.477682480110651970e+09 1.359499999999999875e-01
1.477682480223089933e+09 1.359899999999999998e-01
1.477682480336786985e+09 1.358600000000000085e-01
1.477682480449155092e+09 1.359499999999999875e-01
1.477682480562665939e+09 1.358399999999999885e-01
1.477682480675129890e+09 1.359499999999999875e-01
1.477682480787687063e+09 1.358800000000000008e-01
1.477682480901331902e+09 1.359200000000000130e-01
1.477682481014856100e+09 1.359200000000000130e-01
1.477682481127573013e+09 1.359200000000000130e-01
