1.477684076164309978e+09 1.349400000000000044e-01
1.477684076269282103e+09 1.349799999999999889e-01
1.477684076382999897e+09 1.349200000000000121e-01
1.477684076495557070e+09 1.349899999999999989e-01
1.477684076608942986e+09 1.351400000000000101e-01
1.477684076721543074e+09 1.350200000000000011e-01
1.477684076835125923e+09 1.351100000000000079e-01
1.477684076947632074e+09 1.349299999999999944e-01
1.477684077061130047e+09 1.350000000000000089e-01
1.477684077173705101e+09 1.350600000000000134e-01
1.477684077287116051e+09 1.350000000000000089e-01
1.477684077399473906e+09 1.350600000000000134e-01
1.477684077513134003e+09 1.349100000000000021e-01
1.477684077625914097e+09 1.349599999999999966e-01
1.477684077739408970e+09 1.349700000000000066e-01
1.477684077851866961e+09 1.349899999999999989e-01
1.477684077965465069e+09 1.350800000000000056e-01
1.477684078077903986e+09 1.348699999999999899e-01
1.477684078190350056e+09 1.349799999999999889e-01
1.477684078303862095e+09 1.349799999999999889e-01
1.477684078417573929e+09 1.349499999999999866e-01
1.477684078530107021e+09 1.350200000000000011e-01
1.477684078642649889e+09 1.349599999999999966e-01
1.477684078756185055e+09 1.350200000000000011e-01
1.477684078869849920e+09 1.350000000000000089e-01
1.477684078982120991e+09 1.349499999999999866e-01
1.477684079094640017e+09 1.348799999999999999e-01
1.477684079208488941e+09 1.350200000000000011e-01
1.477684079321058035e+09 1.350300000000000111e-01
1.477684079434544086e+09 1.350500000000000034e-01
1.477684079547147036e+09 1.350200000000000011e-01
1.477684079660561085e+09 1.348999999999999921e-01
1.477684079773046970e+09 1.350200000000000011e-01
1.477684079886792898e+09 1.349700000000000066e-01
1.477684079999332905e+09 1.350300000000000111e-01
1.477684080112721920e+09 1.350099999999999911e-01
1.477684080225111008e+09 1.350399999999999934e-01
1.477684080338934898e+09 1.348600000000000076e-01
1.477684080451298952e+09 1.350200000000000011e-01
1.477684080564980984e+09 1.350500000000000034e-01
1.477684080677258968e+09 1.350500000000000034e-01
1.477684080791089058e+09 1.350000000000000089e-01
1.477684080903614998e+09 1.350300000000000111e-01
1.477684081016936064e+09 1.350500000000000034e-01
1.477684081129555941e+09 1.349100000000000021e-01
1.477684081243071079e+09 1.350200000000000011e-01
1.477684081355753899e+09 1.349400000000000044e-01
1.477684081469310045e+09 1.349700000000000066e-01
1.477684081581835985e+09 1.350200000000000011e-01
1.477684081694061995e+09 1.350399999999999934e-01
1.477684081807548046e+09 1.350699999999999956e-01
1.477684081920104027e+09 1.350899999999999879e-01
1.477684082034169912e+09 1.349899999999999989e-01
1.477684082146586895e+09 1.349799999999999889e-01
1.477684082259818077e+09 1.350200000000000011e-01
1.477684082372419119e+09 1.349899999999999989e-01
1.477684082485987902e+09 1.348799999999999999e-01
1.477684082598705053e+09 1.348499999999999976e-01
1.477684082712268114e+09 1.349700000000000066e-01
1.477684082824765921e+09 1.350600000000000134e-01
1.477684082938163996e+09 1.350500000000000034e-01
1.477684083050682068e+09 1.350699999999999956e-01
1.477684083164618015e+09 1.350800000000000056e-01
1.477684083276815891e+09 1.350399999999999934e-01
1.477684083390197992e+09 1.350399999999999934e-01
1.477684083502684116e+09 1.349899999999999989e-01
1.477684083616461992e+09 1.350999999999999979e-01
1.477684083728974104e+09 1.350600000000000134e-01
1.477684083842629910e+09 1.350099999999999911e-01
1.477684083955056906e+09 1.350099999999999911e-01
1.477684084068435907e+09 1.350000000000000089e-01
1.477684084181103945e+09 1.350500000000000034e-01
1.477684084294487953e+09 1.350099999999999911e-01
1.477684084408277988e+09 1.349499999999999866e-01
1.477684084519819021e+09 1.349599999999999966e-01
1.477684084633229971e+09 1.349599999999999966e-01
1.477684084746779919e+09 1.350000000000000089e-01
1.477684084859169006e+09 1.349400000000000044e-01
1.477684084971739054e+09 1.349200000000000121e-01
1.477684085085438013e+09 1.350099999999999911e-01
1.477684085198807001e+09 1.349899999999999989e-01
1.477684085311435938e+09 1.350399999999999934e-01
1.477684085424010038e+09 1.349799999999999889e-01
1.477684085537374973e+09 1.350300000000000111e-01
1.477684085650006056e+09 1.350399999999999934e-01
1.477684085763561964e+09 1.349899999999999989e-01
1.477684085876270056e+09 1.350099999999999911e-01
1.477684085989662886e+09 1.350200000000000011e-01
1.477684086102138042e+09 1.350200000000000011e-01
1.477684086215733051e+09 1.350800000000000056e-01
1.477684086328232050e+09 1.349599999999999966e-01
1.477684086441826105e+09 1.348999999999999921e-01
1.477684086554357052e+09 1.351100000000000079e-01
1.477684086667862892e+09 1.349100000000000021e-01
1.477684086780436993e+09 1.350399999999999934e-01
1.477684086893948078e+09 1.349299999999999944e-01
1.477684087006499052e+09 1.351300000000000001e-01
1.477684087120134115e+09 1.349599999999999966e-01
1.477684087232723951e+09 1.348999999999999921e-01
1.477684087346085072e+09 1.350000000000000089e-01
1.477684087458668947e+09 1.349700000000000066e-01
1.477684087572190046e+09 1.351100000000000079e-01
1.477684087684703112e+09 1.349400000000000044e-01
1.477684087798297882e+09 1.349299999999999944e-01
1.477684087910784960e+09 1.349599999999999966e-01
1.477684088024441957e+09 1.349899999999999989e-01
1.477684088137296915e+09 1.350000000000000089e-01
1.477684088250560999e+09 1.350800000000000056e-01
1.477684088363276005e+09 1.349799999999999889e-01
1.477684088476717949e+09 1.350399999999999934e-01
1.477684088589122057e+09 1.349599999999999966e-01
1.477684088701698065e+09 1.348799999999999999e-01
1.477684088815212965e+09 1.350099999999999911e-01
1.477684088927783012e+09 1.350500000000000034e-01
1.477684089041228056e+09 1.349400000000000044e-01
1.477684089153944016e+09 1.349899999999999989e-01
1.477684089267606974e+09 1.349899999999999989e-01
1.477684089379976034e+09 1.349200000000000121e-01
1.477684089493432999e+09 1.350500000000000034e-01
1.477684089606230974e+09 1.350500000000000034e-01
1.477684089719680071e+09 1.349799999999999889e-01
1.477684089832171917e+09 1.349799999999999889e-01
1.477684089945867062e+09 1.349799999999999889e-01
1.477684090058243990e+09 1.347800000000000109e-01
1.477684090171797037e+09 1.349400000000000044e-01
1.477684090284348965e+09 1.349899999999999989e-01
1.477684090397774935e+09 1.349100000000000021e-01
1.477684090510296106e+09 1.349799999999999889e-01
1.477684090623935938e+09 1.349899999999999989e-01
1.477684090736690044e+09 1.349599999999999966e-01
1.477684090850037098e+09 1.350600000000000134e-01
1.477684090962577105e+09 1.350300000000000111e-01
1.477684091075138092e+09 1.349799999999999889e-01
1.477684091188635111e+09 1.348999999999999921e-01
1.477684091301354885e+09 1.349599999999999966e-01
1.477684091414762974e+09 1.349799999999999889e-01
1.477684091528302908e+09 1.350699999999999956e-01
1.477684091640677929e+09 1.350500000000000034e-01
1.477684091753304958e+09 1.350200000000000011e-01
1.477684091866934061e+09 1.350300000000000111e-01
1.477684091979444981e+09 1.349299999999999944e-01
1.477684092092983007e+09 1.349499999999999866e-01
1.477684092205485106e+09 1.349599999999999966e-01
1.477684092319082975e+09 1.349299999999999944e-01
1.477684092431585073e+09 1.350500000000000034e-01
1.477684092544941902e+09 1.349799999999999889e-01
1.477684092657605886e+09 1.350999999999999979e-01
1.477684092771224022e+09 1.351100000000000079e-01
1.477684092883603096e+09 1.350099999999999911e-01
1.477684092997322083e+09 1.349400000000000044e-01
1.477684093109860897e+09 1.349599999999999966e-01
1.477684093223326921e+09 1.350300000000000111e-01
1.477684093335920095e+09 1.349200000000000121e-01
1.477684093449624062e+09 1.349899999999999989e-01
1.477684093561851978e+09 1.350500000000000034e-01
1.477684093675499916e+09 1.350300000000000111e-01
1.477684093787915945e+09 1.350600000000000134e-01
1.477684093901485920e+09 1.349799999999999889e-01
1.477684094014156103e+09 1.349499999999999866e-01
1.477684094127710104e+09 1.349799999999999889e-01
1.477684094240248919e+09 1.349100000000000021e-01
1.477684094353952885e+09 1.350000000000000089e-01
1.477684094466237068e+09 1.349700000000000066e-01
1.477684094579916000e+09 1.350399999999999934e-01
1.477684094692584991e+09 1.349100000000000021e-01
1.477684094805993080e+09 1.350399999999999934e-01
1.477684094918571949e+09 1.350800000000000056e-01
1.477684095031157017e+09 1.350500000000000034e-01
1.477684095144545078e+09 1.350200000000000011e-01
1.477684095258238077e+09 1.350399999999999934e-01
1.477684095370565891e+09 1.350200000000000011e-01
1.477684095483278990e+09 1.350000000000000089e-01
1.477684095596698999e+09 1.350200000000000011e-01
1.477684095709283113e+09 1.349899999999999989e-01
1.477684095822947025e+09 1.349700000000000066e-01
1.477684095935491085e+09 1.349499999999999866e-01
1.477684096048697948e+09 1.349700000000000066e-01
1.477684096161398888e+09 1.350500000000000034e-01
1.477684096274975061e+09 1.349599999999999966e-01
1.477684096387728930e+09 1.349599999999999966e-01
1.477684096500878096e+09 1.349899999999999989e-01
1.477684096613528967e+09 1.348900000000000099e-01
1.477684096727363110e+09 1.349799999999999889e-01
1.477684096839768887e+09 1.349700000000000066e-01
1.477684096953027010e+09 1.350699999999999956e-01
1.477684097065716028e+09 1.349400000000000044e-01
1.477684097179230928e+09 1.349899999999999989e-01
1.477684097292004108e+09 1.349200000000000121e-01
1.477684097404208899e+09 1.349799999999999889e-01
1.477684097517682076e+09 1.349299999999999944e-01
1.477684097630438089e+09 1.350000000000000089e-01
1.477684097743980885e+09 1.348600000000000076e-01
1.477684097856501102e+09 1.350500000000000034e-01
1.477684097970021963e+09 1.350000000000000089e-01
1.477684098082595110e+09 1.350000000000000089e-01
1.477684098196137905e+09 1.350500000000000034e-01
1.477684098308629990e+09 1.350500000000000034e-01
1.477684098422240019e+09 1.349599999999999966e-01
1.477684098534689903e+09 1.350000000000000089e-01
1.477684098648499012e+09 1.349799999999999889e-01
1.477684098761006117e+09 1.350899999999999879e-01
1.477684098874432087e+09 1.349700000000000066e-01
1.477684098986926079e+09 1.349200000000000121e-01
1.477684099100286961e+09 1.349799999999999889e-01
1.477684099212939024e+09 1.349799999999999889e-01
1.477684099326725960e+09 1.349700000000000066e-01
1.477684099438951969e+09 1.350200000000000011e-01
1.477684099552613020e+09 1.348799999999999999e-01
1.477684099665355921e+09 1.350300000000000111e-01
1.477684099778718948e+09 1.350500000000000034e-01
1.477684099891146898e+09 1.350500000000000034e-01
1.477684100004714012e+09 1.350399999999999934e-01
1.477684100117458105e+09 1.350800000000000056e-01
1.477684100230879068e+09 1.349899999999999989e-01
1.477684100343451977e+09 1.349700000000000066e-01
1.477684100456751108e+09 1.350200000000000011e-01
1.477684100569382906e+09 1.350899999999999879e-01
1.477684100682025909e+09 1.350800000000000056e-01
1.477684100795552969e+09 1.349700000000000066e-01
1.477684100908154964e+09 1.350500000000000034e-01
1.477684101021694899e+09 1.350000000000000089e-01
1.477684101134313107e+09 1.349499999999999866e-01
1.477684101247766018e+09 1.349400000000000044e-01
1.477684101360292912e+09 1.350200000000000011e-01
1.477684101473809958e+09 1.349799999999999889e-01
1.477684101586389065e+09 1.350999999999999979e-01
1.477684101699807882e+09 1.350399999999999934e-01
1.477684101812438011e+09 1.350600000000000134e-01
1.477684101926148891e+09 1.350399999999999934e-01
1.477684102038714886e+09 1.350500000000000034e-01
1.477684102152111053e+09 1.351199999999999901e-01
1.477684102264761925e+09 1.349400000000000044e-01
1.477684102378202915e+09 1.350300000000000111e-01
1.477684102490770102e+09 1.350000000000000089e-01
1.477684102604222059e+09 1.350300000000000111e-01
1.477684102716803074e+09 1.349700000000000066e-01
1.477684102830240965e+09 1.350000000000000089e-01
1.477684102942854881e+09 1.349899999999999989e-01
1.477684103056456089e+09 1.350600000000000134e-01
1.477684103168814898e+09 1.349299999999999944e-01
1.477684103282455921e+09 1.349200000000000121e-01
1.477684103395081043e+09 1.350300000000000111e-01
1.477684103508507013e+09 1.349899999999999989e-01
1.477684103621133089e+09 1.350699999999999956e-01
1.477684103733505964e+09 1.349299999999999944e-01
1.477684103847342014e+09 1.350200000000000011e-01
1.477684103959616899e+09 1.350399999999999934e-01
1.477684104073431015e+09 1.349400000000000044e-01
1.477684104185626984e+09 1.349299999999999944e-01
1.477684104299336910e+09 1.350500000000000034e-01
1.477684104411756992e+09 1.349400000000000044e-01
1.477684104525548935e+09 1.350399999999999934e-01
1.477684104638129950e+09 1.350399999999999934e-01
1.477684104751490116e+09 1.349200000000000121e-01
1.477684104864085913e+09 1.349899999999999989e-01
1.477684104977684975e+09 1.349599999999999966e-01
1.477684105090150118e+09 1.349899999999999989e-01
1.477684105203749895e+09 1.350000000000000089e-01
1.477684105316215992e+09 1.349899999999999989e-01
1.477684105429795980e+09 1.348799999999999999e-01
1.477684105542234898e+09 1.349899999999999989e-01
1.477684105655924082e+09 1.348799999999999999e-01
1.477684105768383980e+09 1.349599999999999966e-01
1.477684105881982088e+09 1.350300000000000111e-01
1.477684105994277000e+09 1.349599999999999966e-01
1.477684106108052969e+09 1.350500000000000034e-01
1.477684106220480919e+09 1.349100000000000021e-01
1.477684106334065914e+09 1.349799999999999889e-01
1.477684106446594000e+09 1.350500000000000034e-01
1.477684106560045958e+09 1.349499999999999866e-01
1.477684106672669888e+09 1.349299999999999944e-01
1.477684106786160946e+09 1.350099999999999911e-01
1.477684106898772001e+09 1.349799999999999889e-01
1.477684107011321068e+09 1.349400000000000044e-01
1.477684107124730110e+09 1.350099999999999911e-01
1.477684107237370014e+09 1.349100000000000021e-01
1.477684107350811005e+09 1.350300000000000111e-01
1.477684107463475943e+09 1.349499999999999866e-01
1.477684107577084064e+09 1.349700000000000066e-01
1.477684107689582109e+09 1.350200000000000011e-01
1.477684107803097010e+09 1.350099999999999911e-01
1.477684107916589022e+09 1.350000000000000089e-01
1.477684108029181957e+09 1.350600000000000134e-01
1.477684108141834974e+09 1.349899999999999989e-01
1.477684108255188942e+09 1.350200000000000011e-01
1.477684108368901014e+09 1.349400000000000044e-01
1.477684108481298923e+09 1.350099999999999911e-01
1.477684108593911886e+09 1.349499999999999866e-01
1.477684108707437992e+09 1.350000000000000089e-01
1.477684108821039915e+09 1.349899999999999989e-01
1.477684108933475018e+09 1.350600000000000134e-01
1.477684109046192884e+09 1.348699999999999899e-01
1.477684109158601046e+09 1.350800000000000056e-01
1.477684109273312092e+09 1.348799999999999999e-01
1.477684109385750055e+09 1.349700000000000066e-01
1.477684109498404026e+09 1.349899999999999989e-01
1.477684109610801935e+09 1.349700000000000066e-01
1.477684109724359989e+09 1.350699999999999956e-01
1.477684109837831020e+09 1.349499999999999866e-01
1.477684109950368881e+09 1.350200000000000011e-01
1.477684110062937021e+09 1.349599999999999966e-01
1.477684110176467896e+09 1.349100000000000021e-01
1.477684110289057970e+09 1.350999999999999979e-01
1.477684110402560949e+09 1.350800000000000056e-01
1.477684110515078068e+09 1.350200000000000011e-01
1.477684110628592968e+09 1.350600000000000134e-01
1.477684110741033077e+09 1.350699999999999956e-01
1.477684110854717016e+09 1.349599999999999966e-01
1.477684110967446089e+09 1.350600000000000134e-01
1.477684111080935001e+09 1.349599999999999966e-01
1.477684111193326950e+09 1.350000000000000089e-01
1.477684111306953907e+09 1.350300000000000111e-01
1.477684111419419050e+09 1.349299999999999944e-01
1.477684111532969952e+09 1.350600000000000134e-01
1.477684111645509005e+09 1.349200000000000121e-01
1.477684111759200096e+09 1.350500000000000034e-01
1.477684111871613979e+09 1.349799999999999889e-01
1.477684111985135078e+09 1.348900000000000099e-01
1.477684112097944975e+09 1.349700000000000066e-01
1.477684112211411953e+09 1.350600000000000134e-01
1.477684112323627949e+09 1.349799999999999889e-01
1.477684112437238932e+09 1.350099999999999911e-01
1.477684112549776077e+09 1.350899999999999879e-01
1.477684112662461042e+09 1.350200000000000011e-01
1.477684112775846004e+09 1.350300000000000111e-01
1.477684112889265060e+09 1.350200000000000011e-01
1.477684113002001047e+09 1.349499999999999866e-01
1.477684113115590096e+09 1.348999999999999921e-01
1.477684113228094101e+09 1.350000000000000089e-01
1.477684113340620041e+09 1.350500000000000034e-01
1.477684113454497099e+09 1.348900000000000099e-01
1.477684113566625118e+09 1.349700000000000066e-01
1.477684113680341005e+09 1.350500000000000034e-01
1.477684113792920113e+09 1.350399999999999934e-01
1.477684113906290054e+09 1.349100000000000021e-01
1.477684114018817902e+09 1.350600000000000134e-01
1.477684114132570982e+09 1.349700000000000066e-01
1.477684114244949102e+09 1.349899999999999989e-01
1.477684114358648062e+09 1.351199999999999901e-01
1.477684114470999956e+09 1.349400000000000044e-01
1.477684114584539890e+09 1.348900000000000099e-01
1.477684114697143078e+09 1.350200000000000011e-01
1.477684114810436964e+09 1.350399999999999934e-01
1.477684114923252106e+09 1.350200000000000011e-01
1.477684115036705017e+09 1.350000000000000089e-01
1.477684115149373055e+09 1.350099999999999911e-01
1.477684115262800932e+09 1.349799999999999889e-01
1.477684115375464916e+09 1.349799999999999889e-01
1.477684115488130093e+09 1.349799999999999889e-01
1.477684115601465940e+09 1.350300000000000111e-01
1.477684115715091944e+09 1.349899999999999989e-01
1.477684115827538013e+09 1.349599999999999966e-01
1.477684115940933943e+09 1.349799999999999889e-01
1.477684116053498030e+09 1.350099999999999911e-01
1.477684116167043924e+09 1.349700000000000066e-01
1.477684116279553890e+09 1.350300000000000111e-01
1.477684116391961098e+09 1.349599999999999966e-01
1.477684116506027937e+09 1.350699999999999956e-01
1.477684116618452072e+09 1.349400000000000044e-01
1.477684116731617928e+09 1.349400000000000044e-01
1.477684116844238997e+09 1.348399999999999876e-01
1.477684116957787037e+09 1.350500000000000034e-01
1.477684117070424080e+09 1.350000000000000089e-01
1.477684117183949947e+09 1.350500000000000034e-01
1.477684117296334028e+09 1.350800000000000056e-01
1.477684117409945965e+09 1.350200000000000011e-01
1.477684117522444010e+09 1.351400000000000101e-01
1.477684117636178970e+09 1.349599999999999966e-01
1.477684117748653889e+09 1.349100000000000021e-01
1.477684117862042904e+09 1.349899999999999989e-01
1.477684117974657059e+09 1.349799999999999889e-01
1.477684118088102102e+09 1.349700000000000066e-01
1.477684118200877905e+09 1.350399999999999934e-01
1.477684118314707041e+09 1.350399999999999934e-01
1.477684118426736116e+09 1.350099999999999911e-01
1.477684118540357113e+09 1.350399999999999934e-01
1.477684118652920961e+09 1.349799999999999889e-01
1.477684118766530037e+09 1.348799999999999999e-01
1.477684118878956079e+09 1.349799999999999889e-01
1.477684118992659092e+09 1.349499999999999866e-01
1.477684119105365038e+09 1.349499999999999866e-01
1.477684119217627048e+09 1.350099999999999911e-01
1.477684119331201077e+09 1.350600000000000134e-01
1.477684119443802118e+09 1.350000000000000089e-01
1.477684119557092905e+09 1.349100000000000021e-01
1.477684119669773102e+09 1.349200000000000121e-01
1.477684119783390045e+09 1.350300000000000111e-01
1.477684119895915985e+09 1.350399999999999934e-01
1.477684120009336948e+09 1.349400000000000044e-01
1.477684120121937037e+09 1.350200000000000011e-01
1.477684120235368013e+09 1.349700000000000066e-01
1.477684120347954035e+09 1.350399999999999934e-01
1.477684120461529970e+09 1.348900000000000099e-01
1.477684120574187040e+09 1.350500000000000034e-01
1.477684120687555075e+09 1.350800000000000056e-01
1.477684120800164938e+09 1.348699999999999899e-01
1.477684120913816929e+09 1.350000000000000089e-01
1.477684121026390076e+09 1.350300000000000111e-01
1.477684121139785051e+09 1.349700000000000066e-01
1.477684121252259016e+09 1.348999999999999921e-01
1.477684121365888119e+09 1.349700000000000066e-01
1.477684121478451014e+09 1.349799999999999889e-01
1.477684121592258930e+09 1.350300000000000111e-01
1.477684121704701900e+09 1.351400000000000101e-01
1.477684121816926003e+09 1.348799999999999999e-01
1.477684121930655003e+09 1.349799999999999889e-01
1.477684122044092894e+09 1.350200000000000011e-01
1.477684122156593084e+09 1.349899999999999989e-01
1.477684122269366980e+09 1.349499999999999866e-01
1.477684122382853985e+09 1.350000000000000089e-01
1.477684122495307922e+09 1.350500000000000034e-01
1.477684122609164953e+09 1.349499999999999866e-01
1.477684122721410990e+09 1.349400000000000044e-01
1.477684122835042000e+09 1.350300000000000111e-01
1.477684122947593927e+09 1.347800000000000109e-01
1.477684123060936928e+09 1.349700000000000066e-01
1.477684123173594952e+09 1.348799999999999999e-01
1.477684123287164927e+09 1.349299999999999944e-01
1.477684123399898052e+09 1.349700000000000066e-01
1.477684123513103008e+09 1.349700000000000066e-01
1.477684123625785112e+09 1.350300000000000111e-01
1.477684123739218950e+09 1.350300000000000111e-01
1.477684123851798058e+09 1.349799999999999889e-01
1.477684123965365887e+09 1.349599999999999966e-01
1.477684124078071117e+09 1.350200000000000011e-01
1.477684124191322088e+09 1.350000000000000089e-01
1.477684124303966999e+09 1.349799999999999889e-01
1.477684124417593002e+09 1.350099999999999911e-01
1.477684124530011892e+09 1.350099999999999911e-01
1.477684124643742085e+09 1.350300000000000111e-01
1.477684124756109953e+09 1.350200000000000011e-01
1.477684124868741035e+09 1.349200000000000121e-01
1.477684124982141018e+09 1.350200000000000011e-01
1.477684125095760107e+09 1.349899999999999989e-01
1.477684125208389044e+09 1.349200000000000121e-01
1.477684125321969032e+09 1.349400000000000044e-01
1.477684125434449911e+09 1.350000000000000089e-01
1.477684125547868967e+09 1.349799999999999889e-01
1.477684125660410881e+09 1.349700000000000066e-01
1.477684125773174047e+09 1.350399999999999934e-01
1.477684125886745930e+09 1.350000000000000089e-01
1.477684125999306917e+09 1.349799999999999889e-01
1.477684126112493992e+09 1.349899999999999989e-01
1.477684126225259066e+09 1.350000000000000089e-01
1.477684126338768959e+09 1.350500000000000034e-01
1.477684126451297998e+09 1.349299999999999944e-01
1.477684126564775944e+09 1.349899999999999989e-01
1.477684126677577972e+09 1.350300000000000111e-01
1.477684126791043043e+09 1.349299999999999944e-01
1.477684126903650045e+09 1.349100000000000021e-01
1.477684127017044067e+09 1.348799999999999999e-01
1.477684127129692078e+09 1.349299999999999944e-01
1.477684127243237019e+09 1.348399999999999876e-01
1.477684127356668949e+09 1.350099999999999911e-01
1.477684127469307899e+09 1.349299999999999944e-01
1.477684127581737995e+09 1.349400000000000044e-01
1.477684127695255995e+09 1.349899999999999989e-01
1.477684127807820082e+09 1.349499999999999866e-01
1.477684127921519041e+09 1.350200000000000011e-01
1.477684128033937931e+09 1.349599999999999966e-01
1.477684128147587061e+09 1.349700000000000066e-01
1.477684128260098934e+09 1.350200000000000011e-01
1.477684128372620106e+09 1.349599999999999966e-01
1.477684128486063957e+09 1.349100000000000021e-01
1.477684128598565102e+09 1.349299999999999944e-01
1.477684128712214947e+09 1.350300000000000111e-01
1.477684128824626923e+09 1.349400000000000044e-01
1.477684128938312054e+09 1.348999999999999921e-01
1.477684129050734997e+09 1.349299999999999944e-01
1.477684129164231062e+09 1.348199999999999954e-01
1.477684129276688099e+09 1.349200000000000121e-01
1.477684129390264034e+09 1.350399999999999934e-01
1.477684129502850056e+09 1.349799999999999889e-01
1.477684129616266012e+09 1.349700000000000066e-01
1.477684129729389906e+09 1.349200000000000121e-01
1.477684129842408895e+09 1.349200000000000121e-01
1.477684129955069065e+09 1.350699999999999956e-01
1.477684130068588972e+09 1.349400000000000044e-01
1.477684130181317091e+09 1.349499999999999866e-01
1.477684130294878006e+09 1.349100000000000021e-01
1.477684130407069921e+09 1.350099999999999911e-01
1.477684130520695925e+09 1.350800000000000056e-01
1.477684130633342981e+09 1.349499999999999866e-01
1.477684130745830059e+09 1.350500000000000034e-01
1.477684130859221935e+09 1.350899999999999879e-01
1.477684130973001003e+09 1.349400000000000044e-01
1.477684131085342884e+09 1.348699999999999899e-01
1.477684131197997093e+09 1.349499999999999866e-01
1.477684131311513901e+09 1.349299999999999944e-01
1.477684131425024986e+09 1.349299999999999944e-01
1.477684131537715912e+09 1.349100000000000021e-01
1.477684131650079012e+09 1.348799999999999999e-01
1.477684131763525963e+09 1.349700000000000066e-01
1.477684131877197981e+09 1.348699999999999899e-01
1.477684131989656925e+09 1.349400000000000044e-01
1.477684132102212906e+09 1.350500000000000034e-01
1.477684132215857983e+09 1.350399999999999934e-01
1.477684132328414917e+09 1.349400000000000044e-01
1.477684132441929102e+09 1.349200000000000121e-01
1.477684132554461956e+09 1.349899999999999989e-01
1.477684132667923927e+09 1.348999999999999921e-01
1.477684132780503988e+09 1.348799999999999999e-01
1.477684132894085884e+09 1.349799999999999889e-01
1.477684133006648064e+09 1.349599999999999966e-01
1.477684133120300055e+09 1.349899999999999989e-01
1.477684133232561111e+09 1.349499999999999866e-01
1.477684133346237898e+09 1.350300000000000111e-01
1.477684133458657026e+09 1.349499999999999866e-01
1.477684133572130919e+09 1.349200000000000121e-01
1.477684133684680939e+09 1.349799999999999889e-01
1.477684133798207998e+09 1.350699999999999956e-01
1.477684133910815954e+09 1.350000000000000089e-01
1.477684134024368048e+09 1.349499999999999866e-01
1.477684134136862993e+09 1.349700000000000066e-01
1.477684134250744104e+09 1.350300000000000111e-01
1.477684134363321066e+09 1.349299999999999944e-01
1.477684134476463079e+09 1.349200000000000121e-01
1.477684134589342117e+09 1.350200000000000011e-01
1.477684134702606916e+09 1.349599999999999966e-01
1.477684134815150976e+09 1.349100000000000021e-01
1.477684134927651882e+09 1.350000000000000089e-01
1.477684135041522026e+09 1.349799999999999889e-01
1.477684135153942108e+09 1.349400000000000044e-01
1.477684135267339945e+09 1.349899999999999989e-01
1.477684135380004883e+09 1.349200000000000121e-01
1.477684135493591070e+09 1.348900000000000099e-01
1.477684135606101036e+09 1.350699999999999956e-01
1.477684135719603062e+09 1.349299999999999944e-01
1.477684135832199097e+09 1.349899999999999989e-01
1.477684135945858955e+09 1.349799999999999889e-01
1.477684136058229923e+09 1.349599999999999966e-01
1.477684136171794891e+09 1.350200000000000011e-01
1.477684136284460068e+09 1.350600000000000134e-01
1.477684136397787094e+09 1.349400000000000044e-01
1.477684136510358095e+09 1.348799999999999999e-01
1.477684136623783112e+09 1.350000000000000089e-01
1.477684136736455917e+09 1.349499999999999866e-01
1.477684136849988937e+09 1.350099999999999911e-01
1.477684136962414026e+09 1.349499999999999866e-01
1.477684137074878931e+09 1.350200000000000011e-01
1.477684137188488960e+09 1.349499999999999866e-01
1.477684137302109957e+09 1.350300000000000111e-01
1.477684137414722919e+09 1.349700000000000066e-01
1.477684137527220011e+09 1.348900000000000099e-01
1.477684137640676975e+09 1.349200000000000121e-01
1.477684137754149914e+09 1.348999999999999921e-01
1.477684137866620064e+09 1.349400000000000044e-01
1.477684137979422092e+09 1.350000000000000089e-01
1.477684138092784882e+09 1.349200000000000121e-01
1.477684138206403971e+09 1.350600000000000134e-01
1.477684138319019079e+09 1.350600000000000134e-01
1.477684138431421041e+09 1.349200000000000121e-01
1.477684138544989109e+09 1.349599999999999966e-01
1.477684138658503056e+09 1.348799999999999999e-01
1.477684138771099091e+09 1.349299999999999944e-01
1.477684138883575916e+09 1.350300000000000111e-01
1.477684138997100115e+09 1.348799999999999999e-01
1.477684139110816002e+09 1.349200000000000121e-01
1.477684139223360062e+09 1.349100000000000021e-01
1.477684139335918903e+09 1.350500000000000034e-01
1.477684139449487925e+09 1.349499999999999866e-01
1.477684139562036991e+09 1.350000000000000089e-01
1.477684139675334930e+09 1.349700000000000066e-01
1.477684139787868977e+09 1.349499999999999866e-01
1.477684139902019978e+09 1.348799999999999999e-01
1.477684140014074087e+09 1.349499999999999866e-01
1.477684140127752066e+09 1.348799999999999999e-01
1.477684140240068913e+09 1.349899999999999989e-01
1.477684140353652954e+09 1.349599999999999966e-01
1.477684140466172934e+09 1.350500000000000034e-01
1.477684140578872919e+09 1.348499999999999976e-01
1.477684140692363024e+09 1.347899999999999932e-01
1.477684140804919004e+09 1.349599999999999966e-01
1.477684140918481112e+09 1.350000000000000089e-01
1.477684141031833887e+09 1.349400000000000044e-01
1.477684141144469976e+09 1.350500000000000034e-01
1.477684141257010937e+09 1.349499999999999866e-01
1.477684141370518923e+09 1.349700000000000066e-01
1.477684141483036995e+09 1.350500000000000034e-01
1.477684141596724033e+09 1.348900000000000099e-01
1.477684141709336042e+09 1.350200000000000011e-01
1.477684141822777987e+09 1.349899999999999989e-01
1.477684141935348034e+09 1.348699999999999899e-01
1.477684142048830032e+09 1.349400000000000044e-01
1.477684142161358118e+09 1.349200000000000121e-01
1.477684142274971008e+09 1.349499999999999866e-01
1.477684142387482882e+09 1.349400000000000044e-01
1.477684142500968933e+09 1.350200000000000011e-01
1.477684142613501072e+09 1.349700000000000066e-01
1.477684142726917982e+09 1.350399999999999934e-01
1.477684142839557886e+09 1.349799999999999889e-01
1.477684142953171968e+09 1.350000000000000089e-01
1.477684143065552950e+09 1.350000000000000089e-01
1.477684143179192066e+09 1.349499999999999866e-01
1.477684143291851997e+09 1.349599999999999966e-01
1.477684143405209064e+09 1.349799999999999889e-01
1.477684143517750025e+09 1.349100000000000021e-01
1.477684143631263971e+09 1.350200000000000011e-01
1.477684143743849993e+09 1.349299999999999944e-01
1.477684143857372046e+09 1.349899999999999989e-01
1.477684143970047951e+09 1.349100000000000021e-01
1.477684144082391024e+09 1.348900000000000099e-01
1.477684144196069002e+09 1.350000000000000089e-01
1.477684144308500051e+09 1.349700000000000066e-01
1.477684144422154903e+09 1.348900000000000099e-01
1.477684144534867048e+09 1.349200000000000121e-01
1.477684144648264885e+09 1.349100000000000021e-01
1.477684144760761976e+09 1.349599999999999966e-01
1.477684144874397039e+09 1.349899999999999989e-01
1.477684144987812042e+09 1.349700000000000066e-01
1.477684145100224972e+09 1.350399999999999934e-01
1.477684145212822914e+09 1.350000000000000089e-01
1.477684145326287031e+09 1.350500000000000034e-01
1.477684145438868999e+09 1.350200000000000011e-01
1.477684145552414894e+09 1.350600000000000134e-01
1.477684145665162086e+09 1.348699999999999899e-01
1.477684145778480053e+09 1.350300000000000111e-01
1.477684145891017914e+09 1.348399999999999876e-01
1.477684146004568100e+09 1.350200000000000011e-01
1.477684146117419958e+09 1.349799999999999889e-01
1.477684146230747938e+09 1.350500000000000034e-01
1.477684146343338966e+09 1.349499999999999866e-01
1.477684146456062078e+09 1.348900000000000099e-01
1.477684146569413900e+09 1.349499999999999866e-01
1.477684146683010101e+09 1.349200000000000121e-01
1.477684146795569897e+09 1.349499999999999866e-01
1.477684146908011913e+09 1.351100000000000079e-01
1.477684147021630049e+09 1.349100000000000021e-01
1.477684147135411024e+09 1.350000000000000089e-01
1.477684147247611046e+09 1.348900000000000099e-01
1.477684147360279083e+09 1.349700000000000066e-01
1.477684147473856926e+09 1.348600000000000076e-01
1.477684147586430073e+09 1.349200000000000121e-01
1.477684147699955940e+09 1.350500000000000034e-01
1.477684147812474966e+09 1.349200000000000121e-01
1.477684147925916910e+09 1.348799999999999999e-01
1.477684148038592100e+09 1.350000000000000089e-01
1.477684148152072906e+09 1.349200000000000121e-01
1.477684148264849901e+09 1.349599999999999966e-01
1.477684148378201008e+09 1.349700000000000066e-01
1.477684148490684032e+09 1.349700000000000066e-01
1.477684148604218006e+09 1.349499999999999866e-01
1.477684148716764927e+09 1.349200000000000121e-01
1.477684148830272913e+09 1.349100000000000021e-01
1.477684148942804098e+09 1.348900000000000099e-01
1.477684149056415081e+09 1.350300000000000111e-01
1.477684149168937922e+09 1.349599999999999966e-01
1.477684149282783985e+09 1.349299999999999944e-01
1.477684149394994020e+09 1.349100000000000021e-01
1.477684149508493900e+09 1.349899999999999989e-01
1.477684149621179104e+09 1.349400000000000044e-01
1.477684149734632969e+09 1.348499999999999976e-01
1.477684149847163916e+09 1.349499999999999866e-01
1.477684149959799051e+09 1.350300000000000111e-01
1.477684150073194027e+09 1.349299999999999944e-01
1.477684150185791969e+09 1.348799999999999999e-01
1.477684150299370050e+09 1.348699999999999899e-01
1.477684150412725925e+09 1.350099999999999911e-01
1.477684150525398016e+09 1.348699999999999899e-01
1.477684150637947083e+09 1.350699999999999956e-01
1.477684150751312017e+09 1.348799999999999999e-01
1.477684150863975048e+09 1.350000000000000089e-01
1.477684150977580070e+09 1.349599999999999966e-01
1.477684151090060949e+09 1.349899999999999989e-01
1.477684151203727961e+09 1.348999999999999921e-01
1.477684151317267895e+09 1.349599999999999966e-01
1.477684151429923058e+09 1.349499999999999866e-01
1.477684151542318106e+09 1.351400000000000101e-01
1.477684151655833006e+09 1.349400000000000044e-01
1.477684151768533945e+09 1.348600000000000076e-01
1.477684151881957054e+09 1.349700000000000066e-01
1.477684151994303942e+09 1.350099999999999911e-01
1.477684152107961893e+09 1.348900000000000099e-01
1.477684152221534014e+09 1.349700000000000066e-01
1.477684152334109068e+09 1.348699999999999899e-01
1.477684152446624041e+09 1.348600000000000076e-01
1.477684152560178041e+09 1.349400000000000044e-01
1.477684152672689915e+09 1.350000000000000089e-01
1.477684152785257101e+09 1.350000000000000089e-01
1.477684152898786068e+09 1.348399999999999876e-01
1.477684153012331009e+09 1.350600000000000134e-01
1.477684153125063896e+09 1.350500000000000034e-01
1.477684153238388062e+09 1.350300000000000111e-01
1.477684153350951910e+09 1.349700000000000066e-01
1.477684153463515043e+09 1.350099999999999911e-01
1.477684153577033043e+09 1.349400000000000044e-01
1.477684153689593077e+09 1.348999999999999921e-01
1.477684153803138971e+09 1.349100000000000021e-01
1.477684153915581942e+09 1.348699999999999899e-01
1.477684154029217005e+09 1.349599999999999966e-01
1.477684154141802073e+09 1.349700000000000066e-01
1.477684154255299091e+09 1.350800000000000056e-01
1.477684154367660999e+09 1.350099999999999911e-01
1.477684154481168032e+09 1.349400000000000044e-01
1.477684154593795061e+09 1.348199999999999954e-01
1.477684154707339048e+09 1.349299999999999944e-01
1.477684154819883108e+09 1.350399999999999934e-01
1.477684154933371067e+09 1.349799999999999889e-01
1.477684155046070099e+09 1.349400000000000044e-01
1.477684155159622908e+09 1.349299999999999944e-01
1.477684155272361994e+09 1.348999999999999921e-01
1.477684155385972023e+09 1.350099999999999911e-01
1.477684155498224974e+09 1.349100000000000021e-01
1.477684155611618996e+09 1.348000000000000032e-01
1.477684155724257946e+09 1.349599999999999966e-01
1.477684155837946892e+09 1.348999999999999921e-01
1.477684155950352907e+09 1.349599999999999966e-01
1.477684156063904047e+09 1.350300000000000111e-01
1.477684156176472902e+09 1.349700000000000066e-01
1.477684156289936066e+09 1.349200000000000121e-01
1.477684156402667046e+09 1.349400000000000044e-01
1.477684156516105890e+09 1.349200000000000121e-01
1.477684156628638983e+09 1.349499999999999866e-01
1.477684156741228104e+09 1.349400000000000044e-01
1.477684156854660988e+09 1.348600000000000076e-01
1.477684156967300892e+09 1.350200000000000011e-01
1.477684157080852032e+09 1.349299999999999944e-01
1.477684157193243027e+09 1.349799999999999889e-01
1.477684157306947947e+09 1.349400000000000044e-01
1.477684157419461012e+09 1.350099999999999911e-01
1.477684157532818079e+09 1.349400000000000044e-01
1.477684157645555019e+09 1.350000000000000089e-01
1.477684157759006977e+09 1.349299999999999944e-01
1.477684157871453047e+09 1.349400000000000044e-01
1.477684157985219002e+09 1.350500000000000034e-01
1.477684158097843885e+09 1.349599999999999966e-01
1.477684158211426020e+09 1.349499999999999866e-01
1.477684158323774099e+09 1.349299999999999944e-01
1.477684158437328100e+09 1.349299999999999944e-01
1.477684158549887896e+09 1.350000000000000089e-01
1.477684158663472891e+09 1.349499999999999866e-01
1.477684158775934935e+09 1.349700000000000066e-01
1.477684158889297962e+09 1.350200000000000011e-01
1.477684159002039909e+09 1.349400000000000044e-01
1.477684159115576029e+09 1.348900000000000099e-01
1.477684159228218079e+09 1.349700000000000066e-01
1.477684159341620922e+09 1.349899999999999989e-01
1.477684159454058886e+09 1.348799999999999999e-01
1.477684159566565990e+09 1.349200000000000121e-01
1.477684159680172920e+09 1.350099999999999911e-01
1.477684159792661905e+09 1.349499999999999866e-01
1.477684159906394005e+09 1.348399999999999876e-01
1.477684160018776894e+09 1.350399999999999934e-01
1.477684160132330894e+09 1.349700000000000066e-01
1.477684160246042967e+09 1.349700000000000066e-01
1.477684160358639956e+09 1.349799999999999889e-01
1.477684160470998049e+09 1.350000000000000089e-01
1.477684160584434986e+09 1.349799999999999889e-01
1.477684160697007895e+09 1.350200000000000011e-01
1.477684160810568094e+09 1.349899999999999989e-01
1.477684160923268080e+09 1.350200000000000011e-01
1.477684161036561966e+09 1.348300000000000054e-01
1.477684161150480986e+09 1.348900000000000099e-01
1.477684161262972116e+09 1.349499999999999866e-01
1.477684161375381947e+09 1.349299999999999944e-01
1.477684161489043951e+09 1.349100000000000021e-01
1.477684161601480007e+09 1.350500000000000034e-01
1.477684161715032101e+09 1.350200000000000011e-01
1.477684161827564001e+09 1.348999999999999921e-01
1.477684161941126108e+09 1.350099999999999911e-01
1.477684162053518057e+09 1.350300000000000111e-01
1.477684162167238951e+09 1.348699999999999899e-01
1.477684162279774904e+09 1.348499999999999976e-01
1.477684162393305063e+09 1.349400000000000044e-01
1.477684162505784035e+09 1.349400000000000044e-01
1.477684162618443966e+09 1.350399999999999934e-01
1.477684162731821060e+09 1.349299999999999944e-01
1.477684162844491005e+09 1.350099999999999911e-01
1.477684162957988024e+09 1.350099999999999911e-01
1.477684163070333958e+09 1.349700000000000066e-01
1.477684163184017897e+09 1.349499999999999866e-01
1.477684163296518087e+09 1.349299999999999944e-01
1.477684163410319090e+09 1.349400000000000044e-01
1.477684163522753000e+09 1.349499999999999866e-01
1.477684163636409044e+09 1.349499999999999866e-01
1.477684163748725891e+09 1.349400000000000044e-01
1.477684163862330914e+09 1.349100000000000021e-01
1.477684163974809885e+09 1.350399999999999934e-01
1.477684164088458061e+09 1.349899999999999989e-01
1.477684164201103926e+09 1.350500000000000034e-01
1.477684164314697027e+09 1.348900000000000099e-01
1.477684164427045107e+09 1.348699999999999899e-01
1.477684164540580988e+09 1.349799999999999889e-01
1.477684164653075933e+09 1.348699999999999899e-01
1.477684164767041922e+09 1.349400000000000044e-01
1.477684164879009008e+09 1.348799999999999999e-01
1.477684164992723942e+09 1.348900000000000099e-01
1.477684165105606079e+09 1.349299999999999944e-01
1.477684165218643904e+09 1.349599999999999966e-01
1.477684165331429005e+09 1.350600000000000134e-01
1.477684165444961071e+09 1.348300000000000054e-01
1.477684165557451963e+09 1.349799999999999889e-01
1.477684165670099020e+09 1.350200000000000011e-01
1.477684165783545971e+09 1.349100000000000021e-01
1.477684165896004915e+09 1.350099999999999911e-01
1.477684166009754896e+09 1.349799999999999889e-01
1.477684166122122049e+09 1.349599999999999966e-01
1.477684166235929012e+09 1.350399999999999934e-01
1.477684166348201990e+09 1.349599999999999966e-01
1.477684166462050915e+09 1.350300000000000111e-01
1.477684166574306011e+09 1.348199999999999954e-01
1.477684166687911987e+09 1.348999999999999921e-01
1.477684166800584078e+09 1.350000000000000089e-01
1.477684166913793087e+09 1.348900000000000099e-01
1.477684167026340008e+09 1.349700000000000066e-01
1.477684167139923096e+09 1.349200000000000121e-01
1.477684167252559900e+09 1.350300000000000111e-01
1.477684167366141081e+09 1.350000000000000089e-01
1.477684167478724957e+09 1.350200000000000011e-01
1.477684167592279911e+09 1.349700000000000066e-01
1.477684167704853058e+09 1.348999999999999921e-01
1.477684167818276882e+09 1.349499999999999866e-01
1.477684167931890965e+09 1.350000000000000089e-01
1.477684168043549061e+09 1.349499999999999866e-01
1.477684168156903028e+09 1.348399999999999876e-01
1.477684168270667076e+09 1.348100000000000132e-01
1.477684168383873940e+09 1.349899999999999989e-01
1.477684168495393991e+09 1.349799999999999889e-01
1.477684168608880997e+09 1.350899999999999879e-01
1.477684168722695112e+09 1.349899999999999989e-01
1.477684168835058928e+09 1.349499999999999866e-01
1.477684168947802067e+09 1.350000000000000089e-01
1.477684169061115026e+09 1.349400000000000044e-01
1.477684169173791885e+09 1.348999999999999921e-01
1.477684169287506104e+09 1.350300000000000111e-01
1.477684169400002003e+09 1.348999999999999921e-01
1.477684169513295889e+09 1.349700000000000066e-01
1.477684169625921965e+09 1.349799999999999889e-01
1.477684169739487886e+09 1.349899999999999989e-01
1.477684169852157116e+09 1.349299999999999944e-01
1.477684169965671062e+09 1.350899999999999879e-01
1.477684170078031063e+09 1.348699999999999899e-01
1.477684170191602945e+09 1.348699999999999899e-01
1.477684170304105043e+09 1.349799999999999889e-01
1.477684170417583942e+09 1.349100000000000021e-01
1.477684170530101061e+09 1.349299999999999944e-01
1.477684170643790960e+09 1.350800000000000056e-01
1.477684170756206989e+09 1.349200000000000121e-01
1.477684170869771004e+09 1.349200000000000121e-01
1.477684170982271910e+09 1.349599999999999966e-01
1.477684171095995903e+09 1.350000000000000089e-01
1.477684171208369017e+09 1.349499999999999866e-01
1.477684171322125912e+09 1.350399999999999934e-01
1.477684171434607983e+09 1.348900000000000099e-01
1.477684171548180103e+09 1.349400000000000044e-01
1.477684171660540104e+09 1.350099999999999911e-01
1.477684171774063110e+09 1.349599999999999966e-01
1.477684171886981964e+09 1.348999999999999921e-01
1.477684172000356913e+09 1.348600000000000076e-01
1.477684172113079071e+09 1.350800000000000056e-01
1.477684172225359917e+09 1.348900000000000099e-01
1.477684172339018106e+09 1.348799999999999999e-01
1.477684172452502966e+09 1.350300000000000111e-01
1.477684172565166950e+09 1.349200000000000121e-01
1.477684172677587986e+09 1.349200000000000121e-01
1.477684172791260958e+09 1.348900000000000099e-01
1.477684172904658079e+09 1.350500000000000034e-01
1.477684173016973019e+09 1.349100000000000021e-01
1.477684173129574060e+09 1.349299999999999944e-01
1.477684173243412971e+09 1.349100000000000021e-01
1.477684173355741024e+09 1.350399999999999934e-01
1.477684173469501972e+09 1.348999999999999921e-01
1.477684173582089901e+09 1.349299999999999944e-01
1.477684173695385933e+09 1.348199999999999954e-01
1.477684173808043003e+09 1.349200000000000121e-01
1.477684173921741009e+09 1.348199999999999954e-01
1.477684174034003973e+09 1.349899999999999989e-01
1.477684174147644043e+09 1.348699999999999899e-01
1.477684174261159897e+09 1.349499999999999866e-01
1.477684174372726917e+09 1.348900000000000099e-01
1.477684174486397982e+09 1.349400000000000044e-01
1.477684174599720001e+09 1.349100000000000021e-01
1.477684174712497950e+09 1.350300000000000111e-01
1.477684174824976921e+09 1.349799999999999889e-01
1.477684174938380003e+09 1.350000000000000089e-01
1.477684175050934076e+09 1.349400000000000044e-01
1.477684175164340019e+09 1.349400000000000044e-01
1.477684175276964903e+09 1.349299999999999944e-01
1.477684175390470982e+09 1.349599999999999966e-01
1.477684175502957106e+09 1.349400000000000044e-01
1.477684175616517067e+09 1.348900000000000099e-01
1.477684175729151011e+09 1.350200000000000011e-01
1.477684175842523098e+09 1.349700000000000066e-01
1.477684175955297947e+09 1.350200000000000011e-01
1.477684176068802118e+09 1.350099999999999911e-01
1.477684176181324959e+09 1.349599999999999966e-01
1.477684176294939041e+09 1.350800000000000056e-01
1.477684176407298088e+09 1.350000000000000089e-01
1.477684176521025896e+09 1.349299999999999944e-01
1.477684176633459091e+09 1.349700000000000066e-01
1.477684176747006893e+09 1.348600000000000076e-01
1.477684176859595060e+09 1.349100000000000021e-01
1.477684176973079920e+09 1.348699999999999899e-01
1.477684177085644960e+09 1.349799999999999889e-01
1.477684177199223042e+09 1.349400000000000044e-01
1.477684177311888933e+09 1.349200000000000121e-01
1.477684177425177097e+09 1.348499999999999976e-01
1.477684177538042068e+09 1.349100000000000021e-01
1.477684177651411057e+09 1.349499999999999866e-01
1.477684177763890028e+09 1.348900000000000099e-01
1.477684177877482891e+09 1.349700000000000066e-01
1.477684177990009069e+09 1.348900000000000099e-01
1.477684178103545904e+09 1.350899999999999879e-01
1.477684178216110945e+09 1.350999999999999979e-01
1.477684178329739094e+09 1.347399999999999987e-01
1.477684178442019939e+09 1.350200000000000011e-01
1.477684178554862022e+09 1.349499999999999866e-01
1.477684178668380022e+09 1.349599999999999966e-01
1.477684178780942917e+09 1.350800000000000056e-01
1.477684178894418001e+09 1.348799999999999999e-01
1.477684179006819963e+09 1.349499999999999866e-01
1.477684179120312929e+09 1.349400000000000044e-01
1.477684179233119965e+09 1.348799999999999999e-01
1.477684179346369028e+09 1.350899999999999879e-01
1.477684179459372044e+09 1.349700000000000066e-01
1.477684179572721004e+09 1.349899999999999989e-01
1.477684179685298920e+09 1.349899999999999989e-01
1.477684179798656940e+09 1.348900000000000099e-01
1.477684179911469936e+09 1.349700000000000066e-01
1.477684180024739981e+09 1.348699999999999899e-01
1.477684180137300014e+09 1.349799999999999889e-01
1.477684180250655890e+09 1.349100000000000021e-01
1.477684180363372087e+09 1.349899999999999989e-01
1.477684180476943970e+09 1.349799999999999889e-01
1.477684180589586973e+09 1.349299999999999944e-01
1.477684180703035116e+09 1.348300000000000054e-01
1.477684180815473080e+09 1.349100000000000021e-01
1.477684180928963900e+09 1.350000000000000089e-01
1.477684181041563988e+09 1.349100000000000021e-01
1.477684181154180050e+09 1.350600000000000134e-01
1.477684181267679930e+09 1.349100000000000021e-01
1.477684181380103111e+09 1.350099999999999911e-01
1.477684181493789911e+09 1.349700000000000066e-01
1.477684181606112003e+09 1.349599999999999966e-01
1.477684181719743013e+09 1.350200000000000011e-01
1.477684181832401037e+09 1.349599999999999966e-01
1.477684181945957899e+09 1.350000000000000089e-01
1.477684182058490038e+09 1.349700000000000066e-01
1.477684182172000885e+09 1.348699999999999899e-01
1.477684182284462929e+09 1.349700000000000066e-01
1.477684182398046017e+09 1.349599999999999966e-01
1.477684182510575056e+09 1.348999999999999921e-01
1.477684182624214888e+09 1.349899999999999989e-01
1.477684182736723900e+09 1.349499999999999866e-01
1.477684182850311041e+09 1.349200000000000121e-01
1.477684182962905884e+09 1.350000000000000089e-01
1.477684183076518059e+09 1.348999999999999921e-01
1.477684183189112902e+09 1.349200000000000121e-01
1.477684183302516937e+09 1.348999999999999921e-01
1.477684183415007114e+09 1.349799999999999889e-01
1.477684183528618097e+09 1.350999999999999979e-01
1.477684183641278982e+09 1.349599999999999966e-01
1.477684183754761934e+09 1.350000000000000089e-01
1.477684183867192030e+09 1.349299999999999944e-01
1.477684183980678082e+09 1.348600000000000076e-01
1.477684184093370914e+09 1.350099999999999911e-01
1.477684184206721067e+09 1.349400000000000044e-01
1.477684184319122076e+09 1.349899999999999989e-01
1.477684184432862043e+09 1.349100000000000021e-01
1.477684184545394897e+09 1.349100000000000021e-01
1.477684184658929110e+09 1.349200000000000121e-01
1.477684184771455050e+09 1.349599999999999966e-01
1.477684184884016991e+09 1.349200000000000121e-01
1.477684184997627974e+09 1.349799999999999889e-01
1.477684185111018896e+09 1.349400000000000044e-01
1.477684185223553896e+09 1.348900000000000099e-01
1.477684185336170912e+09 1.348600000000000076e-01
1.477684185449671030e+09 1.349799999999999889e-01
1.477684185563210011e+09 1.349400000000000044e-01
1.477684185675822020e+09 1.348699999999999899e-01
1.477684185788301945e+09 1.348799999999999999e-01
1.477684185901890993e+09 1.349599999999999966e-01
1.477684186014466047e+09 1.348900000000000099e-01
1.477684186127851009e+09 1.349799999999999889e-01
1.477684186240484953e+09 1.348999999999999921e-01
1.477684186354175091e+09 1.349799999999999889e-01
1.477684186466567039e+09 1.349700000000000066e-01
1.477684186580110073e+09 1.349400000000000044e-01
1.477684186692482948e+09 1.349499999999999866e-01
1.477684186806263924e+09 1.349700000000000066e-01
1.477684186919914007e+09 1.349799999999999889e-01
1.477684187032304049e+09 1.348699999999999899e-01
1.477684187144769907e+09 1.348900000000000099e-01
1.477684187258548975e+09 1.348000000000000032e-01
1.477684187370830059e+09 1.348600000000000076e-01
1.477684187483629942e+09 1.349799999999999889e-01
1.477684187596828938e+09 1.349899999999999989e-01
1.477684187709724903e+09 1.348900000000000099e-01
1.477684187823168993e+09 1.349499999999999866e-01
1.477684187935878038e+09 1.348199999999999954e-01
1.477684188049312115e+09 1.350099999999999911e-01
1.477684188161715984e+09 1.349100000000000021e-01
1.477684188275310040e+09 1.349899999999999989e-01
1.477684188387872934e+09 1.349899999999999989e-01
1.477684188501451969e+09 1.349700000000000066e-01
1.477684188613888025e+09 1.349200000000000121e-01
1.477684188727294922e+09 1.349400000000000044e-01
1.477684188840061903e+09 1.349599999999999966e-01
1.477684188953689098e+09 1.348799999999999999e-01
1.477684189066107035e+09 1.348900000000000099e-01
