1.477683740805728912e+09 1.352700000000000014e-01
1.477683740931608915e+09 1.352800000000000114e-01
1.477683741044045925e+09 1.352899999999999936e-01
1.477683741157660961e+09 1.351799999999999946e-01
1.477683741270348072e+09 1.351100000000000079e-01
1.477683741383703947e+09 1.351300000000000001e-01
1.477683741497339010e+09 1.352899999999999936e-01
1.477683741609719992e+09 1.351300000000000001e-01
1.477683741722281933e+09 1.352800000000000114e-01
1.477683741835827112e+09 1.353399999999999881e-01
1.477683741949369907e+09 1.352399999999999991e-01
1.477683742061925888e+09 1.352399999999999991e-01
1.477683742174407959e+09 1.352299999999999891e-01
1.477683742288125992e+09 1.352899999999999936e-01
1.477683742400512934e+09 1.353000000000000036e-01
1.477683742514045000e+09 1.353300000000000058e-01
1.477683742626393080e+09 1.353499999999999981e-01
1.477683742739954948e+09 1.352500000000000091e-01
1.477683742852669954e+09 1.352599999999999913e-01
1.477683742966317892e+09 1.352200000000000069e-01
1.477683743078787088e+09 1.351900000000000046e-01
1.477683743192137003e+09 1.352599999999999913e-01
1.477683743304733038e+09 1.352500000000000091e-01
1.477683743417244911e+09 1.352200000000000069e-01
1.477683743530786037e+09 1.352299999999999891e-01
1.477683743644426107e+09 1.351799999999999946e-01
1.477683743757100105e+09 1.352299999999999891e-01
1.477683743869543076e+09 1.351799999999999946e-01
1.477683743983170033e+09 1.353100000000000136e-01
1.477683744095670938e+09 1.353000000000000036e-01
1.477683744209506989e+09 1.351999999999999869e-01
1.477683744321713924e+09 1.352399999999999991e-01
1.477683744435410023e+09 1.352399999999999991e-01
1.477683744547734976e+09 1.354299999999999948e-01
1.477683744661371946e+09 1.351900000000000046e-01
1.477683744773708105e+09 1.352500000000000091e-01
1.477683744887290001e+09 1.353100000000000136e-01
1.477683744999926090e+09 1.353199999999999958e-01
1.477683745113487005e+09 1.352200000000000069e-01
1.477683745226037979e+09 1.352399999999999991e-01
1.477683745339499950e+09 1.351900000000000046e-01
1.477683745452244997e+09 1.352099999999999969e-01
1.477683745565680027e+09 1.352299999999999891e-01
1.477683745678311110e+09 1.352700000000000014e-01
1.477683745791748047e+09 1.351799999999999946e-01
1.477683745904462099e+09 1.352700000000000014e-01
1.477683746017793894e+09 1.352399999999999991e-01
1.477683746130337954e+09 1.352700000000000014e-01
1.477683746244107008e+09 1.352899999999999936e-01
1.477683746356455088e+09 1.352599999999999913e-01
1.477683746469997883e+09 1.352500000000000091e-01
1.477683746582374096e+09 1.351600000000000024e-01
1.477683746694880962e+09 1.352599999999999913e-01
1.477683746808605909e+09 1.351900000000000046e-01
1.477683746921188116e+09 1.351300000000000001e-01
1.477683747035001040e+09 1.353600000000000081e-01
1.477683747147392035e+09 1.351799999999999946e-01
1.477683747260788918e+09 1.352200000000000069e-01
1.477683747373342991e+09 1.353000000000000036e-01
1.477683747487031937e+09 1.352599999999999913e-01
1.477683747599541903e+09 1.351999999999999869e-01
1.477683747713115931e+09 1.352099999999999969e-01
1.477683747825407982e+09 1.352200000000000069e-01
1.477683747939230919e+09 1.353000000000000036e-01
1.477683748051636934e+09 1.351900000000000046e-01
1.477683748165287018e+09 1.352899999999999936e-01
1.477683748278779030e+09 1.351400000000000101e-01
1.477683748391089916e+09 1.353300000000000058e-01
1.477683748503925085e+09 1.352299999999999891e-01
1.477683748617412090e+09 1.352700000000000014e-01
1.477683748729820013e+09 1.353000000000000036e-01
1.477683748843427896e+09 1.352500000000000091e-01
1.477683748956110954e+09 1.352500000000000091e-01
1.477683749069655895e+09 1.353300000000000058e-01
1.477683749183183908e+09 1.353000000000000036e-01
1.477683749295392990e+09 1.352099999999999969e-01
1.477683749408041000e+09 1.353300000000000058e-01
1.477683749521646023e+09 1.351999999999999869e-01
1.477683749634236097e+09 1.352899999999999936e-01
1.477683749746701956e+09 1.352800000000000114e-01
1.477683749860188961e+09 1.352399999999999991e-01
1.477683749973808050e+09 1.352399999999999991e-01
1.477683750086354017e+09 1.352200000000000069e-01
1.477683750198812962e+09 1.353300000000000058e-01
1.477683750312237024e+09 1.352899999999999936e-01
1.477683750424949884e+09 1.351799999999999946e-01
1.477683750538518906e+09 1.352299999999999891e-01
1.477683750651151896e+09 1.352500000000000091e-01
1.477683750764729023e+09 1.352800000000000114e-01
1.477683750876929045e+09 1.352200000000000069e-01
1.477683750990681887e+09 1.352800000000000114e-01
1.477683751103374958e+09 1.351900000000000046e-01
1.477683751216777086e+09 1.352500000000000091e-01
1.477683751329325914e+09 1.351300000000000001e-01
1.477683751442581892e+09 1.353699999999999903e-01
1.477683751555407047e+09 1.352700000000000014e-01
1.477683751668976068e+09 1.353999999999999926e-01
1.477683751781318903e+09 1.352700000000000014e-01
1.477683751894939899e+09 1.353499999999999981e-01
1.477683752007487059e+09 1.352800000000000114e-01
1.477683752121176958e+09 1.351600000000000024e-01
1.477683752233906031e+09 1.352200000000000069e-01
1.477683752347172022e+09 1.352200000000000069e-01
1.477683752459825993e+09 1.351999999999999869e-01
1.477683752573378086e+09 1.352299999999999891e-01
1.477683752685714006e+09 1.352399999999999991e-01
1.477683752799313068e+09 1.352500000000000091e-01
1.477683752911868095e+09 1.351499999999999924e-01
1.477683753024430990e+09 1.352899999999999936e-01
1.477683753137789011e+09 1.353999999999999926e-01
1.477683753250498056e+09 1.351400000000000101e-01
1.477683753364094973e+09 1.352700000000000014e-01
1.477683753476555109e+09 1.352399999999999991e-01
1.477683753590137959e+09 1.352399999999999991e-01
1.477683753702850103e+09 1.352200000000000069e-01
1.477683753816154003e+09 1.352800000000000114e-01
1.477683753928611994e+09 1.353399999999999881e-01
1.477683754042249918e+09 1.352299999999999891e-01
1.477683754154799938e+09 1.352899999999999936e-01
1.477683754268307924e+09 1.353000000000000036e-01
1.477683754380650043e+09 1.351799999999999946e-01
1.477683754494441032e+09 1.352500000000000091e-01
1.477683754606776953e+09 1.352299999999999891e-01
1.477683754720405102e+09 1.352599999999999913e-01
1.477683754832998991e+09 1.352099999999999969e-01
1.477683754946577072e+09 1.352500000000000091e-01
1.477683755059293032e+09 1.352500000000000091e-01
1.477683755171524048e+09 1.352099999999999969e-01
1.477683755285243034e+09 1.352700000000000014e-01
1.477683755398813963e+09 1.351499999999999924e-01
1.477683755512250900e+09 1.352299999999999891e-01
1.477683755623610973e+09 1.352399999999999991e-01
1.477683755737298965e+09 1.351199999999999901e-01
1.477683755850819111e+09 1.351999999999999869e-01
1.477683755963548899e+09 1.351999999999999869e-01
1.477683756075932026e+09 1.351999999999999869e-01
1.477683756189619064e+09 1.351700000000000124e-01
1.477683756302074909e+09 1.352099999999999969e-01
1.477683756415628910e+09 1.353100000000000136e-01
1.477683756528222084e+09 1.353499999999999981e-01
1.477683756641808033e+09 1.351700000000000124e-01
1.477683756754231930e+09 1.352899999999999936e-01
1.477683756867697001e+09 1.352099999999999969e-01
1.477683756980298996e+09 1.352800000000000114e-01
1.477683757093898058e+09 1.352500000000000091e-01
1.477683757206373930e+09 1.351799999999999946e-01
1.477683757319868088e+09 1.352399999999999991e-01
1.477683757432436943e+09 1.353000000000000036e-01
1.477683757545993090e+09 1.352399999999999991e-01
1.477683757658571959e+09 1.352700000000000014e-01
1.477683757772044897e+09 1.352099999999999969e-01
1.477683757884658098e+09 1.352599999999999913e-01
1.477683757998238087e+09 1.351900000000000046e-01
1.477683758110831976e+09 1.352800000000000114e-01
1.477683758224307060e+09 1.352800000000000114e-01
1.477683758336850882e+09 1.352599999999999913e-01
1.477683758450263023e+09 1.351900000000000046e-01
1.477683758562838078e+09 1.353100000000000136e-01
1.477683758676645041e+09 1.352299999999999891e-01
1.477683758788897038e+09 1.351900000000000046e-01
1.477683758902498960e+09 1.352899999999999936e-01
1.477683759015043020e+09 1.351999999999999869e-01
1.477683759128607035e+09 1.351799999999999946e-01
1.477683759241316080e+09 1.353499999999999981e-01
1.477683759354717016e+09 1.353399999999999881e-01
1.477683759467209101e+09 1.351799999999999946e-01
1.477683759580806017e+09 1.351999999999999869e-01
1.477683759693295002e+09 1.351999999999999869e-01
1.477683759805963039e+09 1.352200000000000069e-01
1.477683759919341087e+09 1.352500000000000091e-01
1.477683760031925917e+09 1.352299999999999891e-01
1.477683760145564079e+09 1.352599999999999913e-01
1.477683760258131981e+09 1.352800000000000114e-01
1.477683760371676922e+09 1.351100000000000079e-01
1.477683760484231949e+09 1.353199999999999958e-01
1.477683760597660065e+09 1.352599999999999913e-01
1.477683760710330963e+09 1.353499999999999981e-01
1.477683760823719978e+09 1.352299999999999891e-01
1.477683760936389923e+09 1.352500000000000091e-01
1.477683761049806118e+09 1.353999999999999926e-01
1.477683761162348986e+09 1.351900000000000046e-01
1.477683761276088953e+09 1.351600000000000024e-01
1.477683761388432026e+09 1.351799999999999946e-01
1.477683761502142906e+09 1.353499999999999981e-01
1.477683761614439964e+09 1.353499999999999981e-01
1.477683761728240013e+09 1.352299999999999891e-01
1.477683761840781927e+09 1.353000000000000036e-01
1.477683761954329014e+09 1.352399999999999991e-01
1.477683762066749096e+09 1.352099999999999969e-01
1.477683762180239916e+09 1.352099999999999969e-01
1.477683762292903900e+09 1.351300000000000001e-01
1.477683762405468941e+09 1.353199999999999958e-01
1.477683762518980026e+09 1.353699999999999903e-01
1.477683762631407022e+09 1.353199999999999958e-01
1.477683762744870901e+09 1.351600000000000024e-01
1.477683762857428074e+09 1.352299999999999891e-01
1.477683762971103907e+09 1.352099999999999969e-01
1.477683763083565950e+09 1.351799999999999946e-01
1.477683763197150946e+09 1.351900000000000046e-01
1.477683763309643984e+09 1.352399999999999991e-01
1.477683763422976971e+09 1.352899999999999936e-01
1.477683763535729885e+09 1.351700000000000124e-01
1.477683763649291039e+09 1.352200000000000069e-01
1.477683763761733055e+09 1.353100000000000136e-01
1.477683763875371933e+09 1.353100000000000136e-01
1.477683763987890959e+09 1.353100000000000136e-01
1.477683764101392984e+09 1.352200000000000069e-01
1.477683764213794947e+09 1.351799999999999946e-01
1.477683764327579975e+09 1.350699999999999956e-01
1.477683764440208912e+09 1.351499999999999924e-01
1.477683764553591967e+09 1.352200000000000069e-01
1.477683764666265965e+09 1.351999999999999869e-01
1.477683764779531956e+09 1.351499999999999924e-01
1.477683764892107010e+09 1.351300000000000001e-01
1.477683765005743027e+09 1.352599999999999913e-01
1.477683765118299007e+09 1.351799999999999946e-01
1.477683765231878996e+09 1.352200000000000069e-01
1.477683765344363928e+09 1.351999999999999869e-01
1.477683765457766056e+09 1.351799999999999946e-01
1.477683765570413113e+09 1.351499999999999924e-01
1.477683765684091091e+09 1.352200000000000069e-01
1.477683765796399117e+09 1.353000000000000036e-01
1.477683765909842968e+09 1.351900000000000046e-01
1.477683766022365093e+09 1.351999999999999869e-01
1.477683766135040045e+09 1.352800000000000114e-01
1.477683766248538971e+09 1.352700000000000014e-01
1.477683766362107992e+09 1.352700000000000014e-01
1.477683766474587917e+09 1.352599999999999913e-01
1.477683766587260962e+09 1.353199999999999958e-01
1.477683766700726986e+09 1.351300000000000001e-01
1.477683766814222097e+09 1.352200000000000069e-01
1.477683766926738977e+09 1.352899999999999936e-01
1.477683767039299965e+09 1.352500000000000091e-01
1.477683767152987957e+09 1.352500000000000091e-01
1.477683767265414000e+09 1.353199999999999958e-01
1.477683767378941059e+09 1.352599999999999913e-01
1.477683767491545916e+09 1.351100000000000079e-01
1.477683767605012894e+09 1.352599999999999913e-01
1.477683767717570066e+09 1.352899999999999936e-01
1.477683767831240892e+09 1.352299999999999891e-01
1.477683767943804979e+09 1.352399999999999991e-01
1.477683768057317019e+09 1.353100000000000136e-01
1.477683768170855045e+09 1.353100000000000136e-01
1.477683768283310890e+09 1.353399999999999881e-01
1.477683768395800114e+09 1.352200000000000069e-01
1.477683768509310007e+09 1.352599999999999913e-01
1.477683768621867895e+09 1.351199999999999901e-01
1.477683768734357119e+09 1.352500000000000091e-01
1.477683768847992897e+09 1.352200000000000069e-01
1.477683768960474968e+09 1.351499999999999924e-01
1.477683769074186087e+09 1.352899999999999936e-01
1.477683769186592102e+09 1.352200000000000069e-01
1.477683769300142050e+09 1.351999999999999869e-01
1.477683769412609100e+09 1.352500000000000091e-01
1.477683769526361942e+09 1.351799999999999946e-01
1.477683769638880968e+09 1.353000000000000036e-01
1.477683769752217054e+09 1.353000000000000036e-01
1.477683769864948034e+09 1.351300000000000001e-01
1.477683769978557110e+09 1.351700000000000124e-01
1.477683770090876102e+09 1.352399999999999991e-01
1.477683770204588890e+09 1.352099999999999969e-01
1.477683770316961050e+09 1.352599999999999913e-01
1.477683770430650949e+09 1.352200000000000069e-01
1.477683770543092966e+09 1.352399999999999991e-01
1.477683770656953096e+09 1.351999999999999869e-01
1.477683770769300938e+09 1.353399999999999881e-01
1.477683770882833958e+09 1.352899999999999936e-01
1.477683770995414972e+09 1.352099999999999969e-01
1.477683771108866930e+09 1.352200000000000069e-01
1.477683771221350908e+09 1.353000000000000036e-01
1.477683771334961891e+09 1.351400000000000101e-01
1.477683771447726011e+09 1.352599999999999913e-01
1.477683771561245918e+09 1.352399999999999991e-01
1.477683771673770905e+09 1.352200000000000069e-01
1.477683771786303997e+09 1.351799999999999946e-01
1.477683771899571896e+09 1.351999999999999869e-01
1.477683772012269020e+09 1.352099999999999969e-01
1.477683772125812054e+09 1.351400000000000101e-01
1.477683772238373041e+09 1.352899999999999936e-01
1.477683772351793051e+09 1.353100000000000136e-01
1.477683772464348078e+09 1.351799999999999946e-01
1.477683772577836990e+09 1.351900000000000046e-01
1.477683772690493107e+09 1.352200000000000069e-01
1.477683772804028988e+09 1.353499999999999981e-01
1.477683772916382074e+09 1.352299999999999891e-01
1.477683773030263901e+09 1.351799999999999946e-01
1.477683773142673016e+09 1.351900000000000046e-01
1.477683773256180048e+09 1.352200000000000069e-01
1.477683773368721008e+09 1.352500000000000091e-01
1.477683773482152939e+09 1.352899999999999936e-01
1.477683773594815016e+09 1.352800000000000114e-01
1.477683773708287001e+09 1.350999999999999979e-01
1.477683773820899963e+09 1.351999999999999869e-01
1.477683773934408903e+09 1.352399999999999991e-01
1.477683774046972990e+09 1.352099999999999969e-01
1.477683774160494089e+09 1.352899999999999936e-01
1.477683774273056030e+09 1.352099999999999969e-01
1.477683774386657000e+09 1.352599999999999913e-01
1.477683774499093056e+09 1.352599999999999913e-01
1.477683774612826109e+09 1.353399999999999881e-01
1.477683774725205898e+09 1.351100000000000079e-01
1.477683774837837934e+09 1.352399999999999991e-01
1.477683774951360941e+09 1.352599999999999913e-01
1.477683775063986063e+09 1.352899999999999936e-01
1.477683775177187920e+09 1.350999999999999979e-01
1.477683775289944887e+09 1.353100000000000136e-01
1.477683775403316975e+09 1.353000000000000036e-01
1.477683775516057968e+09 1.351999999999999869e-01
1.477683775629627943e+09 1.353300000000000058e-01
1.477683775741970062e+09 1.353100000000000136e-01
1.477683775855783939e+09 1.352700000000000014e-01
1.477683775968341112e+09 1.352399999999999991e-01
1.477683776081813097e+09 1.353399999999999881e-01
1.477683776194472075e+09 1.353100000000000136e-01
1.477683776307812929e+09 1.352099999999999969e-01
1.477683776420512915e+09 1.352399999999999991e-01
1.477683776533926964e+09 1.351300000000000001e-01
1.477683776646647930e+09 1.352700000000000014e-01
1.477683776759819031e+09 1.352200000000000069e-01
1.477683776872687101e+09 1.352299999999999891e-01
1.477683776986219883e+09 1.352500000000000091e-01
1.477683777098757982e+09 1.352399999999999991e-01
1.477683777212306976e+09 1.352700000000000014e-01
1.477683777324726105e+09 1.352899999999999936e-01
1.477683777438237906e+09 1.352899999999999936e-01
1.477683777550942898e+09 1.351400000000000101e-01
1.477683777664503098e+09 1.352299999999999891e-01
1.477683777776828051e+09 1.352700000000000014e-01
1.477683777889226913e+09 1.352200000000000069e-01
1.477683778002991915e+09 1.352200000000000069e-01
1.477683778115623951e+09 1.351799999999999946e-01
1.477683778228986025e+09 1.351999999999999869e-01
1.477683778341604948e+09 1.352800000000000114e-01
1.477683778455137968e+09 1.352200000000000069e-01
1.477683778567706108e+09 1.352899999999999936e-01
1.477683778681221008e+09 1.353800000000000003e-01
1.477683778793847084e+09 1.351600000000000024e-01
1.477683778907298088e+09 1.351900000000000046e-01
1.477683779020966053e+09 1.352299999999999891e-01
1.477683779133488894e+09 1.352200000000000069e-01
1.477683779246028900e+09 1.352899999999999936e-01
1.477683779359323025e+09 1.352599999999999913e-01
1.477683779472877026e+09 1.352099999999999969e-01
1.477683779585556030e+09 1.352399999999999991e-01
1.477683779698057890e+09 1.351999999999999869e-01
1.477683779811769962e+09 1.351600000000000024e-01
1.477683779925136089e+09 1.351400000000000101e-01
1.477683780037709951e+09 1.352200000000000069e-01
1.477683780150269985e+09 1.351999999999999869e-01
1.477683780262964964e+09 1.352700000000000014e-01
1.477683780376346111e+09 1.352099999999999969e-01
1.477683780489875078e+09 1.352200000000000069e-01
1.477683780602550983e+09 1.352599999999999913e-01
1.477683780715131998e+09 1.353699999999999903e-01
1.477683780828591108e+09 1.352800000000000114e-01
1.477683780942051888e+09 1.352700000000000014e-01
1.477683781054721117e+09 1.351999999999999869e-01
1.477683781167258978e+09 1.352099999999999969e-01
1.477683781280791998e+09 1.352500000000000091e-01
1.477683781394320965e+09 1.352899999999999936e-01
1.477683781506793976e+09 1.351300000000000001e-01
1.477683781619503975e+09 1.353000000000000036e-01
1.477683781732835054e+09 1.350099999999999911e-01
1.477683781845536947e+09 1.351999999999999869e-01
1.477683781958992958e+09 1.352500000000000091e-01
1.477683782071314096e+09 1.352299999999999891e-01
1.477683782185159922e+09 1.353000000000000036e-01
1.477683782297513962e+09 1.351400000000000101e-01
1.477683782411179066e+09 1.351999999999999869e-01
1.477683782523669958e+09 1.352700000000000014e-01
1.477683782637285948e+09 1.353000000000000036e-01
1.477683782749819040e+09 1.352700000000000014e-01
1.477683782863416910e+09 1.352299999999999891e-01
1.477683782975684881e+09 1.351700000000000124e-01
1.477683783089476109e+09 1.352500000000000091e-01
1.477683783202039957e+09 1.352099999999999969e-01
1.477683783315404892e+09 1.351999999999999869e-01
1.477683783427961111e+09 1.351999999999999869e-01
1.477683783541635990e+09 1.353199999999999958e-01
1.477683783654176950e+09 1.351799999999999946e-01
1.477683783766843081e+09 1.352299999999999891e-01
1.477683783880291939e+09 1.353199999999999958e-01
1.477683783992644072e+09 1.351600000000000024e-01
1.477683784106231928e+09 1.351900000000000046e-01
1.477683784218774080e+09 1.351799999999999946e-01
1.477683784332307100e+09 1.352399999999999991e-01
1.477683784445823908e+09 1.352299999999999891e-01
1.477683784558368921e+09 1.351799999999999946e-01
1.477683784672019958e+09 1.352099999999999969e-01
1.477683784784286976e+09 1.350999999999999979e-01
1.477683784896924973e+09 1.352700000000000014e-01
1.477683785010545969e+09 1.352500000000000091e-01
1.477683785123217106e+09 1.352399999999999991e-01
1.477683785236747980e+09 1.351900000000000046e-01
1.477683785349173069e+09 1.352099999999999969e-01
1.477683785462713957e+09 1.351400000000000101e-01
1.477683785575154066e+09 1.352800000000000114e-01
1.477683785688946962e+09 1.353000000000000036e-01
1.477683785802373886e+09 1.351799999999999946e-01
1.477683785915057898e+09 1.351799999999999946e-01
1.477683786027631998e+09 1.352899999999999936e-01
1.477683786140988111e+09 1.352500000000000091e-01
1.477683786254513979e+09 1.351700000000000124e-01
1.477683786367070913e+09 1.353300000000000058e-01
1.477683786479656935e+09 1.352800000000000114e-01
1.477683786592106104e+09 1.352399999999999991e-01
1.477683786705651045e+09 1.352299999999999891e-01
1.477683786819135904e+09 1.350600000000000134e-01
1.477683786931902885e+09 1.353100000000000136e-01
1.477683787044581890e+09 1.352299999999999891e-01
1.477683787157777071e+09 1.353100000000000136e-01
1.477683787270173073e+09 1.352700000000000014e-01
1.477683787384098053e+09 1.352399999999999991e-01
1.477683787496567965e+09 1.351900000000000046e-01
1.477683787609937906e+09 1.352700000000000014e-01
1.477683787722487926e+09 1.351700000000000124e-01
1.477683787836105108e+09 1.352399999999999991e-01
1.477683787948682070e+09 1.351600000000000024e-01
1.477683788062055111e+09 1.352500000000000091e-01
1.477683788174722910e+09 1.353699999999999903e-01
1.477683788288204908e+09 1.352500000000000091e-01
1.477683788400923014e+09 1.351700000000000124e-01
1.477683788514373064e+09 1.351900000000000046e-01
1.477683788626996040e+09 1.352500000000000091e-01
1.477683788740348101e+09 1.353100000000000136e-01
1.477683788852953911e+09 1.352099999999999969e-01
1.477683788966387987e+09 1.352500000000000091e-01
1.477683789079032898e+09 1.351700000000000124e-01
1.477683789192533970e+09 1.352099999999999969e-01
1.477683789305111885e+09 1.351300000000000001e-01
1.477683789418688059e+09 1.352099999999999969e-01
1.477683789531302929e+09 1.351799999999999946e-01
1.477683789644757986e+09 1.352800000000000114e-01
1.477683789757272005e+09 1.352599999999999913e-01
1.477683789870950937e+09 1.351900000000000046e-01
1.477683789983335972e+09 1.352899999999999936e-01
1.477683790096019030e+09 1.351799999999999946e-01
1.477683790209606886e+09 1.351700000000000124e-01
1.477683790322989941e+09 1.351600000000000024e-01
1.477683790435518980e+09 1.353000000000000036e-01
1.477683790549165010e+09 1.352299999999999891e-01
1.477683790661541939e+09 1.352299999999999891e-01
1.477683790775089979e+09 1.351100000000000079e-01
1.477683790887718916e+09 1.351900000000000046e-01
1.477683791000329018e+09 1.353100000000000136e-01
1.477683791113749981e+09 1.352099999999999969e-01
1.477683791227288961e+09 1.352800000000000114e-01
1.477683791339991093e+09 1.351300000000000001e-01
1.477683791452457905e+09 1.353000000000000036e-01
1.477683791566040039e+09 1.352500000000000091e-01
1.477683791679445028e+09 1.353100000000000136e-01
1.477683791791948080e+09 1.352200000000000069e-01
1.477683791904349089e+09 1.352299999999999891e-01
1.477683792018193960e+09 1.351900000000000046e-01
1.477683792130748034e+09 1.352599999999999913e-01
1.477683792244138956e+09 1.352700000000000014e-01
1.477683792356832981e+09 1.351999999999999869e-01
1.477683792470125914e+09 1.351700000000000124e-01
1.477683792582854033e+09 1.353600000000000081e-01
1.477683792696445942e+09 1.351300000000000001e-01
1.477683792808779001e+09 1.352399999999999991e-01
1.477683792921319008e+09 1.351799999999999946e-01
1.477683793035111904e+09 1.351900000000000046e-01
1.477683793148453951e+09 1.352299999999999891e-01
1.477683793261204958e+09 1.352299999999999891e-01
1.477683793373727083e+09 1.351999999999999869e-01
1.477683793487245083e+09 1.352099999999999969e-01
1.477683793599895954e+09 1.353300000000000058e-01
1.477683793713232994e+09 1.352500000000000091e-01
1.477683793825566053e+09 1.352299999999999891e-01
1.477683793939446926e+09 1.351499999999999924e-01
1.477683794051624060e+09 1.351799999999999946e-01
1.477683794165524006e+09 1.351900000000000046e-01
1.477683794277935982e+09 1.351600000000000024e-01
1.477683794391401052e+09 1.352500000000000091e-01
1.477683794504055977e+09 1.352500000000000091e-01
1.477683794617474079e+09 1.352299999999999891e-01
1.477683794730015039e+09 1.351900000000000046e-01
1.477683794843410969e+09 1.352800000000000114e-01
1.477683794956119061e+09 1.352299999999999891e-01
1.477683795069711924e+09 1.352299999999999891e-01
1.477683795182343006e+09 1.352200000000000069e-01
1.477683795295536041e+09 1.351100000000000079e-01
1.477683795408288956e+09 1.352099999999999969e-01
1.477683795521810055e+09 1.351499999999999924e-01
1.477683795634345055e+09 1.352200000000000069e-01
1.477683795747896910e+09 1.351900000000000046e-01
1.477683795860692978e+09 1.351199999999999901e-01
1.477683795972836018e+09 1.351700000000000124e-01
1.477683796086689949e+09 1.353000000000000036e-01
1.477683796200136900e+09 1.351100000000000079e-01
1.477683796312649965e+09 1.353000000000000036e-01
1.477683796425268888e+09 1.352599999999999913e-01
1.477683796538765907e+09 1.352299999999999891e-01
1.477683796652163982e+09 1.353300000000000058e-01
1.477683796764775038e+09 1.351799999999999946e-01
1.477683796877502918e+09 1.353000000000000036e-01
1.477683796990751982e+09 1.351499999999999924e-01
1.477683797103424072e+09 1.352099999999999969e-01
1.477683797216794014e+09 1.353199999999999958e-01
1.477683797329621077e+09 1.351499999999999924e-01
1.477683797443053961e+09 1.352299999999999891e-01
1.477683797555515051e+09 1.351199999999999901e-01
1.477683797668939114e+09 1.351999999999999869e-01
1.477683797781678915e+09 1.353100000000000136e-01
1.477683797895066023e+09 1.351700000000000124e-01
1.477683798007877111e+09 1.352299999999999891e-01
1.477683798121383905e+09 1.353000000000000036e-01
1.477683798233831882e+09 1.351999999999999869e-01
1.477683798347335100e+09 1.351300000000000001e-01
1.477683798460053921e+09 1.352399999999999991e-01
1.477683798573345900e+09 1.351700000000000124e-01
1.477683798686108112e+09 1.351900000000000046e-01
1.477683798799608946e+09 1.352099999999999969e-01
1.477683798912053108e+09 1.352800000000000114e-01
1.477683799025602102e+09 1.351799999999999946e-01
1.477683799138307095e+09 1.351900000000000046e-01
1.477683799251549959e+09 1.351900000000000046e-01
1.477683799364181042e+09 1.353000000000000036e-01
1.477683799476924896e+09 1.351999999999999869e-01
1.477683799590420008e+09 1.351100000000000079e-01
1.477683799703006983e+09 1.352200000000000069e-01
1.477683799816339970e+09 1.351900000000000046e-01
1.477683799929063082e+09 1.352200000000000069e-01
1.477683800042386055e+09 1.351900000000000046e-01
1.477683800155055046e+09 1.352399999999999991e-01
1.477683800268444061e+09 1.352500000000000091e-01
1.477683800381242990e+09 1.351300000000000001e-01
1.477683800494748116e+09 1.352500000000000091e-01
1.477683800607156038e+09 1.352500000000000091e-01
1.477683800720676899e+09 1.352700000000000014e-01
1.477683800833189964e+09 1.352099999999999969e-01
1.477683800946922064e+09 1.352099999999999969e-01
1.477683801059185982e+09 1.353100000000000136e-01
1.477683801172976017e+09 1.351199999999999901e-01
1.477683801285504103e+09 1.352800000000000114e-01
1.477683801399082899e+09 1.352099999999999969e-01
1.477683801511476040e+09 1.352500000000000091e-01
1.477683801624947071e+09 1.351700000000000124e-01
1.477683801737540960e+09 1.352299999999999891e-01
1.477683801850102901e+09 1.353399999999999881e-01
1.477683801963515997e+09 1.352200000000000069e-01
1.477683802077131987e+09 1.351900000000000046e-01
1.477683802189923048e+09 1.352899999999999936e-01
1.477683802302146912e+09 1.353199999999999958e-01
1.477683802415908098e+09 1.352800000000000114e-01
1.477683802529225111e+09 1.351999999999999869e-01
1.477683802641941071e+09 1.351499999999999924e-01
1.477683802754447937e+09 1.351900000000000046e-01
1.477683802868021011e+09 1.352500000000000091e-01
1.477683802981534004e+09 1.352700000000000014e-01
1.477683803094070911e+09 1.351799999999999946e-01
1.477683803206552982e+09 1.351900000000000046e-01
1.477683803320132017e+09 1.351300000000000001e-01
1.477683803433686972e+09 1.353199999999999958e-01
1.477683803546344042e+09 1.352399999999999991e-01
1.477683803658901930e+09 1.352399999999999991e-01
1.477683803772290945e+09 1.351900000000000046e-01
1.477683803884975910e+09 1.351799999999999946e-01
1.477683803998534918e+09 1.352099999999999969e-01
1.477683804110884905e+09 1.351999999999999869e-01
1.477683804224658966e+09 1.352500000000000091e-01
1.477683804337141991e+09 1.352200000000000069e-01
1.477683804450715065e+09 1.351499999999999924e-01
1.477683804563097000e+09 1.351600000000000024e-01
1.477683804676804066e+09 1.352299999999999891e-01
1.477683804789283037e+09 1.351700000000000124e-01
1.477683804902731895e+09 1.352099999999999969e-01
1.477683805015263081e+09 1.351999999999999869e-01
1.477683805128966093e+09 1.351499999999999924e-01
1.477683805241344929e+09 1.351700000000000124e-01
1.477683805354825974e+09 1.352800000000000114e-01
1.477683805467577934e+09 1.351900000000000046e-01
1.477683805581104994e+09 1.352700000000000014e-01
1.477683805693545103e+09 1.352099999999999969e-01
1.477683805806077957e+09 1.353100000000000136e-01
1.477683805919739962e+09 1.352399999999999991e-01
1.477683806032149076e+09 1.351999999999999869e-01
1.477683806145807028e+09 1.352800000000000114e-01
1.477683806258266926e+09 1.352700000000000014e-01
1.477683806371916056e+09 1.351799999999999946e-01
1.477683806484507084e+09 1.352299999999999891e-01
1.477683806597839117e+09 1.352700000000000014e-01
1.477683806710547924e+09 1.351700000000000124e-01
1.477683806824120998e+09 1.352299999999999891e-01
1.477683806936458111e+09 1.351600000000000024e-01
1.477683807050034046e+09 1.351700000000000124e-01
1.477683807162583113e+09 1.352200000000000069e-01
1.477683807276134014e+09 1.352200000000000069e-01
1.477683807388734102e+09 1.351999999999999869e-01
1.477683807502161026e+09 1.353499999999999981e-01
1.477683807614722967e+09 1.351499999999999924e-01
1.477683807728266954e+09 1.352800000000000114e-01
1.477683807840800047e+09 1.352099999999999969e-01
1.477683807954354048e+09 1.352700000000000014e-01
1.477683808066941977e+09 1.351700000000000124e-01
1.477683808179600000e+09 1.351499999999999924e-01
1.477683808292943954e+09 1.351700000000000124e-01
1.477683808406313896e+09 1.351700000000000124e-01
1.477683808518925905e+09 1.352800000000000114e-01
1.477683808631650925e+09 1.352500000000000091e-01
1.477683808745196104e+09 1.351199999999999901e-01
1.477683808858846903e+09 1.351999999999999869e-01
1.477683808971330881e+09 1.352399999999999991e-01
1.477683809083791971e+09 1.352899999999999936e-01
1.477683809197441101e+09 1.353100000000000136e-01
1.477683809309813023e+09 1.352099999999999969e-01
1.477683809423557043e+09 1.352500000000000091e-01
1.477683809535936117e+09 1.352099999999999969e-01
1.477683809649590969e+09 1.352599999999999913e-01
1.477683809762182951e+09 1.351799999999999946e-01
1.477683809875401020e+09 1.352899999999999936e-01
1.477683809988084078e+09 1.351900000000000046e-01
1.477683810101614952e+09 1.351199999999999901e-01
1.477683810214315891e+09 1.352200000000000069e-01
1.477683810327615023e+09 1.351700000000000124e-01
1.477683810440254927e+09 1.352299999999999891e-01
1.477683810553616047e+09 1.351799999999999946e-01
1.477683810666527033e+09 1.352200000000000069e-01
1.477683810780040026e+09 1.352299999999999891e-01
1.477683810892590046e+09 1.353100000000000136e-01
1.477683811006134033e+09 1.351700000000000124e-01
1.477683811118527889e+09 1.352800000000000114e-01
1.477683811232225895e+09 1.351700000000000124e-01
1.477683811344770908e+09 1.351799999999999946e-01
1.477683811458322048e+09 1.352099999999999969e-01
1.477683811570535898e+09 1.351700000000000124e-01
1.477683811683064938e+09 1.352500000000000091e-01
1.477683811796881914e+09 1.351999999999999869e-01
1.477683811910428047e+09 1.351499999999999924e-01
1.477683812022969007e+09 1.351999999999999869e-01
1.477683812136466026e+09 1.351100000000000079e-01
1.477683812248928070e+09 1.351900000000000046e-01
1.477683812361618996e+09 1.351999999999999869e-01
1.477683812475037098e+09 1.353100000000000136e-01
1.477683812587560892e+09 1.352299999999999891e-01
1.477683812701262951e+09 1.351999999999999869e-01
1.477683812813635111e+09 1.353199999999999958e-01
1.477683812927298069e+09 1.351499999999999924e-01
1.477683813039855003e+09 1.351799999999999946e-01
1.477683813153435946e+09 1.353100000000000136e-01
1.477683813265909910e+09 1.353100000000000136e-01
1.477683813379348040e+09 1.352399999999999991e-01
1.477683813492008924e+09 1.352700000000000014e-01
1.477683813605398893e+09 1.352299999999999891e-01
1.477683813717804909e+09 1.353300000000000058e-01
1.477683813831629038e+09 1.352800000000000114e-01
1.477683813944179058e+09 1.352099999999999969e-01
1.477683814057725906e+09 1.351700000000000124e-01
1.477683814170254946e+09 1.351700000000000124e-01
1.477683814283675909e+09 1.351400000000000101e-01
1.477683814396298885e+09 1.352200000000000069e-01
1.477683814508857965e+09 1.351999999999999869e-01
1.477683814622399092e+09 1.352200000000000069e-01
1.477683814735805988e+09 1.351499999999999924e-01
1.477683814848453045e+09 1.352500000000000091e-01
1.477683814961862087e+09 1.352200000000000069e-01
1.477683815074558020e+09 1.352099999999999969e-01
1.477683815186952114e+09 1.351999999999999869e-01
1.477683815300477028e+09 1.351300000000000001e-01
1.477683815413083076e+09 1.351400000000000101e-01
1.477683815526732922e+09 1.352099999999999969e-01
1.477683815640049934e+09 1.352599999999999913e-01
1.477683815752832890e+09 1.351700000000000124e-01
1.477683815865206957e+09 1.351499999999999924e-01
1.477683815978746891e+09 1.351900000000000046e-01
1.477683816091286898e+09 1.352800000000000114e-01
1.477683816204833984e+09 1.352299999999999891e-01
1.477683816317500114e+09 1.353199999999999958e-01
1.477683816431054115e+09 1.351799999999999946e-01
1.477683816543612957e+09 1.352200000000000069e-01
1.477683816656975985e+09 1.352899999999999936e-01
1.477683816769503117e+09 1.351999999999999869e-01
1.477683816883241892e+09 1.351700000000000124e-01
1.477683816995601892e+09 1.352200000000000069e-01
1.477683817109330893e+09 1.352599999999999913e-01
1.477683817221628904e+09 1.351400000000000101e-01
1.477683817335107088e+09 1.351999999999999869e-01
1.477683817447922945e+09 1.350999999999999979e-01
1.477683817560409069e+09 1.352399999999999991e-01
1.477683817673970938e+09 1.351100000000000079e-01
1.477683817787337065e+09 1.351900000000000046e-01
1.477683817900090933e+09 1.352700000000000014e-01
1.477683818012465000e+09 1.352800000000000114e-01
1.477683818126004934e+09 1.351499999999999924e-01
1.477683818239540100e+09 1.353100000000000136e-01
1.477683818352026939e+09 1.352099999999999969e-01
1.477683818464657068e+09 1.352899999999999936e-01
1.477683818578161001e+09 1.351600000000000024e-01
1.477683818691533089e+09 1.351300000000000001e-01
1.477683818804265976e+09 1.353100000000000136e-01
1.477683818916691065e+09 1.353199999999999958e-01
1.477683819030164957e+09 1.351400000000000101e-01
1.477683819142688990e+09 1.352800000000000114e-01
1.477683819256320953e+09 1.352399999999999991e-01
1.477683819368766069e+09 1.352700000000000014e-01
1.477683819482409954e+09 1.352200000000000069e-01
1.477683819594836950e+09 1.351499999999999924e-01
1.477683819708502054e+09 1.351700000000000124e-01
1.477683819821197987e+09 1.352500000000000091e-01
1.477683819934741974e+09 1.351799999999999946e-01
1.477683820047235966e+09 1.352099999999999969e-01
1.477683820160686016e+09 1.351799999999999946e-01
1.477683820273149014e+09 1.352500000000000091e-01
1.477683820386632919e+09 1.351999999999999869e-01
1.477683820499227047e+09 1.351900000000000046e-01
1.477683820612884998e+09 1.352099999999999969e-01
1.477683820725298882e+09 1.351700000000000124e-01
1.477683820838855028e+09 1.351700000000000124e-01
1.477683820951380968e+09 1.351999999999999869e-01
1.477683821063867092e+09 1.352200000000000069e-01
1.477683821177443027e+09 1.350999999999999979e-01
1.477683821290025949e+09 1.351199999999999901e-01
1.477683821403544903e+09 1.352599999999999913e-01
1.477683821516053915e+09 1.352299999999999891e-01
1.477683821629537106e+09 1.352299999999999891e-01
1.477683821742275000e+09 1.352299999999999891e-01
1.477683821855827093e+09 1.352099999999999969e-01
1.477683821969249010e+09 1.352399999999999991e-01
1.477683822081752062e+09 1.351600000000000024e-01
1.477683822194353104e+09 1.352200000000000069e-01
1.477683822307790995e+09 1.351700000000000124e-01
1.477683822420449018e+09 1.351900000000000046e-01
1.477683822533963919e+09 1.351700000000000124e-01
1.477683822646465063e+09 1.352399999999999991e-01
1.477683822760101080e+09 1.351400000000000101e-01
1.477683822872680902e+09 1.351600000000000024e-01
1.477683822986262083e+09 1.353199999999999958e-01
1.477683823098814011e+09 1.352200000000000069e-01
1.477683823212352991e+09 1.351199999999999901e-01
1.477683823324867010e+09 1.352299999999999891e-01
1.477683823438390017e+09 1.351799999999999946e-01
1.477683823551027060e+09 1.352299999999999891e-01
1.477683823664657116e+09 1.351400000000000101e-01
1.477683823776937962e+09 1.352299999999999891e-01
1.477683823889420986e+09 1.353699999999999903e-01
1.477683824003004074e+09 1.351900000000000046e-01
1.477683824116488934e+09 1.351799999999999946e-01
1.477683824229146957e+09 1.351700000000000124e-01
1.477683824341676950e+09 1.351600000000000024e-01
1.477683824455146074e+09 1.352399999999999991e-01
1.477683824568679094e+09 1.353100000000000136e-01
1.477683824681219101e+09 1.351799999999999946e-01
1.477683824793823957e+09 1.352200000000000069e-01
1.477683824907457113e+09 1.352500000000000091e-01
1.477683825020944118e+09 1.352200000000000069e-01
1.477683825133408070e+09 1.352700000000000014e-01
1.477683825245970964e+09 1.351100000000000079e-01
1.477683825359595060e+09 1.351499999999999924e-01
1.477683825473273993e+09 1.352399999999999991e-01
1.477683825585540056e+09 1.352500000000000091e-01
1.477683825698035955e+09 1.351400000000000101e-01
1.477683825811743975e+09 1.353300000000000058e-01
1.477683825924408913e+09 1.352099999999999969e-01
1.477683826037847996e+09 1.350999999999999979e-01
1.477683826150361061e+09 1.352299999999999891e-01
1.477683826263787031e+09 1.351600000000000024e-01
1.477683826376262903e+09 1.351900000000000046e-01
1.477683826490036011e+09 1.352200000000000069e-01
1.477683826602596045e+09 1.352399999999999991e-01
1.477683826715976000e+09 1.353000000000000036e-01
1.477683826829065084e+09 1.352899999999999936e-01
1.477683826942281008e+09 1.351499999999999924e-01
1.477683827054574966e+09 1.350600000000000134e-01
1.477683827168194056e+09 1.350699999999999956e-01
1.477683827280802011e+09 1.352899999999999936e-01
1.477683827393429995e+09 1.351700000000000124e-01
1.477683827506897926e+09 1.350899999999999879e-01
1.477683827620461941e+09 1.351900000000000046e-01
1.477683827732791901e+09 1.352500000000000091e-01
1.477683827846342087e+09 1.351199999999999901e-01
1.477683827958842039e+09 1.351400000000000101e-01
1.477683828071356058e+09 1.352599999999999913e-01
1.477683828185121059e+09 1.352200000000000069e-01
1.477683828297609091e+09 1.352200000000000069e-01
1.477683828411369085e+09 1.352299999999999891e-01
1.477683828523982048e+09 1.352700000000000014e-01
1.477683828637329102e+09 1.352200000000000069e-01
1.477683828749768019e+09 1.353000000000000036e-01
1.477683828863454103e+09 1.351499999999999924e-01
1.477683828975832939e+09 1.351300000000000001e-01
1.477683829089340925e+09 1.352599999999999913e-01
1.477683829201961994e+09 1.351300000000000001e-01
1.477683829315521955e+09 1.352299999999999891e-01
1.477683829428119898e+09 1.352299999999999891e-01
1.477683829541481972e+09 1.351300000000000001e-01
1.477683829653963089e+09 1.351700000000000124e-01
1.477683829767524004e+09 1.352500000000000091e-01
1.477683829880319118e+09 1.352200000000000069e-01
1.477683829993629932e+09 1.351400000000000101e-01
1.477683830106174946e+09 1.351199999999999901e-01
1.477683830218822956e+09 1.351799999999999946e-01
1.477683830332464933e+09 1.351600000000000024e-01
1.477683830445950985e+09 1.351999999999999869e-01
1.477683830558466911e+09 1.350899999999999879e-01
1.477683830671166897e+09 1.351600000000000024e-01
1.477683830784485102e+09 1.351400000000000101e-01
1.477683830897975922e+09 1.352099999999999969e-01
1.477683831010488033e+09 1.352200000000000069e-01
1.477683831123209000e+09 1.351400000000000101e-01
1.477683831236916065e+09 1.352599999999999913e-01
1.477683831350441933e+09 1.352200000000000069e-01
1.477683831462831974e+09 1.351400000000000101e-01
1.477683831575479984e+09 1.351799999999999946e-01
1.477683831689130068e+09 1.351999999999999869e-01
1.477683831801431894e+09 1.352099999999999969e-01
1.477683831914886951e+09 1.350899999999999879e-01
1.477683832027597904e+09 1.351499999999999924e-01
1.477683832141052008e+09 1.352800000000000114e-01
1.477683832254647970e+09 1.351799999999999946e-01
1.477683832367173910e+09 1.351799999999999946e-01
1.477683832479599953e+09 1.351900000000000046e-01
1.477683832593252897e+09 1.352399999999999991e-01
1.477683832705928087e+09 1.351400000000000101e-01
1.477683832819184065e+09 1.352200000000000069e-01
1.477683832931674957e+09 1.351499999999999924e-01
1.477683833045375109e+09 1.351100000000000079e-01
1.477683833157949924e+09 1.351900000000000046e-01
1.477683833270495892e+09 1.351100000000000079e-01
1.477683833384006023e+09 1.351499999999999924e-01
1.477683833497487068e+09 1.350600000000000134e-01
1.477683833609915018e+09 1.351100000000000079e-01
1.477683833722462893e+09 1.351999999999999869e-01
1.477683833836062908e+09 1.352500000000000091e-01
1.477683833948615074e+09 1.352700000000000014e-01
1.477683834062156916e+09 1.352399999999999991e-01
1.477683834174603939e+09 1.351199999999999901e-01
1.477683834288149118e+09 1.352399999999999991e-01
1.477683834400806904e+09 1.352599999999999913e-01
1.477683834514456034e+09 1.353399999999999881e-01
1.477683834626890898e+09 1.352200000000000069e-01
1.477683834740331888e+09 1.351499999999999924e-01
1.477683834852936983e+09 1.351499999999999924e-01
1.477683834966572046e+09 1.352500000000000091e-01
1.477683835079046965e+09 1.351999999999999869e-01
1.477683835192522049e+09 1.351300000000000001e-01
1.477683835305058956e+09 1.351499999999999924e-01
1.477683835418725967e+09 1.351600000000000024e-01
1.477683835531189919e+09 1.352299999999999891e-01
1.477683835644629002e+09 1.353000000000000036e-01
1.477683835757289886e+09 1.352099999999999969e-01
1.477683835870784044e+09 1.352399999999999991e-01
1.477683835983537912e+09 1.351799999999999946e-01
1.477683836096997976e+09 1.350999999999999979e-01
1.477683836209345102e+09 1.352800000000000114e-01
1.477683836323298931e+09 1.352099999999999969e-01
1.477683836435563087e+09 1.351499999999999924e-01
1.477683836549011946e+09 1.351700000000000124e-01
1.477683836661703110e+09 1.351600000000000024e-01
1.477683836775237083e+09 1.351900000000000046e-01
1.477683836887599945e+09 1.352200000000000069e-01
1.477683837000444889e+09 1.351900000000000046e-01
1.477683837114038944e+09 1.353699999999999903e-01
1.477683837227394104e+09 1.352500000000000091e-01
1.477683837339972019e+09 1.352399999999999991e-01
1.477683837452604055e+09 1.352599999999999913e-01
1.477683837565819979e+09 1.352099999999999969e-01
1.477683837679692030e+09 1.352200000000000069e-01
1.477683837792026043e+09 1.352299999999999891e-01
1.477683837904629946e+09 1.351999999999999869e-01
1.477683838018243074e+09 1.351999999999999869e-01
1.477683838130880117e+09 1.351700000000000124e-01
1.477683838244205952e+09 1.351499999999999924e-01
1.477683838357023001e+09 1.352299999999999891e-01
1.477683838470232010e+09 1.352700000000000014e-01
1.477683838583915949e+09 1.351400000000000101e-01
1.477683838696472883e+09 1.351100000000000079e-01
1.477683838809112072e+09 1.351300000000000001e-01
1.477683838922389030e+09 1.351900000000000046e-01
1.477683839035121918e+09 1.352599999999999913e-01
1.477683839147552013e+09 1.351999999999999869e-01
1.477683839261327028e+09 1.352899999999999936e-01
1.477683839374840021e+09 1.353000000000000036e-01
1.477683839487258911e+09 1.353499999999999981e-01
1.477683839600821018e+09 1.351999999999999869e-01
1.477683839713462114e+09 1.351799999999999946e-01
1.477683839827029943e+09 1.351900000000000046e-01
1.477683839939400911e+09 1.351900000000000046e-01
1.477683840051902056e+09 1.352700000000000014e-01
1.477683840165595055e+09 1.352500000000000091e-01
1.477683840278156996e+09 1.351199999999999901e-01
1.477683840391654015e+09 1.351799999999999946e-01
1.477683840503931046e+09 1.351700000000000124e-01
1.477683840617805958e+09 1.350500000000000034e-01
1.477683840730331898e+09 1.351600000000000024e-01
1.477683840843888044e+09 1.350899999999999879e-01
1.477683840956455946e+09 1.350999999999999979e-01
1.477683841069650888e+09 1.351700000000000124e-01
1.477683841182358980e+09 1.352399999999999991e-01
1.477683841296049118e+09 1.351799999999999946e-01
1.477683841408612013e+09 1.350699999999999956e-01
1.477683841522123098e+09 1.351900000000000046e-01
1.477683841634481907e+09 1.351700000000000124e-01
1.477683841748214006e+09 1.351999999999999869e-01
1.477683841860761881e+09 1.350699999999999956e-01
1.477683841974087954e+09 1.352200000000000069e-01
1.477683842086570978e+09 1.352500000000000091e-01
1.477683842200108051e+09 1.352700000000000014e-01
1.477683842312855005e+09 1.353000000000000036e-01
1.477683842426374912e+09 1.351400000000000101e-01
1.477683842539004087e+09 1.351700000000000124e-01
1.477683842652302980e+09 1.351999999999999869e-01
1.477683842765038967e+09 1.350999999999999979e-01
1.477683842878592014e+09 1.352099999999999969e-01
1.477683842991132021e+09 1.351199999999999901e-01
1.477683843104595900e+09 1.351799999999999946e-01
1.477683843217075109e+09 1.352099999999999969e-01
1.477683843329710960e+09 1.351900000000000046e-01
1.477683843443286896e+09 1.351999999999999869e-01
1.477683843555809975e+09 1.352399999999999991e-01
1.477683843669364929e+09 1.350800000000000056e-01
1.477683843781918049e+09 1.351400000000000101e-01
1.477683843895463943e+09 1.351999999999999869e-01
1.477683844007991076e+09 1.352500000000000091e-01
1.477683844121270895e+09 1.351499999999999924e-01
1.477683844233874083e+09 1.352500000000000091e-01
1.477683844347609997e+09 1.351700000000000124e-01
1.477683844460026979e+09 1.351999999999999869e-01
1.477683844573621035e+09 1.352399999999999991e-01
1.477683844686054945e+09 1.352700000000000014e-01
1.477683844799551964e+09 1.351700000000000124e-01
1.477683844913199902e+09 1.352700000000000014e-01
1.477683845025834084e+09 1.352399999999999991e-01
1.477683845138159990e+09 1.351600000000000024e-01
1.477683845251607895e+09 1.350699999999999956e-01
1.477683845364130974e+09 1.351900000000000046e-01
1.477683845477785110e+09 1.352099999999999969e-01
1.477683845590214014e+09 1.351700000000000124e-01
1.477683845703742027e+09 1.351300000000000001e-01
1.477683845816303968e+09 1.351499999999999924e-01
1.477683845929116964e+09 1.352200000000000069e-01
1.477683846042833090e+09 1.352099999999999969e-01
1.477683846156250954e+09 1.352500000000000091e-01
1.477683846268802881e+09 1.351400000000000101e-01
1.477683846381134987e+09 1.351799999999999946e-01
1.477683846494900942e+09 1.351799999999999946e-01
1.477683846607458115e+09 1.351900000000000046e-01
1.477683846720997095e+09 1.351300000000000001e-01
1.477683846833389044e+09 1.352399999999999991e-01
1.477683846946974039e+09 1.351600000000000024e-01
1.477683847059494019e+09 1.350699999999999956e-01
1.477683847172964096e+09 1.351799999999999946e-01
1.477683847285733938e+09 1.351999999999999869e-01
1.477683847399193048e+09 1.352899999999999936e-01
1.477683847511625051e+09 1.352500000000000091e-01
1.477683847625036001e+09 1.351600000000000024e-01
1.477683847737687111e+09 1.350800000000000056e-01
1.477683847851315975e+09 1.351999999999999869e-01
1.477683847963675976e+09 1.351900000000000046e-01
1.477683848077310085e+09 1.352099999999999969e-01
1.477683848189841032e+09 1.351300000000000001e-01
1.477683848303349018e+09 1.350500000000000034e-01
1.477683848416064978e+09 1.351600000000000024e-01
1.477683848529467106e+09 1.351900000000000046e-01
1.477683848642092943e+09 1.351999999999999869e-01
1.477683848755661964e+09 1.351600000000000024e-01
1.477683848868227959e+09 1.351700000000000124e-01
1.477683848981594086e+09 1.350699999999999956e-01
1.477683849094103098e+09 1.351799999999999946e-01
1.477683849207874060e+09 1.351900000000000046e-01
1.477683849320219994e+09 1.353199999999999958e-01
1.477683849433777094e+09 1.352500000000000091e-01
1.477683849546293974e+09 1.350800000000000056e-01
1.477683849658991098e+09 1.352200000000000069e-01
1.477683849772536039e+09 1.352099999999999969e-01
1.477683849886051893e+09 1.351700000000000124e-01
1.477683849998619080e+09 1.352200000000000069e-01
1.477683850111166954e+09 1.351400000000000101e-01
1.477683850224709034e+09 1.351600000000000024e-01
1.477683850338210106e+09 1.350800000000000056e-01
1.477683850450664997e+09 1.350399999999999934e-01
1.477683850563205957e+09 1.352500000000000091e-01
1.477683850676764011e+09 1.351600000000000024e-01
1.477683850789288998e+09 1.351400000000000101e-01
1.477683850902975082e+09 1.351700000000000124e-01
1.477683851015595913e+09 1.351100000000000079e-01
1.477683851128870010e+09 1.351400000000000101e-01
1.477683851242626905e+09 1.351799999999999946e-01
1.477683851355180979e+09 1.351300000000000001e-01
1.477683851467469931e+09 1.351700000000000124e-01
1.477683851581099033e+09 1.352399999999999991e-01
1.477683851693839073e+09 1.351300000000000001e-01
1.477683851807326078e+09 1.352399999999999991e-01
1.477683851919807911e+09 1.352299999999999891e-01
1.477683852033219099e+09 1.351999999999999869e-01
1.477683852146847963e+09 1.350999999999999979e-01
1.477683852258318901e+09 1.352500000000000091e-01
1.477683852371839046e+09 1.351499999999999924e-01
1.477683852484433889e+09 1.351499999999999924e-01
1.477683852597929001e+09 1.352099999999999969e-01
1.477683852710592031e+09 1.351199999999999901e-01
1.477683852824037075e+09 1.350500000000000034e-01
1.477683852937576056e+09 1.351900000000000046e-01
1.477683853050029039e+09 1.350999999999999979e-01
1.477683853162801027e+09 1.350699999999999956e-01
1.477683853276335955e+09 1.350899999999999879e-01
1.477683853388755083e+09 1.351300000000000001e-01
1.477683853502285004e+09 1.352200000000000069e-01
1.477683853614943027e+09 1.351199999999999901e-01
1.477683853728463888e+09 1.351600000000000024e-01
