1.477684401262465954e+09 1.344200000000000117e-01
1.477684401378819942e+09 1.344299999999999939e-01
1.477684401491537094e+09 1.345099999999999907e-01
1.477684401605050087e+09 1.344599999999999962e-01
1.477684401717335939e+09 1.343999999999999917e-01
1.477684401830899954e+09 1.345600000000000129e-01
1.477684401943392992e+09 1.344100000000000017e-01
1.477684402057051897e+09 1.344100000000000017e-01
1.477684402169620991e+09 1.343900000000000095e-01
1.477684402283090115e+09 1.343600000000000072e-01
1.477684402395510912e+09 1.344799999999999884e-01
1.477684402509253025e+09 1.343499999999999972e-01
1.477684402621622086e+09 1.344899999999999984e-01
1.477684402735295057e+09 1.345099999999999907e-01
1.477684402847925901e+09 1.344799999999999884e-01
1.477684402961349010e+09 1.344700000000000062e-01
1.477684403073806047e+09 1.344599999999999962e-01
1.477684403187517881e+09 1.344299999999999939e-01
1.477684403300054073e+09 1.343399999999999872e-01
1.477684403413599014e+09 1.344499999999999862e-01
1.477684403525926113e+09 1.343999999999999917e-01
1.477684403638676882e+09 1.344400000000000039e-01
1.477684403752384901e+09 1.344499999999999862e-01
1.477684403865817070e+09 1.344400000000000039e-01
1.477684403978267908e+09 1.345200000000000007e-01
1.477684404090967894e+09 1.345000000000000084e-01
1.477684404204329967e+09 1.345300000000000107e-01
1.477684404317984104e+09 1.344200000000000117e-01
1.477684404430514097e+09 1.345000000000000084e-01
1.477684404543037891e+09 1.345099999999999907e-01
1.477684404656502008e+09 1.345099999999999907e-01
1.477684404769078016e+09 1.344700000000000062e-01
1.477684404882576942e+09 1.343799999999999994e-01
1.477684404995289087e+09 1.344899999999999984e-01
1.477684405108820915e+09 1.343999999999999917e-01
1.477684405221384048e+09 1.344100000000000017e-01
1.477684405334789991e+09 1.344400000000000039e-01
1.477684405447436094e+09 1.343600000000000072e-01
1.477684405560991049e+09 1.343900000000000095e-01
1.477684405674432039e+09 1.345200000000000007e-01
1.477684405785814047e+09 1.344100000000000017e-01
1.477684405899497986e+09 1.345099999999999907e-01
1.477684406012787104e+09 1.345000000000000084e-01
1.477684406125349998e+09 1.344299999999999939e-01
1.477684406237900972e+09 1.345099999999999907e-01
1.477684406351667881e+09 1.343999999999999917e-01
1.477684406464175940e+09 1.344899999999999984e-01
1.477684406577632904e+09 1.343699999999999894e-01
1.477684406690318108e+09 1.344400000000000039e-01
1.477684406803734064e+09 1.345300000000000107e-01
1.477684406916430950e+09 1.343600000000000072e-01
1.477684407029896021e+09 1.344299999999999939e-01
1.477684407142369986e+09 1.344499999999999862e-01
1.477684407255755901e+09 1.344599999999999962e-01
1.477684407368319035e+09 1.343799999999999994e-01
1.477684407482168913e+09 1.344599999999999962e-01
1.477684407594512939e+09 1.344299999999999939e-01
1.477684407708239079e+09 1.344499999999999862e-01
1.477684407820606947e+09 1.344599999999999962e-01
1.477684407934328079e+09 1.344899999999999984e-01
1.477684408046727896e+09 1.344200000000000117e-01
1.477684408160132885e+09 1.343999999999999917e-01
1.477684408272869110e+09 1.345200000000000007e-01
1.477684408386380911e+09 1.343699999999999894e-01
1.477684408499109030e+09 1.343399999999999872e-01
1.477684408612421036e+09 1.343900000000000095e-01
1.477684408725121021e+09 1.344599999999999962e-01
1.477684408837430000e+09 1.344100000000000017e-01
1.477684408951080084e+09 1.344100000000000017e-01
1.477684409064735889e+09 1.344799999999999884e-01
1.477684409177387953e+09 1.344200000000000117e-01
1.477684409289700985e+09 1.343699999999999894e-01
1.477684409403386116e+09 1.344599999999999962e-01
1.477684409516932964e+09 1.343900000000000095e-01
1.477684409629370928e+09 1.343100000000000127e-01
1.477684409741969109e+09 1.345000000000000084e-01
1.477684409855540037e+09 1.344100000000000017e-01
1.477684409967794895e+09 1.344400000000000039e-01
1.477684410081614017e+09 1.344100000000000017e-01
1.477684410194195032e+09 1.344100000000000017e-01
1.477684410307589054e+09 1.345399999999999929e-01
1.477684410420241117e+09 1.345399999999999929e-01
1.477684410533652067e+09 1.344400000000000039e-01
1.477684410646308899e+09 1.344599999999999962e-01
1.477684410759814024e+09 1.344599999999999962e-01
1.477684410872276068e+09 1.344700000000000062e-01
1.477684410985929012e+09 1.345399999999999929e-01
1.477684411098449945e+09 1.345200000000000007e-01
1.477684411212083101e+09 1.344599999999999962e-01
1.477684411324402094e+09 1.345200000000000007e-01
1.477684411437810898e+09 1.345399999999999929e-01
1.477684411550647974e+09 1.345399999999999929e-01
1.477684411664097071e+09 1.345200000000000007e-01
1.477684411776735067e+09 1.344499999999999862e-01
1.477684411890248060e+09 1.345099999999999907e-01
1.477684412002589941e+09 1.345500000000000029e-01
1.477684412116199017e+09 1.345399999999999929e-01
1.477684412228727102e+09 1.344700000000000062e-01
1.477684412341311932e+09 1.344799999999999884e-01
1.477684412454863071e+09 1.344100000000000017e-01
1.477684412567410946e+09 1.345300000000000107e-01
1.477684412681001902e+09 1.343499999999999972e-01
1.477684412793431997e+09 1.344400000000000039e-01
1.477684412907005072e+09 1.345500000000000029e-01
1.477684413019501925e+09 1.343999999999999917e-01
1.477684413133245945e+09 1.343399999999999872e-01
1.477684413245764971e+09 1.344799999999999884e-01
1.477684413359266043e+09 1.344799999999999884e-01
1.477684413471780062e+09 1.344400000000000039e-01
1.477684413585110903e+09 1.345200000000000007e-01
1.477684413698751926e+09 1.343699999999999894e-01
1.477684413811475039e+09 1.343999999999999917e-01
1.477684413923892021e+09 1.344899999999999984e-01
1.477684414037437916e+09 1.345399999999999929e-01
1.477684414150104046e+09 1.344400000000000039e-01
1.477684414263485909e+09 1.344599999999999962e-01
1.477684414375967026e+09 1.343799999999999994e-01
1.477684414489667892e+09 1.345399999999999929e-01
1.477684414603002071e+09 1.345200000000000007e-01
1.477684414714704990e+09 1.344700000000000062e-01
1.477684414828161001e+09 1.344299999999999939e-01
1.477684414941783905e+09 1.344200000000000117e-01
1.477684415054380894e+09 1.343900000000000095e-01
1.477684415166799068e+09 1.345099999999999907e-01
1.477684415280292988e+09 1.344700000000000062e-01
1.477684415394057989e+09 1.344200000000000117e-01
1.477684415506521940e+09 1.343799999999999994e-01
1.477684415619956017e+09 1.345200000000000007e-01
1.477684415732553959e+09 1.344400000000000039e-01
1.477684415845031977e+09 1.345200000000000007e-01
1.477684415958628893e+09 1.344299999999999939e-01
1.477684416071293116e+09 1.345200000000000007e-01
1.477684416184664011e+09 1.343799999999999994e-01
1.477684416297208071e+09 1.343799999999999994e-01
1.477684416410762072e+09 1.345600000000000129e-01
1.477684416523410082e+09 1.344299999999999939e-01
1.477684416636967897e+09 1.344899999999999984e-01
1.477684416749331951e+09 1.344700000000000062e-01
1.477684416862760067e+09 1.344700000000000062e-01
1.477684416975585938e+09 1.344499999999999862e-01
1.477684417089138985e+09 1.345300000000000107e-01
1.477684417201426983e+09 1.344200000000000117e-01
1.477684417314959049e+09 1.344299999999999939e-01
1.477684417427664042e+09 1.344599999999999962e-01
1.477684417541152954e+09 1.344400000000000039e-01
1.477684417653681040e+09 1.344499999999999862e-01
1.477684417767107010e+09 1.344599999999999962e-01
1.477684417879897118e+09 1.344599999999999962e-01
1.477684417993459940e+09 1.343999999999999917e-01
1.477684418105875015e+09 1.343399999999999872e-01
1.477684418219533920e+09 1.344400000000000039e-01
1.477684418331867933e+09 1.344499999999999862e-01
1.477684418445662975e+09 1.344700000000000062e-01
1.477684418558149099e+09 1.343600000000000072e-01
1.477684418670547009e+09 1.344400000000000039e-01
1.477684418784118891e+09 1.343999999999999917e-01
1.477684418896672010e+09 1.343300000000000050e-01
1.477684419010313988e+09 1.344100000000000017e-01
1.477684419122662067e+09 1.343999999999999917e-01
1.477684419236078978e+09 1.345099999999999907e-01
1.477684419348666906e+09 1.344799999999999884e-01
1.477684419462302923e+09 1.344400000000000039e-01
1.477684419574840069e+09 1.344200000000000117e-01
1.477684419688555956e+09 1.344899999999999984e-01
1.477684419800964117e+09 1.345600000000000129e-01
1.477684419914479971e+09 1.344499999999999862e-01
1.477684420027035952e+09 1.344400000000000039e-01
1.477684420140626907e+09 1.343600000000000072e-01
1.477684420253099918e+09 1.344799999999999884e-01
1.477684420366844893e+09 1.344400000000000039e-01
1.477684420479209900e+09 1.344100000000000017e-01
1.477684420592854977e+09 1.345300000000000107e-01
1.477684420705416918e+09 1.344700000000000062e-01
1.477684420818896055e+09 1.345899999999999874e-01
1.477684420932260990e+09 1.345500000000000029e-01
1.477684421043860912e+09 1.344700000000000062e-01
1.477684421157567978e+09 1.343699999999999894e-01
1.477684421271136999e+09 1.344400000000000039e-01
1.477684421383615971e+09 1.343900000000000095e-01
1.477684421496061087e+09 1.344700000000000062e-01
1.477684421609626055e+09 1.344499999999999862e-01
1.477684421722304106e+09 1.343900000000000095e-01
1.477684421835712910e+09 1.344100000000000017e-01
1.477684421948206902e+09 1.345800000000000052e-01
1.477684422061616898e+09 1.343600000000000072e-01
1.477684422174460888e+09 1.344200000000000117e-01
1.477684422287950993e+09 1.344599999999999962e-01
1.477684422400310040e+09 1.344499999999999862e-01
1.477684422513781071e+09 1.344400000000000039e-01
1.477684422626502991e+09 1.344499999999999862e-01
1.477684422739983082e+09 1.344400000000000039e-01
1.477684422852673054e+09 1.344100000000000017e-01
1.477684422966104031e+09 1.344299999999999939e-01
1.477684423078628063e+09 1.344899999999999984e-01
1.477684423192318916e+09 1.344200000000000117e-01
1.477684423304807901e+09 1.344799999999999884e-01
1.477684423418437958e+09 1.343699999999999894e-01
1.477684423530673981e+09 1.343699999999999894e-01
1.477684423644532919e+09 1.345000000000000084e-01
1.477684423757035971e+09 1.343999999999999917e-01
1.477684423870583057e+09 1.344400000000000039e-01
1.477684423983091116e+09 1.343999999999999917e-01
1.477684424096390963e+09 1.345099999999999907e-01
1.477684424209053993e+09 1.344100000000000017e-01
1.477684424322559118e+09 1.344700000000000062e-01
1.477684424435225964e+09 1.345500000000000029e-01
1.477684424548512936e+09 1.344799999999999884e-01
1.477684424661210060e+09 1.344700000000000062e-01
1.477684424774797916e+09 1.344200000000000117e-01
1.477684424887424946e+09 1.344499999999999862e-01
1.477684425000902891e+09 1.345099999999999907e-01
1.477684425113524914e+09 1.344499999999999862e-01
1.477684425226835966e+09 1.344700000000000062e-01
1.477684425339564085e+09 1.345500000000000029e-01
1.477684425452178955e+09 1.343999999999999917e-01
1.477684425565690041e+09 1.343900000000000095e-01
1.477684425677874088e+09 1.344899999999999984e-01
1.477684425791604042e+09 1.344499999999999862e-01
1.477684425904299021e+09 1.343600000000000072e-01
1.477684426017528057e+09 1.344499999999999862e-01
1.477684426130325079e+09 1.344599999999999962e-01
1.477684426243568897e+09 1.345000000000000084e-01
1.477684426356410027e+09 1.345099999999999907e-01
1.477684426469959974e+09 1.344599999999999962e-01
1.477684426582470894e+09 1.344299999999999939e-01
1.477684426695907116e+09 1.343600000000000072e-01
1.477684426808501959e+09 1.343600000000000072e-01
1.477684426922132015e+09 1.344100000000000017e-01
1.477684427034518003e+09 1.344700000000000062e-01
1.477684427148210049e+09 1.344899999999999984e-01
1.477684427260574102e+09 1.345699999999999952e-01
1.477684427374238968e+09 1.344899999999999984e-01
1.477684427486846924e+09 1.345600000000000129e-01
1.477684427600367069e+09 1.345500000000000029e-01
1.477684427712937117e+09 1.345000000000000084e-01
1.477684427825297117e+09 1.345399999999999929e-01
1.477684427938980103e+09 1.343499999999999972e-01
1.477684428051527023e+09 1.344899999999999984e-01
1.477684428164920092e+09 1.344700000000000062e-01
1.477684428277584076e+09 1.344799999999999884e-01
1.477684428390980959e+09 1.344499999999999862e-01
1.477684428503695965e+09 1.343799999999999994e-01
1.477684428617218971e+09 1.344200000000000117e-01
1.477684428729608059e+09 1.344599999999999962e-01
1.477684428843112946e+09 1.344899999999999984e-01
1.477684428955750942e+09 1.344599999999999962e-01
1.477684429069261074e+09 1.344100000000000017e-01
1.477684429181922913e+09 1.344499999999999862e-01
1.477684429295423031e+09 1.344899999999999984e-01
1.477684429407743931e+09 1.344499999999999862e-01
1.477684429521575928e+09 1.344700000000000062e-01
1.477684429634074926e+09 1.343900000000000095e-01
1.477684429747555971e+09 1.344499999999999862e-01
1.477684429860022068e+09 1.344400000000000039e-01
1.477684429973619938e+09 1.345500000000000029e-01
1.477684430086323023e+09 1.344400000000000039e-01
1.477684430199637890e+09 1.344799999999999884e-01
1.477684430312213898e+09 1.344299999999999939e-01
1.477684430425571918e+09 1.345300000000000107e-01
1.477684430538356066e+09 1.343999999999999917e-01
1.477684430651873112e+09 1.344799999999999884e-01
1.477684430764333010e+09 1.344200000000000117e-01
1.477684430877903938e+09 1.345500000000000029e-01
1.477684430990516901e+09 1.344899999999999984e-01
1.477684431104120016e+09 1.345000000000000084e-01
1.477684431216573954e+09 1.345200000000000007e-01
1.477684431330108881e+09 1.344799999999999884e-01
1.477684431442764044e+09 1.343600000000000072e-01
1.477684431555234909e+09 1.345300000000000107e-01
1.477684431668884039e+09 1.344200000000000117e-01
1.477684431782461882e+09 1.343300000000000050e-01
1.477684431894958973e+09 1.345399999999999929e-01
1.477684432007201910e+09 1.344700000000000062e-01
1.477684432120948076e+09 1.343499999999999972e-01
1.477684432234513998e+09 1.343600000000000072e-01
1.477684432347084045e+09 1.344299999999999939e-01
1.477684432459628105e+09 1.343300000000000050e-01
1.477684432572987080e+09 1.345200000000000007e-01
1.477684432685492992e+09 1.344899999999999984e-01
1.477684432799066067e+09 1.344700000000000062e-01
1.477684432911621094e+09 1.344899999999999984e-01
1.477684433025214911e+09 1.344299999999999939e-01
1.477684433137862921e+09 1.345099999999999907e-01
1.477684433251391888e+09 1.345300000000000107e-01
1.477684433363928080e+09 1.344100000000000017e-01
1.477684433477256060e+09 1.344700000000000062e-01
1.477684433590787888e+09 1.345200000000000007e-01
1.477684433703489065e+09 1.344299999999999939e-01
1.477684433816119909e+09 1.344499999999999862e-01
1.477684433929639101e+09 1.344599999999999962e-01
1.477684434042175055e+09 1.346199999999999897e-01
1.477684434154655933e+09 1.345500000000000029e-01
1.477684434268294096e+09 1.343499999999999972e-01
1.477684434380812883e+09 1.344899999999999984e-01
1.477684434494339943e+09 1.344100000000000017e-01
1.477684434606728077e+09 1.343900000000000095e-01
1.477684434720356941e+09 1.344799999999999884e-01
1.477684434833012104e+09 1.345200000000000007e-01
1.477684434946531057e+09 1.345300000000000107e-01
1.477684435058933973e+09 1.344700000000000062e-01
1.477684435172492981e+09 1.344899999999999984e-01
1.477684435284982920e+09 1.344700000000000062e-01
1.477684435398674011e+09 1.344400000000000039e-01
1.477684435511183023e+09 1.344700000000000062e-01
1.477684435624771118e+09 1.344700000000000062e-01
1.477684435737221956e+09 1.344299999999999939e-01
1.477684435850735903e+09 1.344499999999999862e-01
1.477684435963407040e+09 1.344599999999999962e-01
1.477684436076936007e+09 1.343799999999999994e-01
1.477684436189280987e+09 1.343999999999999917e-01
1.477684436302927971e+09 1.345000000000000084e-01
1.477684436415601015e+09 1.344299999999999939e-01
1.477684436528908968e+09 1.344400000000000039e-01
1.477684436641489983e+09 1.344799999999999884e-01
1.477684436754199028e+09 1.344299999999999939e-01
1.477684436867553949e+09 1.345300000000000107e-01
1.477684436981257915e+09 1.345200000000000007e-01
1.477684437093844891e+09 1.345399999999999929e-01
1.477684437206171036e+09 1.344299999999999939e-01
1.477684437319690943e+09 1.345999999999999974e-01
1.477684437432291031e+09 1.345000000000000084e-01
1.477684437545967102e+09 1.343300000000000050e-01
1.477684437658315897e+09 1.344299999999999939e-01
1.477684437772058964e+09 1.344400000000000039e-01
1.477684437884426117e+09 1.344799999999999884e-01
1.477684437998040915e+09 1.344599999999999962e-01
1.477684438110687017e+09 1.343999999999999917e-01
1.477684438224050045e+09 1.344899999999999984e-01
1.477684438336596012e+09 1.344299999999999939e-01
1.477684438450151920e+09 1.345099999999999907e-01
1.477684438562707901e+09 1.345000000000000084e-01
1.477684438676250935e+09 1.343799999999999994e-01
1.477684438788923025e+09 1.343699999999999894e-01
1.477684438902313948e+09 1.345000000000000084e-01
1.477684439014893055e+09 1.343999999999999917e-01
1.477684439128582954e+09 1.344100000000000017e-01
1.477684439241079092e+09 1.345300000000000107e-01
1.477684439354471922e+09 1.344299999999999939e-01
1.477684439467035055e+09 1.344299999999999939e-01
1.477684439580691099e+09 1.344499999999999862e-01
1.477684439693077087e+09 1.344200000000000117e-01
1.477684439806782007e+09 1.344200000000000117e-01
1.477684439919341087e+09 1.343799999999999994e-01
1.477684440032613993e+09 1.344599999999999962e-01
1.477684440145148039e+09 1.345899999999999874e-01
1.477684440257978916e+09 1.344899999999999984e-01
1.477684440371480942e+09 1.344299999999999939e-01
1.477684440484823942e+09 1.345099999999999907e-01
1.477684440597373962e+09 1.343600000000000072e-01
1.477684440711000919e+09 1.345399999999999929e-01
1.477684440823584080e+09 1.345000000000000084e-01
1.477684440936037064e+09 1.343900000000000095e-01
1.477684441049468040e+09 1.344100000000000017e-01
1.477684441162013054e+09 1.345399999999999929e-01
1.477684441275563002e+09 1.344400000000000039e-01
1.477684441388179064e+09 1.344599999999999962e-01
1.477684441501749992e+09 1.344599999999999962e-01
1.477684441614399910e+09 1.344499999999999862e-01
1.477684441727750063e+09 1.344899999999999984e-01
1.477684441840349913e+09 1.343999999999999917e-01
1.477684441953756094e+09 1.344100000000000017e-01
1.477684442066288948e+09 1.344400000000000039e-01
1.477684442180011034e+09 1.345399999999999929e-01
1.477684442292484999e+09 1.344700000000000062e-01
1.477684442406048059e+09 1.343999999999999917e-01
1.477684442518539906e+09 1.344599999999999962e-01
1.477684442632323980e+09 1.343799999999999994e-01
1.477684442744683981e+09 1.343699999999999894e-01
1.477684442858283997e+09 1.345200000000000007e-01
1.477684442970882893e+09 1.343799999999999994e-01
1.477684443084357977e+09 1.344299999999999939e-01
1.477684443197042942e+09 1.343799999999999994e-01
1.477684443310507059e+09 1.344599999999999962e-01
1.477684443423052073e+09 1.344100000000000017e-01
1.477684443535321951e+09 1.344799999999999884e-01
1.477684443649142027e+09 1.343300000000000050e-01
1.477684443761526108e+09 1.345399999999999929e-01
1.477684443875260115e+09 1.344899999999999984e-01
1.477684443987807035e+09 1.344700000000000062e-01
1.477684444101126909e+09 1.344899999999999984e-01
1.477684444213728905e+09 1.345500000000000029e-01
1.477684444327143908e+09 1.345300000000000107e-01
1.477684444440927029e+09 1.345399999999999929e-01
1.477684444553328037e+09 1.344799999999999884e-01
1.477684444665832996e+09 1.345200000000000007e-01
1.477684444779601097e+09 1.344700000000000062e-01
1.477684444893094063e+09 1.344899999999999984e-01
1.477684445005520105e+09 1.345300000000000107e-01
1.477684445117894888e+09 1.345399999999999929e-01
1.477684445231389999e+09 1.346499999999999919e-01
1.477684445344924927e+09 1.345000000000000084e-01
1.477684445457408905e+09 1.344599999999999962e-01
1.477684445570017099e+09 1.344200000000000117e-01
1.477684445683552027e+09 1.345099999999999907e-01
1.477684445797066927e+09 1.344299999999999939e-01
1.477684445909812927e+09 1.343499999999999972e-01
1.477684446022295952e+09 1.343900000000000095e-01
1.477684446135046959e+09 1.344400000000000039e-01
1.477684446248483896e+09 1.344499999999999862e-01
1.477684446361898899e+09 1.344899999999999984e-01
1.477684446474512100e+09 1.344200000000000117e-01
1.477684446587131023e+09 1.344799999999999884e-01
1.477684446700412989e+09 1.344400000000000039e-01
1.477684446813112020e+09 1.344299999999999939e-01
1.477684446926810980e+09 1.345099999999999907e-01
1.477684447039155006e+09 1.345099999999999907e-01
1.477684447152894974e+09 1.344700000000000062e-01
1.477684447265281916e+09 1.343499999999999972e-01
1.477684447378739119e+09 1.343999999999999917e-01
1.477684447491353035e+09 1.344499999999999862e-01
1.477684447604887962e+09 1.345500000000000029e-01
1.477684447717473030e+09 1.344499999999999862e-01
1.477684447831100941e+09 1.344499999999999862e-01
1.477684447943701029e+09 1.344700000000000062e-01
1.477684448057049036e+09 1.345800000000000052e-01
1.477684448169750929e+09 1.344499999999999862e-01
1.477684448283283949e+09 1.345800000000000052e-01
1.477684448395822048e+09 1.344299999999999939e-01
1.477684448509221077e+09 1.344200000000000117e-01
1.477684448621891022e+09 1.343600000000000072e-01
1.477684448735352039e+09 1.343900000000000095e-01
1.477684448847901106e+09 1.344700000000000062e-01
1.477684448961391926e+09 1.345200000000000007e-01
1.477684449073997974e+09 1.344599999999999962e-01
1.477684449187622070e+09 1.344799999999999884e-01
1.477684449300029039e+09 1.343999999999999917e-01
1.477684449413722038e+09 1.343600000000000072e-01
1.477684449526141882e+09 1.345600000000000129e-01
1.477684449638645887e+09 1.345200000000000007e-01
1.477684449752363920e+09 1.344200000000000117e-01
1.477684449865616083e+09 1.345300000000000107e-01
1.477684449978246927e+09 1.344700000000000062e-01
1.477684450091761112e+09 1.345399999999999929e-01
1.477684450204492092e+09 1.345600000000000129e-01
1.477684450316864967e+09 1.344100000000000017e-01
1.477684450430320024e+09 1.344599999999999962e-01
1.477684450543113947e+09 1.343600000000000072e-01
1.477684450656476021e+09 1.344799999999999884e-01
1.477684450769161940e+09 1.343900000000000095e-01
1.477684450882591963e+09 1.344700000000000062e-01
1.477684450995213985e+09 1.343699999999999894e-01
1.477684451108629942e+09 1.344599999999999962e-01
1.477684451222330093e+09 1.344599999999999962e-01
1.477684451334867954e+09 1.345300000000000107e-01
1.477684451447230101e+09 1.345300000000000107e-01
1.477684451560919046e+09 1.344499999999999862e-01
1.477684451674417973e+09 1.345200000000000007e-01
1.477684451786998034e+09 1.345600000000000129e-01
1.477684451899544001e+09 1.345099999999999907e-01
1.477684452012868881e+09 1.344799999999999884e-01
1.477684452125627041e+09 1.344899999999999984e-01
1.477684452239206076e+09 1.344200000000000117e-01
1.477684452351571083e+09 1.345500000000000029e-01
1.477684452464158058e+09 1.344200000000000117e-01
1.477684452577653885e+09 1.344899999999999984e-01
1.477684452691380024e+09 1.345399999999999929e-01
1.477684452803872108e+09 1.344100000000000017e-01
1.477684452916444063e+09 1.344899999999999984e-01
1.477684453029874086e+09 1.344100000000000017e-01
1.477684453142520905e+09 1.345200000000000007e-01
1.477684453256042004e+09 1.343399999999999872e-01
1.477684453368578911e+09 1.344799999999999884e-01
1.477684453482121944e+09 1.345300000000000107e-01
1.477684453594553947e+09 1.343900000000000095e-01
1.477684453708086967e+09 1.344400000000000039e-01
1.477684453820521116e+09 1.344700000000000062e-01
1.477684453934149981e+09 1.344799999999999884e-01
1.477684454046683073e+09 1.345000000000000084e-01
1.477684454160471916e+09 1.343600000000000072e-01
1.477684454272991896e+09 1.343900000000000095e-01
1.477684454386341095e+09 1.345300000000000107e-01
1.477684454498936892e+09 1.344799999999999884e-01
1.477684454612395048e+09 1.345099999999999907e-01
1.477684454724888086e+09 1.344499999999999862e-01
1.477684454838474989e+09 1.343499999999999972e-01
1.477684454951078892e+09 1.343600000000000072e-01
1.477684455064511061e+09 1.344200000000000117e-01
1.477684455176903009e+09 1.343900000000000095e-01
1.477684455290704966e+09 1.344700000000000062e-01
1.477684455403165102e+09 1.344400000000000039e-01
1.477684455516608953e+09 1.344499999999999862e-01
1.477684455629365921e+09 1.344799999999999884e-01
1.477684455741782904e+09 1.344799999999999884e-01
1.477684455855365992e+09 1.345800000000000052e-01
1.477684455968000889e+09 1.344899999999999984e-01
1.477684456081547976e+09 1.344700000000000062e-01
1.477684456193948030e+09 1.344599999999999962e-01
1.477684456307509899e+09 1.344899999999999984e-01
1.477684456419863939e+09 1.345899999999999874e-01
1.477684456533747911e+09 1.344299999999999939e-01
1.477684456647207975e+09 1.344899999999999984e-01
1.477684456759673119e+09 1.344100000000000017e-01
1.477684456872337103e+09 1.344200000000000117e-01
1.477684456985744953e+09 1.344299999999999939e-01
1.477684457098256111e+09 1.344599999999999962e-01
1.477684457211955070e+09 1.344799999999999884e-01
1.477684457324337006e+09 1.344100000000000017e-01
1.477684457437899113e+09 1.343399999999999872e-01
1.477684457550595999e+09 1.345699999999999952e-01
1.477684457664088964e+09 1.343999999999999917e-01
1.477684457776696920e+09 1.345300000000000107e-01
1.477684457890223980e+09 1.344499999999999862e-01
1.477684458003555059e+09 1.344899999999999984e-01
1.477684458116101980e+09 1.344899999999999984e-01
1.477684458228837013e+09 1.344200000000000117e-01
1.477684458341072083e+09 1.343699999999999894e-01
1.477684458454767942e+09 1.344700000000000062e-01
1.477684458568274021e+09 1.344599999999999962e-01
1.477684458680974960e+09 1.344700000000000062e-01
1.477684458793553114e+09 1.345000000000000084e-01
1.477684458906864882e+09 1.343999999999999917e-01
1.477684459019390106e+09 1.344899999999999984e-01
1.477684459133025885e+09 1.345099999999999907e-01
1.477684459245557070e+09 1.344299999999999939e-01
1.477684459359055042e+09 1.344799999999999884e-01
1.477684459471782923e+09 1.345399999999999929e-01
1.477684459585167885e+09 1.343399999999999872e-01
1.477684459697881937e+09 1.345300000000000107e-01
1.477684459811383963e+09 1.344100000000000017e-01
1.477684459923755884e+09 1.344899999999999984e-01
1.477684460037277937e+09 1.345300000000000107e-01
1.477684460150015116e+09 1.344799999999999884e-01
1.477684460263382912e+09 1.344200000000000117e-01
1.477684460376039982e+09 1.344299999999999939e-01
1.477684460489470005e+09 1.344400000000000039e-01
1.477684460602051973e+09 1.345300000000000107e-01
1.477684460715708971e+09 1.343699999999999894e-01
1.477684460828255892e+09 1.344499999999999862e-01
1.477684460941468000e+09 1.344799999999999884e-01
1.477684461054368973e+09 1.344700000000000062e-01
1.477684461167855978e+09 1.346299999999999997e-01
1.477684461280220032e+09 1.344599999999999962e-01
1.477684461393975019e+09 1.343999999999999917e-01
1.477684461506299019e+09 1.344200000000000117e-01
1.477684461619939089e+09 1.344400000000000039e-01
1.477684461732563019e+09 1.345000000000000084e-01
1.477684461846101046e+09 1.344499999999999862e-01
1.477684461958445072e+09 1.344200000000000117e-01
1.477684462072077990e+09 1.342599999999999905e-01
1.477684462184672117e+09 1.344599999999999962e-01
1.477684462297231913e+09 1.345300000000000107e-01
1.477684462410551071e+09 1.344700000000000062e-01
1.477684462523191929e+09 1.345399999999999929e-01
1.477684462636691093e+09 1.344599999999999962e-01
1.477684462749413013e+09 1.344899999999999984e-01
1.477684462862823963e+09 1.344599999999999962e-01
1.477684462975296021e+09 1.344899999999999984e-01
1.477684463088871956e+09 1.343600000000000072e-01
1.477684463201699972e+09 1.344200000000000117e-01
1.477684463315083981e+09 1.345399999999999929e-01
1.477684463428561926e+09 1.343900000000000095e-01
1.477684463541188955e+09 1.344400000000000039e-01
1.477684463653604031e+09 1.344299999999999939e-01
1.477684463767282009e+09 1.344599999999999962e-01
1.477684463880803108e+09 1.343699999999999894e-01
1.477684463993247986e+09 1.345699999999999952e-01
1.477684464105815887e+09 1.345800000000000052e-01
1.477684464219492912e+09 1.345899999999999874e-01
1.477684464331895113e+09 1.344100000000000017e-01
1.477684464445413113e+09 1.345300000000000107e-01
1.477684464557904959e+09 1.345899999999999874e-01
1.477684464671379089e+09 1.344899999999999984e-01
1.477684464784008026e+09 1.343900000000000095e-01
1.477684464897387981e+09 1.344599999999999962e-01
1.477684465010112047e+09 1.345099999999999907e-01
1.477684465122816086e+09 1.345800000000000052e-01
1.477684465236212015e+09 1.344499999999999862e-01
1.477684465348711967e+09 1.343900000000000095e-01
1.477684465462276936e+09 1.345099999999999907e-01
1.477684465574943066e+09 1.345999999999999974e-01
1.477684465688323975e+09 1.343900000000000095e-01
1.477684465801053047e+09 1.343900000000000095e-01
1.477684465914532900e+09 1.344100000000000017e-01
1.477684466026984930e+09 1.344899999999999984e-01
1.477684466140638113e+09 1.344799999999999884e-01
1.477684466252999067e+09 1.343399999999999872e-01
1.477684466366713047e+09 1.345600000000000129e-01
1.477684466479269028e+09 1.344499999999999862e-01
1.477684466592787981e+09 1.344200000000000117e-01
1.477684466705363989e+09 1.344799999999999884e-01
1.477684466818799973e+09 1.345999999999999974e-01
1.477684466931313992e+09 1.345099999999999907e-01
1.477684467044928074e+09 1.344299999999999939e-01
1.477684467157548904e+09 1.344799999999999884e-01
1.477684467270914078e+09 1.345000000000000084e-01
1.477684467383532047e+09 1.344499999999999862e-01
1.477684467497201920e+09 1.344499999999999862e-01
1.477684467609572887e+09 1.344700000000000062e-01
1.477684467723303080e+09 1.345600000000000129e-01
1.477684467835645914e+09 1.345300000000000107e-01
1.477684467949287891e+09 1.344599999999999962e-01
1.477684468061748981e+09 1.344700000000000062e-01
1.477684468174386978e+09 1.343699999999999894e-01
1.477684468288028002e+09 1.343999999999999917e-01
1.477684468401561022e+09 1.344200000000000117e-01
1.477684468513999939e+09 1.343999999999999917e-01
1.477684468626553059e+09 1.344200000000000117e-01
1.477684468740087032e+09 1.344499999999999862e-01
1.477684468852626085e+09 1.344200000000000117e-01
1.477684468966141939e+09 1.344700000000000062e-01
1.477684469078710079e+09 1.343699999999999894e-01
1.477684469192328930e+09 1.345200000000000007e-01
1.477684469304810047e+09 1.345000000000000084e-01
1.477684469418263912e+09 1.344400000000000039e-01
1.477684469530869007e+09 1.343799999999999994e-01
1.477684469644232988e+09 1.345000000000000084e-01
1.477684469756933928e+09 1.343699999999999894e-01
1.477684469870358944e+09 1.344499999999999862e-01
1.477684469982800961e+09 1.345300000000000107e-01
1.477684470096574068e+09 1.345200000000000007e-01
1.477684470209191084e+09 1.344299999999999939e-01
1.477684470322627068e+09 1.344200000000000117e-01
1.477684470435161114e+09 1.344799999999999884e-01
1.477684470548758030e+09 1.344299999999999939e-01
1.477684470661223888e+09 1.344200000000000117e-01
1.477684470774781942e+09 1.344499999999999862e-01
1.477684470887192965e+09 1.344200000000000117e-01
1.477684471000833988e+09 1.345500000000000029e-01
1.477684471113343954e+09 1.344400000000000039e-01
1.477684471226969004e+09 1.344499999999999862e-01
1.477684471339519978e+09 1.344100000000000017e-01
1.477684471451885939e+09 1.344100000000000017e-01
1.477684471565462112e+09 1.344200000000000117e-01
1.477684471678106070e+09 1.345000000000000084e-01
1.477684471791498899e+09 1.344499999999999862e-01
1.477684471904047966e+09 1.345399999999999929e-01
1.477684472017719030e+09 1.345099999999999907e-01
1.477684472130117893e+09 1.343100000000000127e-01
1.477684472243758917e+09 1.344700000000000062e-01
1.477684472356121063e+09 1.344299999999999939e-01
1.477684472469789028e+09 1.344899999999999984e-01
1.477684472582149029e+09 1.344200000000000117e-01
1.477684472695864916e+09 1.344700000000000062e-01
1.477684472808582067e+09 1.344100000000000017e-01
1.477684472922036886e+09 1.344299999999999939e-01
1.477684473034637928e+09 1.344700000000000062e-01
1.477684473147975922e+09 1.344299999999999939e-01
1.477684473260551929e+09 1.344700000000000062e-01
1.477684473374131918e+09 1.344299999999999939e-01
1.477684473486773968e+09 1.344299999999999939e-01
1.477684473599212885e+09 1.345099999999999907e-01
1.477684473712898970e+09 1.344100000000000017e-01
1.477684473826253891e+09 1.344400000000000039e-01
1.477684473938936949e+09 1.343999999999999917e-01
1.477684474052486897e+09 1.343199999999999950e-01
1.477684474164864063e+09 1.344700000000000062e-01
1.477684474278553009e+09 1.344599999999999962e-01
1.477684474390986919e+09 1.345600000000000129e-01
1.477684474503628969e+09 1.343499999999999972e-01
1.477684474617181063e+09 1.343900000000000095e-01
1.477684474730583906e+09 1.343199999999999950e-01
1.477684474843096972e+09 1.344599999999999962e-01
1.477684474955714941e+09 1.344299999999999939e-01
1.477684475069178104e+09 1.344299999999999939e-01
1.477684475182725906e+09 1.345399999999999929e-01
1.477684475295275927e+09 1.343799999999999994e-01
1.477684475407931089e+09 1.345600000000000129e-01
1.477684475521500111e+09 1.344899999999999984e-01
1.477684475635054111e+09 1.344200000000000117e-01
1.477684475747406960e+09 1.344899999999999984e-01
1.477684475859922886e+09 1.344499999999999862e-01
1.477684475973592997e+09 1.343499999999999972e-01
1.477684476086143017e+09 1.344100000000000017e-01
1.477684476199759007e+09 1.344200000000000117e-01
1.477684476312191010e+09 1.345399999999999929e-01
1.477684476425857067e+09 1.345600000000000129e-01
1.477684476538383007e+09 1.345200000000000007e-01
1.477684476651910067e+09 1.344700000000000062e-01
1.477684476764107943e+09 1.345000000000000084e-01
1.477684476877856016e+09 1.344100000000000017e-01
1.477684476990401983e+09 1.344100000000000017e-01
1.477684477103032112e+09 1.343799999999999994e-01
1.477684477216725111e+09 1.344299999999999939e-01
1.477684477329931021e+09 1.343399999999999872e-01
1.477684477442636967e+09 1.345300000000000107e-01
1.477684477556232929e+09 1.343600000000000072e-01
1.477684477668651104e+09 1.345099999999999907e-01
1.477684477781338930e+09 1.344200000000000117e-01
1.477684477894603968e+09 1.344499999999999862e-01
1.477684478007215977e+09 1.345500000000000029e-01
1.477684478120873928e+09 1.344599999999999962e-01
1.477684478233486891e+09 1.344299999999999939e-01
1.477684478346826077e+09 1.344599999999999962e-01
1.477684478459436893e+09 1.344799999999999884e-01
1.477684478572912931e+09 1.343399999999999872e-01
1.477684478685516119e+09 1.345000000000000084e-01
1.477684478799071074e+09 1.345099999999999907e-01
1.477684478911421061e+09 1.345200000000000007e-01
1.477684479025284052e+09 1.345300000000000107e-01
1.477684479137831926e+09 1.344899999999999984e-01
1.477684479251332045e+09 1.344100000000000017e-01
1.477684479363729000e+09 1.344799999999999884e-01
1.477684479477227926e+09 1.344700000000000062e-01
1.477684479589879990e+09 1.345399999999999929e-01
1.477684479703341007e+09 1.344200000000000117e-01
1.477684479816031933e+09 1.345099999999999907e-01
1.477684479929538012e+09 1.344299999999999939e-01
1.477684480041971922e+09 1.345000000000000084e-01
1.477684480155569077e+09 1.343699999999999894e-01
1.477684480268121958e+09 1.345600000000000129e-01
1.477684480381553888e+09 1.343999999999999917e-01
1.477684480494062901e+09 1.343399999999999872e-01
1.477684480606692076e+09 1.344400000000000039e-01
1.477684480720376968e+09 1.345000000000000084e-01
1.477684480832761049e+09 1.344499999999999862e-01
1.477684480946465015e+09 1.344799999999999884e-01
1.477684481058857918e+09 1.343699999999999894e-01
1.477684481172575951e+09 1.344100000000000017e-01
1.477684481285211086e+09 1.344700000000000062e-01
1.477684481398435116e+09 1.345099999999999907e-01
1.477684481511864901e+09 1.344700000000000062e-01
1.477684481624547005e+09 1.344400000000000039e-01
1.477684481737088919e+09 1.343000000000000027e-01
1.477684481850775003e+09 1.343399999999999872e-01
1.477684481963145971e+09 1.344299999999999939e-01
1.477684482076566935e+09 1.343799999999999994e-01
1.477684482189389944e+09 1.344200000000000117e-01
1.477684482302910089e+09 1.344499999999999862e-01
1.477684482416470051e+09 1.345300000000000107e-01
1.477684482529038906e+09 1.344499999999999862e-01
1.477684482641309977e+09 1.344499999999999862e-01
1.477684482755085945e+09 1.344200000000000117e-01
1.477684482867510080e+09 1.345300000000000107e-01
1.477684482981055021e+09 1.345000000000000084e-01
1.477684483093700886e+09 1.345300000000000107e-01
1.477684483207302094e+09 1.345099999999999907e-01
1.477684483319766045e+09 1.345800000000000052e-01
1.477684483433346987e+09 1.344400000000000039e-01
1.477684483545861006e+09 1.345200000000000007e-01
1.477684483659224033e+09 1.344499999999999862e-01
1.477684483771812916e+09 1.345500000000000029e-01
1.477684483884413004e+09 1.345000000000000084e-01
1.477684483998064041e+09 1.345399999999999929e-01
1.477684484110558987e+09 1.344200000000000117e-01
1.477684484223854065e+09 1.343900000000000095e-01
1.477684484336690903e+09 1.343199999999999950e-01
1.477684484450006962e+09 1.345000000000000084e-01
1.477684484562787056e+09 1.345200000000000007e-01
1.477684484676192045e+09 1.345099999999999907e-01
1.477684484788764000e+09 1.344700000000000062e-01
1.477684484902275085e+09 1.344700000000000062e-01
1.477684485014964104e+09 1.345300000000000107e-01
1.477684485128366947e+09 1.344499999999999862e-01
1.477684485240777969e+09 1.344400000000000039e-01
1.477684485354475021e+09 1.345099999999999907e-01
1.477684485466995001e+09 1.344400000000000039e-01
1.477684485580670118e+09 1.344700000000000062e-01
1.477684485692933083e+09 1.343999999999999917e-01
1.477684485806586981e+09 1.344299999999999939e-01
1.477684485919068098e+09 1.344200000000000117e-01
1.477684486032825947e+09 1.344799999999999884e-01
1.477684486145210028e+09 1.344200000000000117e-01
1.477684486258637905e+09 1.344400000000000039e-01
1.477684486371315956e+09 1.344299999999999939e-01
1.477684486484827995e+09 1.345600000000000129e-01
1.477684486597363949e+09 1.345000000000000084e-01
1.477684486710885048e+09 1.343399999999999872e-01
1.477684486823301077e+09 1.345500000000000029e-01
1.477684486937133074e+09 1.343699999999999894e-01
1.477684487049774885e+09 1.344799999999999884e-01
1.477684487162214994e+09 1.344100000000000017e-01
1.477684487275584936e+09 1.344400000000000039e-01
1.477684487389147997e+09 1.344700000000000062e-01
1.477684487501810074e+09 1.344299999999999939e-01
1.477684487614337921e+09 1.344899999999999984e-01
1.477684487727767944e+09 1.344400000000000039e-01
1.477684487841346979e+09 1.345200000000000007e-01
1.477684487953969955e+09 1.344700000000000062e-01
1.477684488066513062e+09 1.343600000000000072e-01
1.477684488180056095e+09 1.344599999999999962e-01
1.477684488292593956e+09 1.345300000000000107e-01
1.477684488405843019e+09 1.344799999999999884e-01
1.477684488518532991e+09 1.345000000000000084e-01
1.477684488632055044e+09 1.344499999999999862e-01
1.477684488745623112e+09 1.344200000000000117e-01
1.477684488858311892e+09 1.344499999999999862e-01
1.477684488970618963e+09 1.345000000000000084e-01
1.477684489084337950e+09 1.344400000000000039e-01
1.477684489196974039e+09 1.344400000000000039e-01
1.477684489309186935e+09 1.344799999999999884e-01
1.477684489422873974e+09 1.342700000000000005e-01
1.477684489536377907e+09 1.345300000000000107e-01
1.477684489649117947e+09 1.344200000000000117e-01
1.477684489762474060e+09 1.343999999999999917e-01
1.477684489875216961e+09 1.344700000000000062e-01
1.477684489988357067e+09 1.345000000000000084e-01
1.477684490101109028e+09 1.344400000000000039e-01
1.477684490213665962e+09 1.344200000000000117e-01
1.477684490327198029e+09 1.345099999999999907e-01
1.477684490439853907e+09 1.343300000000000050e-01
1.477684490553297997e+09 1.344499999999999862e-01
1.477684490665958881e+09 1.343399999999999872e-01
1.477684490779249907e+09 1.344599999999999962e-01
1.477684490891896963e+09 1.343499999999999972e-01
1.477684491005565882e+09 1.343999999999999917e-01
1.477684491117918015e+09 1.344799999999999884e-01
1.477684491231650114e+09 1.344700000000000062e-01
1.477684491344060898e+09 1.344899999999999984e-01
1.477684491457575083e+09 1.344799999999999884e-01
1.477684491570012093e+09 1.345300000000000107e-01
1.477684491683681011e+09 1.344499999999999862e-01
1.477684491796196938e+09 1.343900000000000095e-01
1.477684491909784079e+09 1.344700000000000062e-01
1.477684492022428989e+09 1.344799999999999884e-01
1.477684492135823965e+09 1.344599999999999962e-01
1.477684492248411894e+09 1.344299999999999939e-01
1.477684492361943960e+09 1.344100000000000017e-01
1.477684492474556923e+09 1.343799999999999994e-01
1.477684492588129997e+09 1.343999999999999917e-01
1.477684492700697899e+09 1.345300000000000107e-01
1.477684492814119101e+09 1.344200000000000117e-01
1.477684492926774025e+09 1.344100000000000017e-01
1.477684493039261103e+09 1.345500000000000029e-01
1.477684493152600050e+09 1.343999999999999917e-01
1.477684493266252995e+09 1.345000000000000084e-01
1.477684493378778934e+09 1.343799999999999994e-01
1.477684493491286039e+09 1.343600000000000072e-01
1.477684493604996920e+09 1.345399999999999929e-01
1.477684493717328072e+09 1.344799999999999884e-01
1.477684493830862999e+09 1.343699999999999894e-01
1.477684493943511009e+09 1.344799999999999884e-01
1.477684494057147026e+09 1.344299999999999939e-01
1.477684494169699907e+09 1.344100000000000017e-01
1.477684494283147097e+09 1.344599999999999962e-01
1.477684494395724058e+09 1.344299999999999939e-01
1.477684494509368896e+09 1.344499999999999862e-01
1.477684494621840954e+09 1.345500000000000029e-01
1.477684494735171080e+09 1.345899999999999874e-01
1.477684494847881079e+09 1.345500000000000029e-01
1.477684494961380005e+09 1.344799999999999884e-01
1.477684495075009108e+09 1.344599999999999962e-01
1.477684495187422991e+09 1.344400000000000039e-01
1.477684495300004005e+09 1.344700000000000062e-01
1.477684495413497925e+09 1.344700000000000062e-01
1.477684495526211977e+09 1.344299999999999939e-01
1.477684495638597012e+09 1.343699999999999894e-01
1.477684495752166033e+09 1.344200000000000117e-01
1.477684495865863085e+09 1.344799999999999884e-01
1.477684495979223967e+09 1.344400000000000039e-01
1.477684496090914011e+09 1.344499999999999862e-01
1.477684496204485893e+09 1.344400000000000039e-01
1.477684496316993952e+09 1.344400000000000039e-01
1.477684496430517912e+09 1.344499999999999862e-01
1.477684496543085098e+09 1.344299999999999939e-01
1.477684496656577110e+09 1.344100000000000017e-01
1.477684496768978119e+09 1.343499999999999972e-01
1.477684496882529974e+09 1.345200000000000007e-01
1.477684496995254993e+09 1.343999999999999917e-01
1.477684497108565092e+09 1.345300000000000107e-01
1.477684497221359968e+09 1.344599999999999962e-01
1.477684497334836006e+09 1.343799999999999994e-01
1.477684497447254896e+09 1.344400000000000039e-01
1.477684497560942888e+09 1.344400000000000039e-01
1.477684497673194885e+09 1.343199999999999950e-01
1.477684497786880016e+09 1.344400000000000039e-01
1.477684497899478912e+09 1.344599999999999962e-01
1.477684498012954950e+09 1.344899999999999984e-01
1.477684498125617981e+09 1.343199999999999950e-01
1.477684498239243984e+09 1.343699999999999894e-01
1.477684498351562023e+09 1.344299999999999939e-01
1.477684498465020895e+09 1.343699999999999894e-01
1.477684498577698946e+09 1.344599999999999962e-01
1.477684498691037893e+09 1.344100000000000017e-01
1.477684498803706884e+09 1.343499999999999972e-01
1.477684498917181015e+09 1.344100000000000017e-01
1.477684499029839039e+09 1.344100000000000017e-01
1.477684499143199921e+09 1.344599999999999962e-01
1.477684499255996943e+09 1.343399999999999872e-01
1.477684499369559050e+09 1.344499999999999862e-01
1.477684499481976986e+09 1.344299999999999939e-01
1.477684499595408916e+09 1.343600000000000072e-01
1.477684499708106995e+09 1.345099999999999907e-01
1.477684499820415974e+09 1.344299999999999939e-01
1.477684499934050083e+09 1.345099999999999907e-01
1.477684500047560930e+09 1.344100000000000017e-01
1.477684500160372019e+09 1.343900000000000095e-01
1.477684500272629976e+09 1.343699999999999894e-01
1.477684500386481047e+09 1.344299999999999939e-01
1.477684500499847889e+09 1.343199999999999950e-01
1.477684500612535954e+09 1.345399999999999929e-01
1.477684500724945068e+09 1.345000000000000084e-01
1.477684500838495016e+09 1.343999999999999917e-01
1.477684500951181889e+09 1.343900000000000095e-01
1.477684501064567089e+09 1.345200000000000007e-01
1.477684501177122116e+09 1.344100000000000017e-01
1.477684501290632963e+09 1.343600000000000072e-01
1.477684501404210091e+09 1.343999999999999917e-01
1.477684501516928911e+09 1.343799999999999994e-01
1.477684501629205942e+09 1.345099999999999907e-01
1.477684501742744923e+09 1.344899999999999984e-01
1.477684501855469942e+09 1.344100000000000017e-01
1.477684501968997955e+09 1.344400000000000039e-01
1.477684502081562996e+09 1.344200000000000117e-01
1.477684502193970919e+09 1.344499999999999862e-01
1.477684502307509899e+09 1.344499999999999862e-01
1.477684502420084000e+09 1.345399999999999929e-01
1.477684502533675909e+09 1.344799999999999884e-01
1.477684502646296978e+09 1.343900000000000095e-01
1.477684502759619951e+09 1.345500000000000029e-01
1.477684502872267962e+09 1.345300000000000107e-01
1.477684502985925913e+09 1.344400000000000039e-01
1.477684503099483967e+09 1.343699999999999894e-01
1.477684503211848021e+09 1.343999999999999917e-01
1.477684503324413061e+09 1.345300000000000107e-01
1.477684503437983990e+09 1.344299999999999939e-01
1.477684503550555944e+09 1.343799999999999994e-01
1.477684503664016008e+09 1.344400000000000039e-01
1.477684503776562929e+09 1.344400000000000039e-01
1.477684503890166998e+09 1.344700000000000062e-01
1.477684504002727985e+09 1.344200000000000117e-01
1.477684504116281986e+09 1.343900000000000095e-01
1.477684504228527069e+09 1.344899999999999984e-01
1.477684504342152119e+09 1.344599999999999962e-01
1.477684504454781055e+09 1.345000000000000084e-01
1.477684504568451881e+09 1.344100000000000017e-01
1.477684504680841923e+09 1.343699999999999894e-01
1.477684504794337988e+09 1.343499999999999972e-01
1.477684504906917095e+09 1.344100000000000017e-01
1.477684505020595074e+09 1.344499999999999862e-01
1.477684505133146048e+09 1.344499999999999862e-01
1.477684505246531010e+09 1.344100000000000017e-01
1.477684505359067917e+09 1.344899999999999984e-01
1.477684505472569942e+09 1.344400000000000039e-01
1.477684505585175037e+09 1.344499999999999862e-01
1.477684505698704004e+09 1.343999999999999917e-01
1.477684505811307907e+09 1.344200000000000117e-01
1.477684505924959898e+09 1.344299999999999939e-01
1.477684506037460089e+09 1.343699999999999894e-01
1.477684506150007010e+09 1.343999999999999917e-01
1.477684506263570070e+09 1.343600000000000072e-01
1.477684506376976013e+09 1.343799999999999994e-01
1.477684506489480972e+09 1.343799999999999994e-01
1.477684506602149010e+09 1.344700000000000062e-01
1.477684506715822935e+09 1.343699999999999894e-01
1.477684506829308033e+09 1.343100000000000127e-01
1.477684506941818953e+09 1.344499999999999862e-01
1.477684507054337025e+09 1.345000000000000084e-01
1.477684507167776108e+09 1.344400000000000039e-01
1.477684507280424118e+09 1.343600000000000072e-01
1.477684507393814087e+09 1.343100000000000127e-01
1.477684507506362915e+09 1.344899999999999984e-01
1.477684507619946003e+09 1.345399999999999929e-01
1.477684507732417107e+09 1.343900000000000095e-01
1.477684507846112013e+09 1.344499999999999862e-01
1.477684507958472013e+09 1.343600000000000072e-01
1.477684508072020054e+09 1.344200000000000117e-01
1.477684508185585976e+09 1.343499999999999972e-01
1.477684508298046112e+09 1.345000000000000084e-01
1.477684508410739899e+09 1.343900000000000095e-01
1.477684508523252964e+09 1.344499999999999862e-01
1.477684508636821985e+09 1.343699999999999894e-01
1.477684508749291897e+09 1.344200000000000117e-01
1.477684508862967968e+09 1.344400000000000039e-01
1.477684508975423098e+09 1.344799999999999884e-01
1.477684509088958025e+09 1.344400000000000039e-01
1.477684509201514959e+09 1.344200000000000117e-01
1.477684509315160036e+09 1.344299999999999939e-01
1.477684509427691936e+09 1.345300000000000107e-01
1.477684509541117907e+09 1.343900000000000095e-01
1.477684509653698921e+09 1.344200000000000117e-01
1.477684509767199993e+09 1.343799999999999994e-01
1.477684509879827976e+09 1.344299999999999939e-01
1.477684509993314981e+09 1.344400000000000039e-01
1.477684510105842113e+09 1.345000000000000084e-01
1.477684510219243050e+09 1.344200000000000117e-01
1.477684510331959963e+09 1.344499999999999862e-01
1.477684510445395947e+09 1.344599999999999962e-01
1.477684510557905912e+09 1.344700000000000062e-01
1.477684510671535969e+09 1.344499999999999862e-01
1.477684510784219027e+09 1.344700000000000062e-01
1.477684510897594929e+09 1.344200000000000117e-01
1.477684511010222912e+09 1.343499999999999972e-01
1.477684511123609066e+09 1.344100000000000017e-01
1.477684511236044884e+09 1.344499999999999862e-01
1.477684511348845005e+09 1.344499999999999862e-01
1.477684511462265968e+09 1.345000000000000084e-01
1.477684511575823069e+09 1.344599999999999962e-01
1.477684511688436031e+09 1.344400000000000039e-01
1.477684511801008940e+09 1.344299999999999939e-01
1.477684511914424896e+09 1.345000000000000084e-01
1.477684512027095079e+09 1.344799999999999884e-01
1.477684512140523911e+09 1.343799999999999994e-01
1.477684512254012108e+09 1.344400000000000039e-01
1.477684512366709948e+09 1.343100000000000127e-01
1.477684512480154991e+09 1.343999999999999917e-01
1.477684512592850924e+09 1.344499999999999862e-01
1.477684512706070900e+09 1.345000000000000084e-01
1.477684512818902016e+09 1.345099999999999907e-01
1.477684512931309938e+09 1.345000000000000084e-01
1.477684513044931889e+09 1.344100000000000017e-01
1.477684513158489943e+09 1.344100000000000017e-01
1.477684513271038055e+09 1.345000000000000084e-01
1.477684513383624077e+09 1.343900000000000095e-01
1.477684513497119904e+09 1.344499999999999862e-01
1.477684513610656977e+09 1.343999999999999917e-01
1.477684513723083019e+09 1.344499999999999862e-01
1.477684513835628033e+09 1.344499999999999862e-01
1.477684513949301004e+09 1.343000000000000027e-01
1.477684514061825991e+09 1.343499999999999972e-01
1.477684514175177097e+09 1.343499999999999972e-01
