1.477681845676969051e+09 1.343199999999999950e-01
1.477681845772804976e+09 1.343199999999999950e-01
1.477681845885427952e+09 1.343799999999999994e-01
1.477681845998889923e+09 1.342800000000000105e-01
1.477681846112507105e+09 1.343399999999999872e-01
1.477681846224997044e+09 1.343000000000000027e-01
1.477681846337579966e+09 1.343000000000000027e-01
1.477681846451083899e+09 1.343900000000000095e-01
1.477681846563661098e+09 1.342200000000000060e-01
1.477681846677164078e+09 1.343600000000000072e-01
1.477681846789809942e+09 1.343600000000000072e-01
1.477681846903287888e+09 1.342800000000000105e-01
1.477681847015801907e+09 1.342200000000000060e-01
1.477681847129430056e+09 1.343300000000000050e-01
1.477681847241831064e+09 1.343900000000000095e-01
1.477681847355443001e+09 1.343799999999999994e-01
1.477681847467961073e+09 1.343799999999999994e-01
1.477681847581408024e+09 1.343799999999999994e-01
1.477681847694088936e+09 1.343799999999999994e-01
1.477681847807702065e+09 1.343499999999999972e-01
1.477681847920206070e+09 1.342700000000000005e-01
1.477681848032593966e+09 1.344100000000000017e-01
1.477681848146183014e+09 1.343600000000000072e-01
1.477681848259727001e+09 1.342099999999999960e-01
1.477681848372420073e+09 1.344499999999999862e-01
1.477681848485878944e+09 1.342899999999999927e-01
1.477681848598468065e+09 1.344299999999999939e-01
1.477681848710844040e+09 1.343399999999999872e-01
1.477681848824404955e+09 1.343999999999999917e-01
1.477681848936969995e+09 1.342899999999999927e-01
1.477681849050707102e+09 1.342599999999999905e-01
1.477681849163069963e+09 1.343399999999999872e-01
1.477681849276747942e+09 1.342599999999999905e-01
1.477681849389224052e+09 1.343000000000000027e-01
1.477681849502842903e+09 1.342899999999999927e-01
1.477681849615186930e+09 1.343399999999999872e-01
1.477681849728761911e+09 1.343600000000000072e-01
1.477681849841365099e+09 1.342299999999999882e-01
1.477681849954866886e+09 1.343999999999999917e-01
1.477681850067384005e+09 1.342899999999999927e-01
1.477681850180989981e+09 1.343799999999999994e-01
1.477681850293375015e+09 1.343199999999999950e-01
1.477681850407036066e+09 1.343399999999999872e-01
1.477681850519510031e+09 1.342200000000000060e-01
1.477681850633059978e+09 1.343300000000000050e-01
1.477681850745659113e+09 1.342599999999999905e-01
1.477681850859199047e+09 1.343900000000000095e-01
1.477681850971646070e+09 1.343900000000000095e-01
1.477681851085290909e+09 1.342700000000000005e-01
1.477681851197761059e+09 1.343799999999999994e-01
1.477681851311732054e+09 1.342599999999999905e-01
1.477681851423858881e+09 1.343100000000000127e-01
1.477681851537611961e+09 1.343900000000000095e-01
1.477681851650094986e+09 1.343699999999999894e-01
1.477681851762474060e+09 1.343100000000000127e-01
1.477681851876173973e+09 1.342899999999999927e-01
1.477681851988502979e+09 1.343000000000000027e-01
1.477681852102257967e+09 1.343399999999999872e-01
1.477681852214685917e+09 1.343000000000000027e-01
1.477681852328320026e+09 1.342800000000000105e-01
1.477681852440742016e+09 1.342700000000000005e-01
1.477681852554378033e+09 1.343199999999999950e-01
1.477681852666881084e+09 1.341799999999999937e-01
1.477681852780471087e+09 1.342500000000000082e-01
1.477681852892853975e+09 1.343799999999999994e-01
1.477681853006500959e+09 1.343000000000000027e-01
1.477681853119136095e+09 1.341900000000000037e-01
1.477681853232635021e+09 1.343199999999999950e-01
1.477681853345060110e+09 1.342299999999999882e-01
1.477681853458709002e+09 1.343199999999999950e-01
1.477681853571374893e+09 1.343399999999999872e-01
1.477681853684669971e+09 1.343600000000000072e-01
1.477681853797221899e+09 1.343399999999999872e-01
1.477681853910012960e+09 1.343000000000000027e-01
1.477681854023536921e+09 1.342099999999999960e-01
1.477681854136842966e+09 1.343100000000000127e-01
1.477681854249435902e+09 1.342700000000000005e-01
1.477681854361948967e+09 1.342299999999999882e-01
1.477681854475615025e+09 1.342800000000000105e-01
1.477681854589138031e+09 1.342800000000000105e-01
1.477681854701612949e+09 1.342399999999999982e-01
1.477681854814132929e+09 1.343300000000000050e-01
1.477681854927660942e+09 1.343300000000000050e-01
1.477681855040172100e+09 1.343199999999999950e-01
1.477681855153871059e+09 1.343199999999999950e-01
1.477681855266223907e+09 1.342800000000000105e-01
1.477681855379863024e+09 1.343300000000000050e-01
1.477681855492377996e+09 1.343900000000000095e-01
1.477681855605882883e+09 1.343100000000000127e-01
1.477681855718439102e+09 1.342899999999999927e-01
1.477681855831913948e+09 1.343100000000000127e-01
1.477681855944442034e+09 1.343000000000000027e-01
1.477681856057966948e+09 1.344400000000000039e-01
1.477681856170696020e+09 1.343100000000000127e-01
1.477681856284096956e+09 1.343300000000000050e-01
1.477681856396696091e+09 1.343999999999999917e-01
1.477681856510199070e+09 1.344200000000000117e-01
1.477681856622838974e+09 1.343199999999999950e-01
1.477681856736287117e+09 1.343399999999999872e-01
1.477681856848786116e+09 1.343199999999999950e-01
1.477681856962393999e+09 1.342000000000000137e-01
1.477681857074924946e+09 1.343100000000000127e-01
1.477681857188415051e+09 1.343399999999999872e-01
1.477681857301150084e+09 1.343300000000000050e-01
1.477681857413593054e+09 1.342399999999999982e-01
1.477681857526979923e+09 1.343499999999999972e-01
1.477681857639547110e+09 1.343000000000000027e-01
1.477681857753144026e+09 1.343000000000000027e-01
1.477681857865698099e+09 1.343199999999999950e-01
1.477681857979176998e+09 1.343300000000000050e-01
1.477681858091752052e+09 1.343499999999999972e-01
1.477681858205353022e+09 1.343300000000000050e-01
1.477681858317807913e+09 1.342899999999999927e-01
1.477681858431356907e+09 1.343000000000000027e-01
1.477681858543945074e+09 1.342200000000000060e-01
1.477681858657402039e+09 1.343399999999999872e-01
1.477681858769975901e+09 1.343799999999999994e-01
1.477681858883563995e+09 1.342899999999999927e-01
1.477681858996087074e+09 1.343799999999999994e-01
1.477681859109606981e+09 1.343399999999999872e-01
1.477681859222199917e+09 1.342700000000000005e-01
1.477681859335647106e+09 1.343999999999999917e-01
1.477681859448256016e+09 1.342899999999999927e-01
1.477681859561805964e+09 1.343600000000000072e-01
1.477681859674350977e+09 1.343499999999999972e-01
1.477681859787827969e+09 1.344400000000000039e-01
1.477681859900423050e+09 1.342200000000000060e-01
1.477681860013900042e+09 1.342099999999999960e-01
1.477681860126668930e+09 1.343199999999999950e-01
1.477681860240078926e+09 1.343300000000000050e-01
1.477681860352575064e+09 1.343100000000000127e-01
1.477681860466140985e+09 1.344200000000000117e-01
1.477681860578794003e+09 1.342500000000000082e-01
1.477681860691385984e+09 1.342500000000000082e-01
1.477681860804863930e+09 1.343199999999999950e-01
1.477681860917247057e+09 1.342399999999999982e-01
1.477681861030864954e+09 1.343300000000000050e-01
1.477681861143326998e+09 1.343699999999999894e-01
1.477681861256906986e+09 1.342800000000000105e-01
1.477681861369497061e+09 1.342599999999999905e-01
1.477681861482961893e+09 1.342399999999999982e-01
1.477681861596501112e+09 1.342800000000000105e-01
1.477681861709263086e+09 1.343000000000000027e-01
1.477681861821582079e+09 1.341900000000000037e-01
1.477681861935178041e+09 1.343100000000000127e-01
1.477681862048702955e+09 1.342800000000000105e-01
1.477681862161185026e+09 1.342700000000000005e-01
1.477681862273766041e+09 1.342700000000000005e-01
1.477681862387265921e+09 1.343100000000000127e-01
1.477681862500852108e+09 1.343199999999999950e-01
1.477681862613409042e+09 1.343600000000000072e-01
1.477681862726020098e+09 1.342500000000000082e-01
1.477681862839489937e+09 1.344200000000000117e-01
1.477681862953073978e+09 1.342500000000000082e-01
1.477681863065706968e+09 1.343100000000000127e-01
1.477681863178113937e+09 1.342700000000000005e-01
1.477681863291680098e+09 1.343300000000000050e-01
1.477681863404371023e+09 1.342099999999999960e-01
1.477681863517802000e+09 1.343199999999999950e-01
1.477681863630311966e+09 1.342200000000000060e-01
1.477681863742844105e+09 1.343300000000000050e-01
1.477681863856693029e+09 1.343600000000000072e-01
1.477681863969974995e+09 1.342899999999999927e-01
1.477681864082495928e+09 1.343000000000000027e-01
1.477681864194974899e+09 1.342599999999999905e-01
1.477681864308434963e+09 1.342299999999999882e-01
1.477681864421328068e+09 1.343000000000000027e-01
1.477681864534586906e+09 1.343999999999999917e-01
1.477681864647248983e+09 1.342599999999999905e-01
1.477681864760780096e+09 1.343799999999999994e-01
1.477681864873223066e+09 1.343300000000000050e-01
1.477681864986726999e+09 1.344100000000000017e-01
1.477681865099340916e+09 1.343000000000000027e-01
1.477681865212783098e+09 1.343499999999999972e-01
1.477681865325537920e+09 1.343499999999999972e-01
1.477681865439084053e+09 1.342599999999999905e-01
1.477681865551404953e+09 1.343900000000000095e-01
1.477681865664994955e+09 1.342200000000000060e-01
1.477681865777522087e+09 1.343199999999999950e-01
1.477681865891051054e+09 1.343300000000000050e-01
1.477681866003648043e+09 1.342800000000000105e-01
1.477681866117178917e+09 1.342899999999999927e-01
1.477681866229716063e+09 1.341799999999999937e-01
1.477681866343228102e+09 1.342700000000000005e-01
1.477681866455840111e+09 1.342500000000000082e-01
1.477681866569236040e+09 1.342899999999999927e-01
1.477681866681876898e+09 1.343600000000000072e-01
1.477681866795423031e+09 1.343999999999999917e-01
1.477681866908078909e+09 1.343199999999999950e-01
1.477681867020603895e+09 1.343499999999999972e-01
1.477681867134111881e+09 1.344200000000000117e-01
1.477681867246540070e+09 1.343199999999999950e-01
1.477681867360084057e+09 1.343499999999999972e-01
1.477681867473592997e+09 1.343600000000000072e-01
1.477681867586266994e+09 1.342899999999999927e-01
1.477681867698733091e+09 1.343199999999999950e-01
1.477681867812285900e+09 1.342399999999999982e-01
1.477681867925842047e+09 1.342800000000000105e-01
1.477681868038284063e+09 1.341299999999999992e-01
1.477681868150902033e+09 1.342200000000000060e-01
1.477681868264431000e+09 1.343000000000000027e-01
1.477681868377933025e+09 1.342500000000000082e-01
1.477681868490547895e+09 1.343399999999999872e-01
1.477681868603034973e+09 1.343000000000000027e-01
1.477681868716562033e+09 1.342299999999999882e-01
1.477681868830141068e+09 1.342399999999999982e-01
1.477681868942639112e+09 1.342500000000000082e-01
1.477681869055176973e+09 1.342700000000000005e-01
1.477681869168833971e+09 1.342899999999999927e-01
1.477681869282433033e+09 1.342800000000000105e-01
1.477681869394819021e+09 1.342599999999999905e-01
1.477681869507508039e+09 1.342800000000000105e-01
1.477681869619875908e+09 1.342200000000000060e-01
1.477681869733454943e+09 1.343600000000000072e-01
1.477681869846946001e+09 1.342800000000000105e-01
1.477681869959692955e+09 1.342399999999999982e-01
1.477681870072324038e+09 1.342500000000000082e-01
1.477681870185641050e+09 1.343000000000000027e-01
1.477681870299175978e+09 1.342800000000000105e-01
1.477681870411652088e+09 1.342500000000000082e-01
1.477681870524365902e+09 1.341900000000000037e-01
1.477681870637829065e+09 1.342899999999999927e-01
1.477681870750349998e+09 1.342299999999999882e-01
1.477681870863991022e+09 1.342599999999999905e-01
1.477681870976443052e+09 1.342800000000000105e-01
1.477681871089966059e+09 1.343399999999999872e-01
1.477681871202404022e+09 1.343199999999999950e-01
1.477681871316024065e+09 1.342099999999999960e-01
1.477681871428553104e+09 1.343000000000000027e-01
1.477681871542221069e+09 1.342399999999999982e-01
1.477681871654792070e+09 1.343300000000000050e-01
1.477681871768151045e+09 1.342399999999999982e-01
1.477681871880698919e+09 1.342299999999999882e-01
1.477681871994257927e+09 1.342899999999999927e-01
1.477681872106921911e+09 1.343399999999999872e-01
1.477681872220426083e+09 1.342500000000000082e-01
1.477681872333028078e+09 1.342700000000000005e-01
1.477681872446357965e+09 1.341400000000000092e-01
1.477681872559046984e+09 1.342299999999999882e-01
1.477681872672557116e+09 1.343199999999999950e-01
1.477681872784986019e+09 1.343000000000000027e-01
1.477681872898570061e+09 1.342500000000000082e-01
1.477681873011115074e+09 1.343100000000000127e-01
1.477681873123944998e+09 1.342500000000000082e-01
1.477681873237329006e+09 1.342200000000000060e-01
1.477681873349895000e+09 1.343900000000000095e-01
1.477681873463294029e+09 1.343600000000000072e-01
1.477681873575838089e+09 1.342399999999999982e-01
1.477681873689534903e+09 1.343000000000000027e-01
1.477681873802871943e+09 1.342500000000000082e-01
1.477681873915402889e+09 1.343300000000000050e-01
1.477681874028283119e+09 1.342899999999999927e-01
1.477681874141479969e+09 1.343399999999999872e-01
1.477681874254033089e+09 1.343100000000000127e-01
1.477681874367697001e+09 1.342599999999999905e-01
1.477681874480120897e+09 1.343300000000000050e-01
1.477681874593750000e+09 1.342800000000000105e-01
1.477681874706274986e+09 1.342299999999999882e-01
1.477681874819739103e+09 1.343399999999999872e-01
1.477681874932317972e+09 1.342899999999999927e-01
1.477681875045816898e+09 1.343600000000000072e-01
1.477681875159496069e+09 1.342899999999999927e-01
1.477681875271881104e+09 1.342500000000000082e-01
1.477681875384496927e+09 1.341700000000000115e-01
1.477681875497018099e+09 1.343300000000000050e-01
1.477681875610532045e+09 1.342399999999999982e-01
1.477681875724317074e+09 1.342700000000000005e-01
1.477681875836735964e+09 1.341900000000000037e-01
1.477681875949172020e+09 1.343199999999999950e-01
1.477681876062835932e+09 1.342800000000000105e-01
1.477681876176249981e+09 1.343100000000000127e-01
1.477681876288806915e+09 1.342599999999999905e-01
1.477681876401531935e+09 1.342500000000000082e-01
1.477681876515201092e+09 1.342899999999999927e-01
1.477681876627554893e+09 1.341900000000000037e-01
1.477681876741112947e+09 1.342299999999999882e-01
1.477681876853789091e+09 1.343000000000000027e-01
1.477681876967344999e+09 1.343300000000000050e-01
1.477681877079619884e+09 1.343000000000000027e-01
1.477681877193267107e+09 1.342700000000000005e-01
1.477681877305701971e+09 1.343399999999999872e-01
1.477681877419213057e+09 1.343100000000000127e-01
1.477681877532057047e+09 1.342099999999999960e-01
1.477681877645428896e+09 1.343799999999999994e-01
1.477681877757801056e+09 1.342599999999999905e-01
1.477681877871505022e+09 1.342000000000000137e-01
1.477681877984014034e+09 1.343000000000000027e-01
1.477681878097460985e+09 1.341400000000000092e-01
1.477681878210314035e+09 1.342200000000000060e-01
1.477681878323581934e+09 1.343000000000000027e-01
1.477681878436130047e+09 1.343600000000000072e-01
1.477681878549717903e+09 1.342399999999999982e-01
1.477681878662169933e+09 1.343199999999999950e-01
1.477681878775662899e+09 1.342800000000000105e-01
1.477681878888252020e+09 1.342099999999999960e-01
1.477681879002124071e+09 1.342099999999999960e-01
1.477681879114383936e+09 1.342000000000000137e-01
1.477681879227842093e+09 1.342399999999999982e-01
1.477681879340394974e+09 1.342200000000000060e-01
1.477681879453000069e+09 1.342700000000000005e-01
1.477681879566601992e+09 1.343499999999999972e-01
1.477681879680047035e+09 1.342700000000000005e-01
1.477681879792557001e+09 1.342000000000000137e-01
1.477681879906177044e+09 1.342200000000000060e-01
1.477681880018757105e+09 1.341799999999999937e-01
1.477681880131203890e+09 1.343199999999999950e-01
1.477681880244657993e+09 1.342399999999999982e-01
1.477681880357234001e+09 1.341900000000000037e-01
1.477681880470731974e+09 1.342700000000000005e-01
1.477681880584469080e+09 1.341799999999999937e-01
1.477681880696907043e+09 1.342599999999999905e-01
1.477681880809382915e+09 1.342599999999999905e-01
1.477681880923021078e+09 1.341900000000000037e-01
1.477681881036561966e+09 1.343300000000000050e-01
1.477681881149146080e+09 1.341700000000000115e-01
1.477681881261738062e+09 1.342700000000000005e-01
1.477681881375174046e+09 1.342299999999999882e-01
1.477681881487634897e+09 1.343999999999999917e-01
1.477681881601327896e+09 1.343100000000000127e-01
1.477681881713767052e+09 1.343600000000000072e-01
1.477681881827331066e+09 1.343000000000000027e-01
1.477681881939915895e+09 1.343000000000000027e-01
1.477681882053461075e+09 1.342399999999999982e-01
1.477681882166084051e+09 1.342500000000000082e-01
1.477681882278464079e+09 1.341600000000000015e-01
1.477681882392139912e+09 1.343399999999999872e-01
1.477681882505503893e+09 1.342599999999999905e-01
1.477681882618063927e+09 1.342399999999999982e-01
1.477681882730654955e+09 1.343000000000000027e-01
1.477681882844325066e+09 1.342599999999999905e-01
1.477681882956671953e+09 1.342399999999999982e-01
1.477681883070168972e+09 1.342200000000000060e-01
1.477681883182836056e+09 1.342700000000000005e-01
1.477681883296483040e+09 1.343199999999999950e-01
1.477681883409034014e+09 1.344200000000000117e-01
1.477681883522411108e+09 1.342000000000000137e-01
1.477681883635020971e+09 1.343699999999999894e-01
1.477681883748512983e+09 1.342099999999999960e-01
1.477681883861131907e+09 1.342399999999999982e-01
1.477681883974617004e+09 1.342700000000000005e-01
1.477681884087116003e+09 1.342099999999999960e-01
1.477681884200692892e+09 1.342500000000000082e-01
1.477681884313199043e+09 1.342700000000000005e-01
1.477681884426789999e+09 1.342599999999999905e-01
1.477681884539290905e+09 1.343100000000000127e-01
1.477681884652765989e+09 1.341299999999999992e-01
1.477681884765346050e+09 1.342500000000000082e-01
1.477681884879072905e+09 1.342599999999999905e-01
1.477681884991434097e+09 1.342599999999999905e-01
1.477681885105000019e+09 1.342800000000000105e-01
1.477681885217525959e+09 1.342599999999999905e-01
1.477681885330252886e+09 1.342599999999999905e-01
1.477681885443645954e+09 1.343900000000000095e-01
1.477681885557204962e+09 1.342700000000000005e-01
1.477681885669781923e+09 1.342599999999999905e-01
1.477681885782560110e+09 1.343300000000000050e-01
1.477681885895924091e+09 1.341799999999999937e-01
1.477681886008351088e+09 1.341700000000000115e-01
1.477681886121923923e+09 1.341499999999999915e-01
1.477681886234436989e+09 1.342200000000000060e-01
1.477681886347985029e+09 1.342099999999999960e-01
1.477681886460597038e+09 1.342299999999999882e-01
1.477681886574027061e+09 1.342599999999999905e-01
1.477681886686599970e+09 1.342500000000000082e-01
1.477681886800117970e+09 1.342200000000000060e-01
1.477681886912617922e+09 1.341900000000000037e-01
1.477681887026185989e+09 1.341700000000000115e-01
1.477681887138787031e+09 1.342099999999999960e-01
1.477681887252312899e+09 1.342800000000000105e-01
1.477681887364761114e+09 1.342500000000000082e-01
1.477681887478415012e+09 1.342399999999999982e-01
1.477681887590887070e+09 1.343499999999999972e-01
1.477681887704376936e+09 1.343799999999999994e-01
1.477681887816952944e+09 1.343000000000000027e-01
1.477681887930558920e+09 1.342700000000000005e-01
1.477681888043082952e+09 1.342599999999999905e-01
1.477681888156582117e+09 1.342000000000000137e-01
1.477681888269119978e+09 1.342200000000000060e-01
1.477681888382678032e+09 1.343600000000000072e-01
1.477681888495208025e+09 1.342099999999999960e-01
1.477681888608795881e+09 1.343300000000000050e-01
1.477681888721307039e+09 1.342500000000000082e-01
1.477681888833857059e+09 1.342299999999999882e-01
1.477681888947429895e+09 1.342399999999999982e-01
1.477681889059958935e+09 1.341499999999999915e-01
1.477681889173566103e+09 1.342800000000000105e-01
1.477681889285959005e+09 1.341799999999999937e-01
1.477681889399893999e+09 1.342200000000000060e-01
1.477681889512089014e+09 1.342399999999999982e-01
1.477681889625565052e+09 1.342899999999999927e-01
1.477681889738202095e+09 1.342899999999999927e-01
1.477681889851753950e+09 1.342500000000000082e-01
1.477681889964250088e+09 1.342299999999999882e-01
1.477681890077758074e+09 1.342200000000000060e-01
1.477681890190376043e+09 1.342000000000000137e-01
1.477681890303884029e+09 1.341499999999999915e-01
1.477681890416548014e+09 1.341600000000000015e-01
1.477681890529937983e+09 1.342099999999999960e-01
1.477681890642458916e+09 1.342599999999999905e-01
1.477681890756076097e+09 1.343399999999999872e-01
1.477681890868662119e+09 1.341799999999999937e-01
1.477681890982083082e+09 1.342099999999999960e-01
1.477681891094742060e+09 1.342399999999999982e-01
1.477681891208152056e+09 1.343399999999999872e-01
1.477681891320666075e+09 1.342899999999999927e-01
1.477681891434309959e+09 1.342299999999999882e-01
1.477681891546858072e+09 1.342500000000000082e-01
1.477681891659307003e+09 1.341900000000000037e-01
1.477681891772891045e+09 1.342500000000000082e-01
1.477681891886387110e+09 1.342000000000000137e-01
1.477681891998909950e+09 1.342099999999999960e-01
1.477681892111498117e+09 1.341400000000000092e-01
1.477681892225013018e+09 1.342500000000000082e-01
1.477681892338618994e+09 1.342800000000000105e-01
1.477681892451267004e+09 1.341600000000000015e-01
1.477681892563762903e+09 1.342000000000000137e-01
1.477681892677308083e+09 1.342700000000000005e-01
1.477681892790672064e+09 1.342700000000000005e-01
1.477681892903398037e+09 1.342000000000000137e-01
1.477681893015815020e+09 1.341400000000000092e-01
1.477681893129331112e+09 1.342000000000000137e-01
1.477681893241874933e+09 1.342399999999999982e-01
1.477681893355578899e+09 1.341799999999999937e-01
1.477681893468007088e+09 1.342399999999999982e-01
1.477681893581635952e+09 1.342899999999999927e-01
1.477681893694081068e+09 1.342200000000000060e-01
1.477681893807663918e+09 1.342599999999999905e-01
1.477681893920114994e+09 1.342200000000000060e-01
1.477681894033739090e+09 1.342500000000000082e-01
1.477681894146279097e+09 1.343199999999999950e-01
1.477681894259735107e+09 1.342399999999999982e-01
1.477681894372446060e+09 1.341700000000000115e-01
1.477681894485862970e+09 1.342099999999999960e-01
1.477681894598551989e+09 1.342500000000000082e-01
1.477681894710933924e+09 1.342399999999999982e-01
1.477681894824425936e+09 1.342599999999999905e-01
1.477681894938038111e+09 1.342200000000000060e-01
1.477681895050549984e+09 1.342899999999999927e-01
1.477681895163108110e+09 1.342299999999999882e-01
1.477681895276597977e+09 1.342399999999999982e-01
1.477681895389167070e+09 1.341799999999999937e-01
1.477681895502803087e+09 1.342700000000000005e-01
1.477681895615271091e+09 1.342899999999999927e-01
1.477681895728739023e+09 1.342299999999999882e-01
1.477681895841391087e+09 1.343199999999999950e-01
1.477681895954847097e+09 1.343199999999999950e-01
1.477681896067378044e+09 1.343000000000000027e-01
1.477681896180856943e+09 1.341799999999999937e-01
1.477681896293545008e+09 1.342000000000000137e-01
1.477681896407037020e+09 1.341799999999999937e-01
1.477681896519599915e+09 1.341400000000000092e-01
1.477681896633135080e+09 1.341600000000000015e-01
1.477681896745641947e+09 1.342599999999999905e-01
1.477681896859220028e+09 1.341700000000000115e-01
1.477681896971757889e+09 1.342200000000000060e-01
1.477681897085280895e+09 1.343100000000000127e-01
1.477681897197861910e+09 1.342899999999999927e-01
1.477681897311394930e+09 1.342599999999999905e-01
1.477681897423944950e+09 1.342399999999999982e-01
1.477681897536506891e+09 1.342599999999999905e-01
1.477681897650005102e+09 1.341600000000000015e-01
1.477681897763554096e+09 1.342899999999999927e-01
1.477681897876185894e+09 1.343900000000000095e-01
1.477681897988667965e+09 1.343100000000000127e-01
1.477681898102538109e+09 1.342700000000000005e-01
1.477681898214876890e+09 1.342599999999999905e-01
1.477681898328493118e+09 1.341499999999999915e-01
1.477681898441088915e+09 1.342299999999999882e-01
1.477681898554526091e+09 1.342099999999999960e-01
1.477681898667141914e+09 1.341700000000000115e-01
1.477681898780761957e+09 1.342200000000000060e-01
1.477681898893050909e+09 1.341400000000000092e-01
1.477681899006820917e+09 1.342000000000000137e-01
1.477681899119235992e+09 1.341499999999999915e-01
1.477681899232804060e+09 1.343199999999999950e-01
1.477681899345299959e+09 1.342099999999999960e-01
1.477681899458707094e+09 1.342800000000000105e-01
1.477681899571223021e+09 1.342399999999999982e-01
1.477681899684753895e+09 1.342299999999999882e-01
1.477681899797306061e+09 1.342599999999999905e-01
1.477681899910933018e+09 1.342800000000000105e-01
1.477681900023549080e+09 1.342000000000000137e-01
1.477681900137075901e+09 1.343300000000000050e-01
1.477681900249542952e+09 1.342500000000000082e-01
1.477681900362981081e+09 1.342299999999999882e-01
1.477681900475703001e+09 1.342299999999999882e-01
1.477681900589049101e+09 1.342899999999999927e-01
1.477681900701833963e+09 1.342800000000000105e-01
1.477681900815440893e+09 1.343000000000000027e-01
1.477681900927949905e+09 1.342000000000000137e-01
1.477681901040393114e+09 1.341499999999999915e-01
1.477681901154104948e+09 1.342099999999999960e-01
1.477681901266634941e+09 1.342299999999999882e-01
1.477681901379981041e+09 1.342399999999999982e-01
1.477681901493712902e+09 1.342000000000000137e-01
1.477681901606105089e+09 1.342700000000000005e-01
1.477681901718679905e+09 1.342099999999999960e-01
1.477681901832206964e+09 1.341600000000000015e-01
1.477681901944744110e+09 1.342099999999999960e-01
1.477681902058154106e+09 1.342700000000000005e-01
1.477681902170783043e+09 1.342500000000000082e-01
1.477681902284370899e+09 1.342800000000000105e-01
1.477681902397063971e+09 1.342599999999999905e-01
1.477681902510613918e+09 1.341900000000000037e-01
1.477681902622950077e+09 1.342500000000000082e-01
1.477681902736490965e+09 1.342800000000000105e-01
1.477681902848929882e+09 1.341799999999999937e-01
1.477681902962501049e+09 1.342099999999999960e-01
1.477681903075134039e+09 1.341400000000000092e-01
1.477681903188569069e+09 1.341499999999999915e-01
1.477681903301007986e+09 1.342200000000000060e-01
1.477681903414536953e+09 1.342099999999999960e-01
1.477681903527457952e+09 1.342299999999999882e-01
1.477681903640820980e+09 1.342000000000000137e-01
1.477681903753204107e+09 1.343000000000000027e-01
1.477681903865777016e+09 1.343000000000000027e-01
1.477681903979448080e+09 1.342299999999999882e-01
1.477681904092796087e+09 1.342299999999999882e-01
1.477681904205341101e+09 1.342200000000000060e-01
1.477681904318093061e+09 1.342800000000000105e-01
1.477681904431479931e+09 1.342299999999999882e-01
1.477681904544146061e+09 1.341700000000000115e-01
1.477681904657670975e+09 1.341400000000000092e-01
1.477681904770075083e+09 1.341400000000000092e-01
1.477681904883776903e+09 1.342200000000000060e-01
1.477681904997410059e+09 1.342700000000000005e-01
1.477681905109843969e+09 1.342500000000000082e-01
1.477681905222359896e+09 1.342099999999999960e-01
1.477681905336095095e+09 1.343000000000000027e-01
1.477681905448498011e+09 1.342000000000000137e-01
1.477681905561944008e+09 1.343100000000000127e-01
1.477681905674573898e+09 1.342599999999999905e-01
1.477681905788136959e+09 1.341100000000000070e-01
1.477681905900649071e+09 1.342500000000000082e-01
1.477681906014193058e+09 1.342800000000000105e-01
1.477681906126737118e+09 1.343300000000000050e-01
1.477681906240390062e+09 1.342500000000000082e-01
1.477681906352942944e+09 1.342500000000000082e-01
1.477681906466497898e+09 1.342200000000000060e-01
1.477681906578923941e+09 1.342200000000000060e-01
1.477681906692405939e+09 1.342599999999999905e-01
1.477681906804963112e+09 1.342299999999999882e-01
1.477681906917464018e+09 1.341600000000000015e-01
1.477681907031028032e+09 1.341700000000000115e-01
1.477681907144507885e+09 1.342000000000000137e-01
1.477681907257142067e+09 1.342700000000000005e-01
1.477681907369671106e+09 1.342000000000000137e-01
1.477681907483172894e+09 1.342800000000000105e-01
1.477681907596642971e+09 1.341299999999999992e-01
1.477681907709281921e+09 1.342099999999999960e-01
1.477681907821856022e+09 1.342899999999999927e-01
1.477681907935179949e+09 1.342200000000000060e-01
1.477681908048887014e+09 1.342399999999999982e-01
1.477681908161458015e+09 1.342700000000000005e-01
1.477681908274020910e+09 1.341700000000000115e-01
1.477681908387459993e+09 1.342299999999999882e-01
1.477681908500159979e+09 1.342800000000000105e-01
1.477681908613677979e+09 1.341900000000000037e-01
1.477681908726146936e+09 1.342299999999999882e-01
1.477681908839709997e+09 1.342299999999999882e-01
1.477681908952040911e+09 1.342200000000000060e-01
1.477681909065761089e+09 1.340999999999999970e-01
1.477681909178317070e+09 1.342000000000000137e-01
1.477681909291662931e+09 1.342800000000000105e-01
1.477681909404356003e+09 1.343600000000000072e-01
1.477681909517890930e+09 1.341900000000000037e-01
1.477681909630599976e+09 1.342000000000000137e-01
1.477681909743891001e+09 1.342800000000000105e-01
1.477681909856338978e+09 1.343000000000000027e-01
1.477681909970093966e+09 1.341900000000000037e-01
1.477681910082393885e+09 1.342800000000000105e-01
1.477681910196048975e+09 1.342099999999999960e-01
1.477681910308614016e+09 1.342599999999999905e-01
1.477681910421053886e+09 1.342399999999999982e-01
1.477681910534864902e+09 1.341799999999999937e-01
1.477681910647346973e+09 1.342000000000000137e-01
1.477681910760808945e+09 1.341499999999999915e-01
1.477681910873363972e+09 1.342299999999999882e-01
1.477681910986740112e+09 1.341299999999999992e-01
1.477681911099283934e+09 1.342000000000000137e-01
1.477681911212918997e+09 1.342599999999999905e-01
1.477681911325371981e+09 1.340600000000000125e-01
1.477681911438935041e+09 1.341299999999999992e-01
1.477681911551448107e+09 1.341700000000000115e-01
1.477681911665147066e+09 1.342000000000000137e-01
1.477681911777745008e+09 1.341199999999999892e-01
1.477681911891247034e+09 1.342200000000000060e-01
1.477681912003760099e+09 1.341700000000000115e-01
1.477681912117150068e+09 1.341799999999999937e-01
1.477681912229707956e+09 1.342599999999999905e-01
1.477681912343391895e+09 1.342200000000000060e-01
1.477681912455816031e+09 1.341900000000000037e-01
1.477681912569556952e+09 1.342299999999999882e-01
1.477681912681973934e+09 1.342299999999999882e-01
1.477681912794469118e+09 1.342700000000000005e-01
1.477681912907985926e+09 1.341700000000000115e-01
1.477681913021817923e+09 1.342399999999999982e-01
1.477681913134015083e+09 1.340500000000000025e-01
1.477681913246880054e+09 1.341499999999999915e-01
1.477681913360321045e+09 1.341700000000000115e-01
1.477681913473735094e+09 1.342800000000000105e-01
1.477681913586349010e+09 1.342500000000000082e-01
1.477681913699691057e+09 1.341499999999999915e-01
1.477681913812486887e+09 1.340999999999999970e-01
1.477681913925159931e+09 1.342500000000000082e-01
1.477681914038482904e+09 1.342200000000000060e-01
1.477681914150912046e+09 1.341799999999999937e-01
1.477681914264461040e+09 1.340999999999999970e-01
1.477681914376972914e+09 1.342500000000000082e-01
1.477681914490616083e+09 1.341400000000000092e-01
1.477681914603137016e+09 1.342000000000000137e-01
1.477681914716984987e+09 1.342599999999999905e-01
1.477681914829121113e+09 1.341900000000000037e-01
1.477681914942835093e+09 1.342200000000000060e-01
1.477681915055337906e+09 1.343199999999999950e-01
1.477681915168982029e+09 1.341499999999999915e-01
1.477681915281472921e+09 1.341799999999999937e-01
1.477681915395020962e+09 1.341700000000000115e-01
1.477681915507422924e+09 1.342099999999999960e-01
1.477681915621088028e+09 1.341700000000000115e-01
1.477681915733563900e+09 1.342599999999999905e-01
1.477681915846991062e+09 1.341499999999999915e-01
1.477681915959815979e+09 1.341299999999999992e-01
1.477681916073241949e+09 1.341600000000000015e-01
1.477681916185782909e+09 1.342299999999999882e-01
1.477681916299215078e+09 1.341299999999999992e-01
1.477681916411689043e+09 1.342299999999999882e-01
1.477681916525392056e+09 1.342200000000000060e-01
1.477681916637763023e+09 1.341600000000000015e-01
1.477681916751267910e+09 1.342000000000000137e-01
1.477681916864316940e+09 1.342700000000000005e-01
1.477681916976588964e+09 1.342299999999999882e-01
1.477681917090035915e+09 1.341100000000000070e-01
1.477681917202533960e+09 1.341700000000000115e-01
1.477681917316215992e+09 1.342299999999999882e-01
1.477681917428713083e+09 1.342599999999999905e-01
1.477681917542246103e+09 1.343000000000000027e-01
1.477681917654721022e+09 1.341600000000000015e-01
1.477681917768407106e+09 1.342099999999999960e-01
1.477681917880916119e+09 1.342099999999999960e-01
1.477681917994347095e+09 1.342099999999999960e-01
1.477681918107007980e+09 1.342599999999999905e-01
1.477681918220505953e+09 1.342099999999999960e-01
1.477681918333053112e+09 1.341100000000000070e-01
1.477681918446463108e+09 1.341799999999999937e-01
1.477681918559154987e+09 1.342299999999999882e-01
1.477681918672677994e+09 1.341400000000000092e-01
1.477681918785001040e+09 1.341499999999999915e-01
1.477681918898710012e+09 1.341900000000000037e-01
1.477681919011277914e+09 1.341299999999999992e-01
1.477681919124840021e+09 1.341600000000000015e-01
1.477681919237226009e+09 1.342200000000000060e-01
1.477681919350684881e+09 1.342800000000000105e-01
1.477681919463300943e+09 1.342299999999999882e-01
1.477681919575831890e+09 1.342099999999999960e-01
1.477681919689605951e+09 1.342299999999999882e-01
1.477681919802911043e+09 1.342200000000000060e-01
1.477681919915416002e+09 1.342899999999999927e-01
1.477681920028006077e+09 1.340999999999999970e-01
1.477681920141690016e+09 1.342000000000000137e-01
1.477681920254179955e+09 1.342299999999999882e-01
1.477681920367618084e+09 1.342399999999999982e-01
1.477681920480185032e+09 1.341400000000000092e-01
1.477681920593828917e+09 1.342000000000000137e-01
1.477681920706263065e+09 1.341900000000000037e-01
1.477681920819751978e+09 1.342200000000000060e-01
1.477681920932305098e+09 1.343100000000000127e-01
1.477681921046040058e+09 1.341700000000000115e-01
1.477681921158392906e+09 1.342800000000000105e-01
1.477681921271928072e+09 1.341900000000000037e-01
1.477681921384608030e+09 1.342200000000000060e-01
1.477681921498084068e+09 1.341199999999999892e-01
1.477681921610604048e+09 1.342599999999999905e-01
1.477681921724097013e+09 1.342399999999999982e-01
1.477681921836817026e+09 1.341299999999999992e-01
1.477681921950267076e+09 1.341700000000000115e-01
1.477681922062814951e+09 1.341499999999999915e-01
1.477681922176357985e+09 1.341499999999999915e-01
1.477681922288872957e+09 1.340999999999999970e-01
1.477681922402332067e+09 1.340699999999999947e-01
1.477681922514832020e+09 1.342200000000000060e-01
1.477681922627547979e+09 1.341900000000000037e-01
1.477681922740952969e+09 1.341700000000000115e-01
1.477681922854654074e+09 1.340699999999999947e-01
1.477681922967154980e+09 1.343199999999999950e-01
1.477681923080553055e+09 1.341400000000000092e-01
1.477681923193372011e+09 1.342200000000000060e-01
1.477681923306632996e+09 1.342399999999999982e-01
1.477681923419253111e+09 1.341700000000000115e-01
1.477681923531698942e+09 1.342000000000000137e-01
1.477681923645245075e+09 1.342200000000000060e-01
1.477681923757800102e+09 1.342500000000000082e-01
1.477681923871274948e+09 1.342200000000000060e-01
1.477681923984010935e+09 1.341700000000000115e-01
1.477681924097477913e+09 1.341499999999999915e-01
1.477681924209963083e+09 1.342200000000000060e-01
1.477681924323642015e+09 1.340899999999999870e-01
1.477681924436144114e+09 1.341299999999999992e-01
1.477681924549645901e+09 1.342299999999999882e-01
1.477681924662081003e+09 1.341299999999999992e-01
1.477681924775657892e+09 1.341799999999999937e-01
1.477681924888286114e+09 1.342000000000000137e-01
1.477681925001811981e+09 1.341400000000000092e-01
1.477681925114303112e+09 1.343100000000000127e-01
1.477681925227807045e+09 1.342200000000000060e-01
1.477681925340506077e+09 1.342399999999999982e-01
1.477681925454056978e+09 1.341499999999999915e-01
1.477681925566612005e+09 1.342099999999999960e-01
1.477681925680046082e+09 1.340500000000000025e-01
1.477681925792532921e+09 1.341400000000000092e-01
1.477681925906095982e+09 1.342099999999999960e-01
1.477681926018806934e+09 1.340600000000000125e-01
1.477681926131474018e+09 1.341900000000000037e-01
1.477681926244678020e+09 1.342299999999999882e-01
1.477681926357224941e+09 1.342200000000000060e-01
1.477681926470951080e+09 1.341100000000000070e-01
1.477681926583513021e+09 1.341299999999999992e-01
1.477681926696856022e+09 1.343000000000000027e-01
1.477681926809561014e+09 1.341600000000000015e-01
1.477681926923091888e+09 1.341900000000000037e-01
1.477681927035515070e+09 1.341900000000000037e-01
1.477681927149007082e+09 1.341900000000000037e-01
1.477681927261732101e+09 1.341900000000000037e-01
1.477681927375062943e+09 1.342000000000000137e-01
1.477681927487622023e+09 1.341799999999999937e-01
1.477681927601211071e+09 1.341299999999999992e-01
1.477681927713852882e+09 1.342099999999999960e-01
1.477681927827450037e+09 1.341400000000000092e-01
1.477681927939745903e+09 1.342099999999999960e-01
1.477681928053353071e+09 1.343399999999999872e-01
1.477681928165867090e+09 1.342700000000000005e-01
1.477681928279398918e+09 1.340899999999999870e-01
1.477681928392035961e+09 1.341100000000000070e-01
1.477681928504548073e+09 1.340899999999999870e-01
1.477681928617952108e+09 1.342899999999999927e-01
1.477681928731548071e+09 1.342500000000000082e-01
1.477681928844258070e+09 1.342800000000000105e-01
1.477681928957691908e+09 1.340699999999999947e-01
1.477681929070353985e+09 1.340999999999999970e-01
1.477681929183734894e+09 1.341400000000000092e-01
1.477681929296407938e+09 1.341299999999999992e-01
1.477681929408981085e+09 1.341299999999999992e-01
1.477681929522381067e+09 1.342399999999999982e-01
1.477681929634949923e+09 1.343100000000000127e-01
1.477681929748467922e+09 1.342399999999999982e-01
1.477681929861155033e+09 1.340999999999999970e-01
1.477681929974509001e+09 1.341299999999999992e-01
1.477681930087054968e+09 1.342800000000000105e-01
1.477681930200572014e+09 1.342000000000000137e-01
1.477681930313275099e+09 1.340699999999999947e-01
1.477681930426652908e+09 1.341799999999999937e-01
1.477681930539197922e+09 1.341900000000000037e-01
1.477681930652746916e+09 1.340500000000000025e-01
1.477681930765475035e+09 1.341400000000000092e-01
1.477681930878982067e+09 1.341499999999999915e-01
1.477681930991530895e+09 1.341900000000000037e-01
1.477681931104986906e+09 1.342299999999999882e-01
1.477681931217430115e+09 1.340600000000000125e-01
1.477681931331012964e+09 1.341100000000000070e-01
1.477681931443682909e+09 1.342099999999999960e-01
1.477681931557075977e+09 1.341100000000000070e-01
1.477681931669755936e+09 1.342000000000000137e-01
1.477681931783328056e+09 1.342399999999999982e-01
1.477681931895718098e+09 1.341499999999999915e-01
1.477681932009282112e+09 1.342299999999999882e-01
1.477681932121818066e+09 1.341700000000000115e-01
1.477681932234453917e+09 1.342800000000000105e-01
1.477681932348010063e+09 1.342899999999999927e-01
1.477681932460650921e+09 1.341299999999999992e-01
1.477681932573968887e+09 1.341799999999999937e-01
1.477681932686523914e+09 1.342299999999999882e-01
1.477681932800292015e+09 1.341799999999999937e-01
1.477681932912955999e+09 1.342399999999999982e-01
1.477681933026169062e+09 1.341499999999999915e-01
1.477681933138729095e+09 1.342099999999999960e-01
1.477681933252239943e+09 1.342099999999999960e-01
1.477681933364967108e+09 1.341600000000000015e-01
1.477681933478435993e+09 1.341199999999999892e-01
1.477681933590879917e+09 1.342299999999999882e-01
1.477681933704339027e+09 1.342200000000000060e-01
1.477681933816869020e+09 1.342399999999999982e-01
1.477681933930562019e+09 1.341700000000000115e-01
1.477681934043118954e+09 1.342500000000000082e-01
1.477681934156508923e+09 1.342000000000000137e-01
1.477681934269023895e+09 1.342599999999999905e-01
1.477681934382734060e+09 1.341299999999999992e-01
1.477681934496248007e+09 1.342399999999999982e-01
1.477681934608644962e+09 1.341299999999999992e-01
1.477681934721296072e+09 1.342099999999999960e-01
1.477681934834090948e+09 1.341299999999999992e-01
1.477681934947267056e+09 1.341600000000000015e-01
1.477681935060790062e+09 1.342399999999999982e-01
1.477681935173310995e+09 1.342700000000000005e-01
1.477681935285978079e+09 1.341199999999999892e-01
1.477681935399543047e+09 1.341299999999999992e-01
1.477681935512125015e+09 1.342800000000000105e-01
1.477681935625458956e+09 1.341400000000000092e-01
1.477681935738100052e+09 1.342000000000000137e-01
1.477681935851604939e+09 1.341900000000000037e-01
1.477681935964274883e+09 1.341799999999999937e-01
1.477681936077857971e+09 1.342399999999999982e-01
1.477681936190197945e+09 1.341700000000000115e-01
1.477681936303733110e+09 1.343199999999999950e-01
1.477681936416389942e+09 1.342000000000000137e-01
1.477681936529959917e+09 1.341900000000000037e-01
1.477681936642482042e+09 1.342399999999999982e-01
1.477681936755862951e+09 1.341600000000000015e-01
1.477681936868499041e+09 1.342000000000000137e-01
1.477681936981976032e+09 1.340899999999999870e-01
1.477681937094527006e+09 1.343699999999999894e-01
1.477681937208220005e+09 1.341900000000000037e-01
1.477681937320605993e+09 1.341400000000000092e-01
1.477681937434165001e+09 1.341499999999999915e-01
1.477681937546884060e+09 1.341299999999999992e-01
1.477681937660207033e+09 1.341600000000000015e-01
1.477681937772790909e+09 1.341299999999999992e-01
1.477681937886274099e+09 1.342000000000000137e-01
1.477681937998904943e+09 1.342299999999999882e-01
1.477681938112359047e+09 1.341299999999999992e-01
1.477681938225234032e+09 1.340500000000000025e-01
1.477681938338457108e+09 1.343600000000000072e-01
1.477681938451014042e+09 1.341600000000000015e-01
1.477681938564682961e+09 1.341400000000000092e-01
1.477681938677212954e+09 1.341900000000000037e-01
1.477681938789757967e+09 1.341700000000000115e-01
1.477681938903135061e+09 1.342099999999999960e-01
1.477681939016752958e+09 1.342399999999999982e-01
1.477681939129287004e+09 1.341100000000000070e-01
1.477681939241986036e+09 1.341499999999999915e-01
1.477681939355530977e+09 1.342299999999999882e-01
1.477681939467828035e+09 1.341400000000000092e-01
1.477681939581355095e+09 1.341700000000000115e-01
1.477681939693934917e+09 1.342500000000000082e-01
1.477681939807612896e+09 1.342099999999999960e-01
1.477681939921103954e+09 1.342500000000000082e-01
1.477681940033771992e+09 1.341499999999999915e-01
1.477681940146167994e+09 1.342599999999999905e-01
1.477681940259766102e+09 1.341499999999999915e-01
1.477681940373363018e+09 1.341900000000000037e-01
1.477681940485733986e+09 1.341400000000000092e-01
1.477681940598253965e+09 1.342500000000000082e-01
1.477681940711941004e+09 1.342800000000000105e-01
1.477681940824482918e+09 1.341400000000000092e-01
1.477681940937897921e+09 1.341799999999999937e-01
1.477681941050609112e+09 1.341600000000000015e-01
1.477681941163991928e+09 1.341700000000000115e-01
1.477681941276551962e+09 1.341799999999999937e-01
1.477681941390218019e+09 1.341499999999999915e-01
1.477681941502567053e+09 1.342200000000000060e-01
1.477681941615139961e+09 1.340500000000000025e-01
1.477681941728662014e+09 1.341900000000000037e-01
1.477681941841228008e+09 1.341100000000000070e-01
1.477681941954967976e+09 1.341400000000000092e-01
1.477681942067275047e+09 1.341700000000000115e-01
1.477681942181005955e+09 1.341499999999999915e-01
1.477681942293410063e+09 1.341700000000000115e-01
1.477681942406954050e+09 1.342200000000000060e-01
1.477681942519494057e+09 1.341700000000000115e-01
1.477681942632970095e+09 1.341299999999999992e-01
1.477681942745631933e+09 1.341700000000000115e-01
1.477681942859041929e+09 1.341799999999999937e-01
1.477681942971620083e+09 1.341199999999999892e-01
1.477681943085309982e+09 1.340800000000000047e-01
1.477681943197774887e+09 1.341199999999999892e-01
1.477681943311180115e+09 1.341299999999999992e-01
1.477681943423681021e+09 1.341499999999999915e-01
1.477681943537373066e+09 1.341799999999999937e-01
1.477681943650124073e+09 1.340999999999999970e-01
1.477681943763339043e+09 1.341700000000000115e-01
1.477681943875902891e+09 1.341400000000000092e-01
1.477681943989629030e+09 1.341799999999999937e-01
1.477681944102168083e+09 1.342299999999999882e-01
1.477681944215614080e+09 1.342399999999999982e-01
1.477681944328033924e+09 1.342500000000000082e-01
1.477681944441632032e+09 1.341600000000000015e-01
1.477681944554209948e+09 1.341600000000000015e-01
1.477681944666631937e+09 1.340800000000000047e-01
1.477681944780286074e+09 1.341600000000000015e-01
1.477681944893776894e+09 1.342299999999999882e-01
1.477681945006581068e+09 1.342099999999999960e-01
1.477681945119029999e+09 1.341900000000000037e-01
1.477681945232350111e+09 1.340999999999999970e-01
1.477681945345905066e+09 1.341600000000000015e-01
1.477681945458467007e+09 1.342599999999999905e-01
1.477681945571170092e+09 1.342500000000000082e-01
1.477681945684694052e+09 1.342099999999999960e-01
1.477681945797218084e+09 1.341700000000000115e-01
1.477681945910710096e+09 1.342299999999999882e-01
1.477681946023173094e+09 1.340399999999999925e-01
1.477681946136862993e+09 1.341299999999999992e-01
1.477681946249517918e+09 1.341199999999999892e-01
1.477681946362776995e+09 1.341499999999999915e-01
1.477681946475395918e+09 1.340500000000000025e-01
1.477681946588929892e+09 1.341499999999999915e-01
1.477681946701602936e+09 1.341600000000000015e-01
1.477681946815026999e+09 1.341600000000000015e-01
1.477681946927529097e+09 1.341799999999999937e-01
1.477681947041363955e+09 1.341900000000000037e-01
1.477681947153614998e+09 1.341299999999999992e-01
1.477681947267080069e+09 1.341799999999999937e-01
1.477681947379636049e+09 1.342099999999999960e-01
1.477681947493217945e+09 1.341799999999999937e-01
1.477681947605921984e+09 1.340999999999999970e-01
1.477681947719280005e+09 1.341499999999999915e-01
1.477681947831846952e+09 1.341499999999999915e-01
1.477681947944411993e+09 1.340999999999999970e-01
1.477681948058034897e+09 1.340500000000000025e-01
1.477681948170592070e+09 1.341199999999999892e-01
1.477681948284156084e+09 1.341700000000000115e-01
1.477681948396493912e+09 1.342700000000000005e-01
1.477681948510024071e+09 1.341100000000000070e-01
1.477681948622586012e+09 1.342200000000000060e-01
1.477681948736290932e+09 1.342299999999999882e-01
1.477681948848644018e+09 1.341700000000000115e-01
1.477681948962203979e+09 1.341799999999999937e-01
1.477681949074800968e+09 1.341799999999999937e-01
1.477681949188385963e+09 1.342700000000000005e-01
1.477681949300900936e+09 1.341600000000000015e-01
1.477681949414412975e+09 1.341700000000000115e-01
1.477681949526910067e+09 1.343499999999999972e-01
1.477681949640767097e+09 1.341400000000000092e-01
1.477681949753057957e+09 1.341799999999999937e-01
1.477681949866573095e+09 1.341900000000000037e-01
1.477681949979177952e+09 1.340899999999999870e-01
1.477681950091835022e+09 1.342399999999999982e-01
1.477681950205106974e+09 1.342000000000000137e-01
1.477681950318670988e+09 1.342000000000000137e-01
1.477681950431183100e+09 1.341799999999999937e-01
1.477681950543987036e+09 1.340899999999999870e-01
1.477681950657440901e+09 1.342500000000000082e-01
1.477681950770848036e+09 1.341600000000000015e-01
1.477681950883541107e+09 1.341499999999999915e-01
1.477681950995913982e+09 1.340800000000000047e-01
1.477681951109630108e+09 1.342800000000000105e-01
1.477681951223121881e+09 1.341499999999999915e-01
1.477681951335721016e+09 1.341100000000000070e-01
1.477681951448122025e+09 1.341100000000000070e-01
1.477681951561624050e+09 1.342399999999999982e-01
1.477681951675167084e+09 1.342099999999999960e-01
1.477681951787914038e+09 1.342099999999999960e-01
1.477681951900276899e+09 1.341700000000000115e-01
1.477681952013808966e+09 1.341799999999999937e-01
1.477681952127358913e+09 1.341799999999999937e-01
1.477681952239902973e+09 1.342599999999999905e-01
1.477681952352391958e+09 1.342200000000000060e-01
1.477681952465889931e+09 1.340699999999999947e-01
1.477681952578564882e+09 1.342099999999999960e-01
1.477681952692121029e+09 1.340600000000000125e-01
1.477681952804613113e+09 1.341299999999999992e-01
1.477681952918263912e+09 1.341499999999999915e-01
1.477681953030632973e+09 1.342700000000000005e-01
1.477681953144248009e+09 1.341199999999999892e-01
1.477681953256712914e+09 1.341700000000000115e-01
1.477681953370258093e+09 1.340699999999999947e-01
1.477681953482778072e+09 1.342399999999999982e-01
1.477681953596318960e+09 1.341900000000000037e-01
1.477681953708854914e+09 1.341900000000000037e-01
1.477681953822393894e+09 1.341100000000000070e-01
1.477681953935038090e+09 1.341799999999999937e-01
1.477681954047554016e+09 1.340899999999999870e-01
1.477681954161012888e+09 1.342099999999999960e-01
1.477681954274792910e+09 1.340899999999999870e-01
1.477681954387290955e+09 1.341299999999999992e-01
1.477681954499624014e+09 1.341299999999999992e-01
1.477681954613343954e+09 1.341799999999999937e-01
1.477681954725765944e+09 1.341400000000000092e-01
1.477681954839343071e+09 1.341700000000000115e-01
1.477681954952014923e+09 1.342000000000000137e-01
1.477681955065427065e+09 1.340999999999999970e-01
1.477681955178009033e+09 1.340899999999999870e-01
1.477681955291608095e+09 1.341900000000000037e-01
1.477681955404086113e+09 1.341100000000000070e-01
1.477681955517724037e+09 1.341600000000000015e-01
1.477681955630177975e+09 1.342000000000000137e-01
1.477681955743556976e+09 1.342500000000000082e-01
1.477681955856266022e+09 1.341700000000000115e-01
1.477681955969742060e+09 1.341499999999999915e-01
1.477681956082571030e+09 1.340999999999999970e-01
1.477681956195771933e+09 1.342099999999999960e-01
1.477681956308412075e+09 1.341400000000000092e-01
1.477681956421881914e+09 1.340699999999999947e-01
1.477681956534353018e+09 1.341400000000000092e-01
1.477681956648097038e+09 1.342000000000000137e-01
1.477681956760524988e+09 1.341900000000000037e-01
1.477681956872970104e+09 1.341199999999999892e-01
1.477681956986552954e+09 1.341499999999999915e-01
1.477681957100157976e+09 1.342399999999999982e-01
1.477681957212960005e+09 1.342000000000000137e-01
1.477681957325540066e+09 1.342000000000000137e-01
1.477681957438725948e+09 1.341600000000000015e-01
1.477681957551223040e+09 1.341900000000000037e-01
1.477681957664782047e+09 1.342099999999999960e-01
1.477681957777543068e+09 1.341100000000000070e-01
1.477681957891205072e+09 1.340999999999999970e-01
1.477681958003720999e+09 1.340999999999999970e-01
1.477681958117022991e+09 1.341299999999999992e-01
1.477681958229626894e+09 1.342000000000000137e-01
1.477681958343117952e+09 1.341299999999999992e-01
1.477681958455910921e+09 1.341400000000000092e-01
1.477681958569324970e+09 1.341400000000000092e-01
