1.477683903341284037e+09 1.351199999999999901e-01
1.477683903458235979e+09 1.351700000000000124e-01
1.477683903570898056e+09 1.350500000000000034e-01
1.477683903684309959e+09 1.351700000000000124e-01
1.477683903797028065e+09 1.352299999999999891e-01
1.477683903910340071e+09 1.350500000000000034e-01
1.477683904022763968e+09 1.352299999999999891e-01
1.477683904136421919e+09 1.351600000000000024e-01
1.477683904248953104e+09 1.351799999999999946e-01
1.477683904361483097e+09 1.351799999999999946e-01
1.477683904475027084e+09 1.352599999999999913e-01
1.477683904588515043e+09 1.351199999999999901e-01
1.477683904701040030e+09 1.351400000000000101e-01
1.477683904814758062e+09 1.351100000000000079e-01
1.477683904927129030e+09 1.352099999999999969e-01
1.477683905039690018e+09 1.350899999999999879e-01
1.477683905153378010e+09 1.351700000000000124e-01
1.477683905265784979e+09 1.350600000000000134e-01
1.477683905379479885e+09 1.351300000000000001e-01
1.477683905491942883e+09 1.351400000000000101e-01
1.477683905605505943e+09 1.351999999999999869e-01
1.477683905718043089e+09 1.351799999999999946e-01
1.477683905831476927e+09 1.352099999999999969e-01
1.477683905944000959e+09 1.351100000000000079e-01
1.477683906057697058e+09 1.351600000000000024e-01
1.477683906170222044e+09 1.351300000000000001e-01
1.477683906283669949e+09 1.352099999999999969e-01
1.477683906396174908e+09 1.350999999999999979e-01
1.477683906509886980e+09 1.349700000000000066e-01
1.477683906622471094e+09 1.351799999999999946e-01
1.477683906735939980e+09 1.351499999999999924e-01
1.477683906849433899e+09 1.351199999999999901e-01
1.477683906961987972e+09 1.351600000000000024e-01
1.477683907074685097e+09 1.352899999999999936e-01
1.477683907188205004e+09 1.351100000000000079e-01
1.477683907300713062e+09 1.351700000000000124e-01
1.477683907414017916e+09 1.350899999999999879e-01
1.477683907526774883e+09 1.351799999999999946e-01
1.477683907640255928e+09 1.351100000000000079e-01
1.477683907752686024e+09 1.351799999999999946e-01
1.477683907865235090e+09 1.351600000000000024e-01
1.477683907978816986e+09 1.350600000000000134e-01
1.477683908092542887e+09 1.352099999999999969e-01
1.477683908204755068e+09 1.352099999999999969e-01
1.477683908318420887e+09 1.350800000000000056e-01
1.477683908430983067e+09 1.352700000000000014e-01
1.477683908543536901e+09 1.351100000000000079e-01
1.477683908657253981e+09 1.351900000000000046e-01
1.477683908769629002e+09 1.351300000000000001e-01
1.477683908883065939e+09 1.351900000000000046e-01
1.477683908995598078e+09 1.351199999999999901e-01
1.477683909109144926e+09 1.351900000000000046e-01
1.477683909221847057e+09 1.351400000000000101e-01
1.477683909335182905e+09 1.352599999999999913e-01
1.477683909447707891e+09 1.352299999999999891e-01
1.477683909561284065e+09 1.350999999999999979e-01
1.477683909673861980e+09 1.351499999999999924e-01
1.477683909787544012e+09 1.350800000000000056e-01
1.477683909899925947e+09 1.352399999999999991e-01
1.477683910013463020e+09 1.352599999999999913e-01
1.477683910126266003e+09 1.351499999999999924e-01
1.477683910239487886e+09 1.351300000000000001e-01
1.477683910352238894e+09 1.349100000000000021e-01
1.477683910465610981e+09 1.352399999999999991e-01
1.477683910578213930e+09 1.350800000000000056e-01
1.477683910691612959e+09 1.350800000000000056e-01
1.477683910804204941e+09 1.351900000000000046e-01
1.477683910917790890e+09 1.352800000000000114e-01
1.477683911030333996e+09 1.351999999999999869e-01
1.477683911143847942e+09 1.351400000000000101e-01
1.477683911256541014e+09 1.351700000000000124e-01
1.477683911369946003e+09 1.351199999999999901e-01
1.477683911482500076e+09 1.351400000000000101e-01
1.477683911595125914e+09 1.352299999999999891e-01
1.477683911708659887e+09 1.352299999999999891e-01
1.477683911822586060e+09 1.350699999999999956e-01
1.477683911934521914e+09 1.351300000000000001e-01
1.477683912047188997e+09 1.352299999999999891e-01
1.477683912160646915e+09 1.351199999999999901e-01
1.477683912274439096e+09 1.351400000000000101e-01
1.477683912386866093e+09 1.351300000000000001e-01
1.477683912499253035e+09 1.350899999999999879e-01
1.477683912613014936e+09 1.351300000000000001e-01
1.477683912725507021e+09 1.351300000000000001e-01
1.477683912838848114e+09 1.351499999999999924e-01
1.477683912951431036e+09 1.350899999999999879e-01
1.477683913065016031e+09 1.351700000000000124e-01
1.477683913178685904e+09 1.351600000000000024e-01
1.477683913291277885e+09 1.352099999999999969e-01
1.477683913403760910e+09 1.351300000000000001e-01
1.477683913517355919e+09 1.350999999999999979e-01
1.477683913629817963e+09 1.351999999999999869e-01
1.477683913742544889e+09 1.351700000000000124e-01
1.477683913856084108e+09 1.352200000000000069e-01
1.477683913969666004e+09 1.351199999999999901e-01
1.477683914082036018e+09 1.351300000000000001e-01
1.477683914195786953e+09 1.351300000000000001e-01
1.477683914308147907e+09 1.351100000000000079e-01
1.477683914421534061e+09 1.352099999999999969e-01
1.477683914534385920e+09 1.350699999999999956e-01
1.477683914646809101e+09 1.352200000000000069e-01
1.477683914760431051e+09 1.351600000000000024e-01
1.477683914872827053e+09 1.352099999999999969e-01
1.477683914986217976e+09 1.351400000000000101e-01
1.477683915098860979e+09 1.351499999999999924e-01
1.477683915212409973e+09 1.350899999999999879e-01
1.477683915325030088e+09 1.351199999999999901e-01
1.477683915438575983e+09 1.351600000000000024e-01
1.477683915551208019e+09 1.351199999999999901e-01
1.477683915664550066e+09 1.351499999999999924e-01
1.477683915777194023e+09 1.352099999999999969e-01
1.477683915890893936e+09 1.350999999999999979e-01
1.477683916003258944e+09 1.350999999999999979e-01
1.477683916116805077e+09 1.350800000000000056e-01
1.477683916229155064e+09 1.351700000000000124e-01
1.477683916342808962e+09 1.350399999999999934e-01
1.477683916455461025e+09 1.352599999999999913e-01
1.477683916568859100e+09 1.351799999999999946e-01
1.477683916681473017e+09 1.350800000000000056e-01
1.477683916794984102e+09 1.352099999999999969e-01
1.477683916907577991e+09 1.351300000000000001e-01
1.477683917021148920e+09 1.352099999999999969e-01
1.477683917133614063e+09 1.351900000000000046e-01
1.477683917246232986e+09 1.351600000000000024e-01
1.477683917359991074e+09 1.351300000000000001e-01
1.477683917472349882e+09 1.350899999999999879e-01
1.477683917585900068e+09 1.351999999999999869e-01
1.477683917698687077e+09 1.351300000000000001e-01
1.477683917812016010e+09 1.351100000000000079e-01
1.477683917924554110e+09 1.349799999999999889e-01
1.477683918037769079e+09 1.351900000000000046e-01
1.477683918150522947e+09 1.350999999999999979e-01
1.477683918264147043e+09 1.352099999999999969e-01
1.477683918376518965e+09 1.351900000000000046e-01
1.477683918490144014e+09 1.351499999999999924e-01
1.477683918602751970e+09 1.351600000000000024e-01
1.477683918716020107e+09 1.350999999999999979e-01
1.477683918828857899e+09 1.351700000000000124e-01
1.477683918942373991e+09 1.351100000000000079e-01
1.477683919054853916e+09 1.351499999999999924e-01
1.477683919168410063e+09 1.351300000000000001e-01
1.477683919280982018e+09 1.351900000000000046e-01
1.477683919394252062e+09 1.351700000000000124e-01
1.477683919506948948e+09 1.351799999999999946e-01
1.477683919620618105e+09 1.351199999999999901e-01
1.477683919733190060e+09 1.351600000000000024e-01
1.477683919846716881e+09 1.351300000000000001e-01
1.477683919959095001e+09 1.350999999999999979e-01
1.477683920072629929e+09 1.351900000000000046e-01
1.477683920185412884e+09 1.352200000000000069e-01
1.477683920298816919e+09 1.351900000000000046e-01
1.477683920411308050e+09 1.350999999999999979e-01
1.477683920524014950e+09 1.351600000000000024e-01
1.477683920637438059e+09 1.351700000000000124e-01
1.477683920749963999e+09 1.351499999999999924e-01
1.477683920863506079e+09 1.351100000000000079e-01
1.477683920976157904e+09 1.351199999999999901e-01
1.477683921089613914e+09 1.351400000000000101e-01
1.477683921202141047e+09 1.350800000000000056e-01
1.477683921315735102e+09 1.351600000000000024e-01
1.477683921428347111e+09 1.352099999999999969e-01
1.477683921541925907e+09 1.351900000000000046e-01
1.477683921654175997e+09 1.351199999999999901e-01
1.477683921767833948e+09 1.351400000000000101e-01
1.477683921880601883e+09 1.351900000000000046e-01
1.477683921994061947e+09 1.351199999999999901e-01
1.477683922107471943e+09 1.350800000000000056e-01
1.477683922220036983e+09 1.353100000000000136e-01
1.477683922332678080e+09 1.351700000000000124e-01
1.477683922446223021e+09 1.351199999999999901e-01
1.477683922558514118e+09 1.351499999999999924e-01
1.477683922672137976e+09 1.351100000000000079e-01
1.477683922784842014e+09 1.351600000000000024e-01
1.477683922898228884e+09 1.351100000000000079e-01
1.477683923010932922e+09 1.351900000000000046e-01
1.477683923124330044e+09 1.351799999999999946e-01
1.477683923236726046e+09 1.351600000000000024e-01
1.477683923350564957e+09 1.350899999999999879e-01
1.477683923462958097e+09 1.351799999999999946e-01
1.477683923575552940e+09 1.352299999999999891e-01
1.477683923689058065e+09 1.351400000000000101e-01
1.477683923802725077e+09 1.351600000000000024e-01
1.477683923915086985e+09 1.352700000000000014e-01
1.477683924027642965e+09 1.350899999999999879e-01
1.477683924141387939e+09 1.352099999999999969e-01
1.477683924253715992e+09 1.350999999999999979e-01
1.477683924367408037e+09 1.350800000000000056e-01
1.477683924479801893e+09 1.351700000000000124e-01
1.477683924593466043e+09 1.352099999999999969e-01
1.477683924706042051e+09 1.350699999999999956e-01
1.477683924819439888e+09 1.351300000000000001e-01
1.477683924932152987e+09 1.350399999999999934e-01
1.477683925045603037e+09 1.351100000000000079e-01
1.477683925158062935e+09 1.351300000000000001e-01
1.477683925271584988e+09 1.351300000000000001e-01
1.477683925384126902e+09 1.352099999999999969e-01
1.477683925497530937e+09 1.351199999999999901e-01
1.477683925610197067e+09 1.351700000000000124e-01
1.477683925723767042e+09 1.351799999999999946e-01
1.477683925836333990e+09 1.351100000000000079e-01
1.477683925949805021e+09 1.350699999999999956e-01
1.477683926062395096e+09 1.351900000000000046e-01
1.477683926175937891e+09 1.352800000000000114e-01
1.477683926288346052e+09 1.352200000000000069e-01
1.477683926401043892e+09 1.351499999999999924e-01
1.477683926514535904e+09 1.350500000000000034e-01
1.477683926628010035e+09 1.351999999999999869e-01
1.477683926740561008e+09 1.350600000000000134e-01
1.477683926852929115e+09 1.352299999999999891e-01
1.477683926966641903e+09 1.351199999999999901e-01
1.477683927080151081e+09 1.351400000000000101e-01
1.477683927192747116e+09 1.352099999999999969e-01
1.477683927305255890e+09 1.351900000000000046e-01
1.477683927418840885e+09 1.352299999999999891e-01
1.477683927532537937e+09 1.351700000000000124e-01
1.477683927644910097e+09 1.350500000000000034e-01
1.477683927757441998e+09 1.351999999999999869e-01
1.477683927870794058e+09 1.352399999999999991e-01
1.477683927983417034e+09 1.352099999999999969e-01
1.477683928096963882e+09 1.351700000000000124e-01
1.477683928209515095e+09 1.351999999999999869e-01
1.477683928323085070e+09 1.351700000000000124e-01
1.477683928436877966e+09 1.351700000000000124e-01
1.477683928549264908e+09 1.351400000000000101e-01
1.477683928661642075e+09 1.350999999999999979e-01
1.477683928775197983e+09 1.350899999999999879e-01
1.477683928887870073e+09 1.352599999999999913e-01
1.477683929001497984e+09 1.351999999999999869e-01
1.477683929114813089e+09 1.352200000000000069e-01
1.477683929227643967e+09 1.351900000000000046e-01
1.477683929339865923e+09 1.351199999999999901e-01
1.477683929453422070e+09 1.350600000000000134e-01
1.477683929565944910e+09 1.350999999999999979e-01
1.477683929679649115e+09 1.352099999999999969e-01
1.477683929792201996e+09 1.350600000000000134e-01
1.477683929904742002e+09 1.351499999999999924e-01
1.477683930018152952e+09 1.351799999999999946e-01
1.477683930130789042e+09 1.351999999999999869e-01
1.477683930244364977e+09 1.351499999999999924e-01
1.477683930356942892e+09 1.351600000000000024e-01
1.477683930470477104e+09 1.350899999999999879e-01
1.477683930583179951e+09 1.350600000000000134e-01
1.477683930696491957e+09 1.351799999999999946e-01
1.477683930808908939e+09 1.350500000000000034e-01
1.477683930922396898e+09 1.351799999999999946e-01
1.477683931035211086e+09 1.350600000000000134e-01
1.477683931148722887e+09 1.351400000000000101e-01
1.477683931261243105e+09 1.352299999999999891e-01
1.477683931374762058e+09 1.351199999999999901e-01
1.477683931487216949e+09 1.350800000000000056e-01
1.477683931600688934e+09 1.351400000000000101e-01
1.477683931713402033e+09 1.350699999999999956e-01
1.477683931826921940e+09 1.351700000000000124e-01
1.477683931939434052e+09 1.350500000000000034e-01
1.477683932053109884e+09 1.351300000000000001e-01
1.477683932165683985e+09 1.351499999999999924e-01
1.477683932279062033e+09 1.351999999999999869e-01
1.477683932391640902e+09 1.351600000000000024e-01
1.477683932505168915e+09 1.351600000000000024e-01
1.477683932617708921e+09 1.351700000000000124e-01
1.477683932731283903e+09 1.350699999999999956e-01
1.477683932843796968e+09 1.350800000000000056e-01
1.477683932956312895e+09 1.352899999999999936e-01
1.477683933069916010e+09 1.350800000000000056e-01
1.477683933182467937e+09 1.351600000000000024e-01
1.477683933295969963e+09 1.351900000000000046e-01
1.477683933408509970e+09 1.351600000000000024e-01
1.477683933521964073e+09 1.351600000000000024e-01
1.477683933634565115e+09 1.351199999999999901e-01
1.477683933748197079e+09 1.352200000000000069e-01
1.477683933860676050e+09 1.351799999999999946e-01
1.477683933974225998e+09 1.351400000000000101e-01
1.477683934086867094e+09 1.351900000000000046e-01
1.477683934200258017e+09 1.351199999999999901e-01
1.477683934312813044e+09 1.350399999999999934e-01
1.477683934426388025e+09 1.351300000000000001e-01
1.477683934538855076e+09 1.351300000000000001e-01
1.477683934652322054e+09 1.351300000000000001e-01
1.477683934764810085e+09 1.351600000000000024e-01
1.477683934878387928e+09 1.351400000000000101e-01
1.477683934991060019e+09 1.351700000000000124e-01
1.477683935104795933e+09 1.351799999999999946e-01
1.477683935217180014e+09 1.351300000000000001e-01
1.477683935330734015e+09 1.351199999999999901e-01
1.477683935443252087e+09 1.351499999999999924e-01
1.477683935556636095e+09 1.351499999999999924e-01
1.477683935669298887e+09 1.350999999999999979e-01
1.477683935781815052e+09 1.352200000000000069e-01
1.477683935895417929e+09 1.351100000000000079e-01
1.477683936008954048e+09 1.351300000000000001e-01
1.477683936121440887e+09 1.351700000000000124e-01
1.477683936235028028e+09 1.351199999999999901e-01
1.477683936347625971e+09 1.350399999999999934e-01
1.477683936461112022e+09 1.351300000000000001e-01
1.477683936573595047e+09 1.351300000000000001e-01
1.477683936686186075e+09 1.351400000000000101e-01
1.477683936799736023e+09 1.351400000000000101e-01
1.477683936913285971e+09 1.350699999999999956e-01
1.477683937025747061e+09 1.350999999999999979e-01
1.477683937138330936e+09 1.350999999999999979e-01
1.477683937251888037e+09 1.351900000000000046e-01
1.477683937364451885e+09 1.351400000000000101e-01
1.477683937478110075e+09 1.351199999999999901e-01
1.477683937590531111e+09 1.351700000000000124e-01
1.477683937703996897e+09 1.352500000000000091e-01
1.477683937816479921e+09 1.351999999999999869e-01
1.477683937930134058e+09 1.350999999999999979e-01
1.477683938042684078e+09 1.351600000000000024e-01
1.477683938156239033e+09 1.351499999999999924e-01
1.477683938268718958e+09 1.351400000000000101e-01
1.477683938382313013e+09 1.350899999999999879e-01
1.477683938494889975e+09 1.351799999999999946e-01
1.477683938608567953e+09 1.351300000000000001e-01
1.477683938721085072e+09 1.350600000000000134e-01
1.477683938833415985e+09 1.351799999999999946e-01
1.477683938946846008e+09 1.351199999999999901e-01
1.477683939060441971e+09 1.351499999999999924e-01
1.477683939173479080e+09 1.351600000000000024e-01
1.477683939285450935e+09 1.351400000000000101e-01
1.477683939399101019e+09 1.350699999999999956e-01
1.477683939511549950e+09 1.351199999999999901e-01
1.477683939625045061e+09 1.351199999999999901e-01
1.477683939738636017e+09 1.351300000000000001e-01
1.477683939851146936e+09 1.350699999999999956e-01
1.477683939963742971e+09 1.350600000000000134e-01
1.477683940077305079e+09 1.351900000000000046e-01
1.477683940189867973e+09 1.351199999999999901e-01
1.477683940303337097e+09 1.351999999999999869e-01
1.477683940415833950e+09 1.350899999999999879e-01
1.477683940529441118e+09 1.350899999999999879e-01
1.477683940642041922e+09 1.350800000000000056e-01
1.477683940755441904e+09 1.351999999999999869e-01
1.477683940867995024e+09 1.350399999999999934e-01
1.477683940981621027e+09 1.351999999999999869e-01
1.477683941094096899e+09 1.351400000000000101e-01
1.477683941207691908e+09 1.350099999999999911e-01
1.477683941320256948e+09 1.350699999999999956e-01
1.477683941433840036e+09 1.351300000000000001e-01
1.477683941546391964e+09 1.350899999999999879e-01
1.477683941659867048e+09 1.350999999999999979e-01
1.477683941772300959e+09 1.350899999999999879e-01
1.477683941885957956e+09 1.352099999999999969e-01
1.477683941998521090e+09 1.351100000000000079e-01
1.477683942111013889e+09 1.350600000000000134e-01
1.477683942224529982e+09 1.351700000000000124e-01
1.477683942337111950e+09 1.353100000000000136e-01
1.477683942450591087e+09 1.351700000000000124e-01
1.477683942563186884e+09 1.351100000000000079e-01
1.477683942676722050e+09 1.351199999999999901e-01
1.477683942790236950e+09 1.350899999999999879e-01
1.477683942902760029e+09 1.352299999999999891e-01
1.477683943015413046e+09 1.351499999999999924e-01
1.477683943128793955e+09 1.352200000000000069e-01
1.477683943241373062e+09 1.351300000000000001e-01
1.477683943354867935e+09 1.351700000000000124e-01
1.477683943467464924e+09 1.351600000000000024e-01
1.477683943580945969e+09 1.351799999999999946e-01
1.477683943694724083e+09 1.352299999999999891e-01
1.477683943807209969e+09 1.350999999999999979e-01
1.477683943919794083e+09 1.350699999999999956e-01
1.477683944033441067e+09 1.352099999999999969e-01
1.477683944147037983e+09 1.350999999999999979e-01
1.477683944259516001e+09 1.351100000000000079e-01
1.477683944371843100e+09 1.351400000000000101e-01
1.477683944485519886e+09 1.351400000000000101e-01
1.477683944598205090e+09 1.351900000000000046e-01
1.477683944711711884e+09 1.350999999999999979e-01
1.477683944824117899e+09 1.351199999999999901e-01
1.477683944937797070e+09 1.351199999999999901e-01
1.477683945050169945e+09 1.351300000000000001e-01
1.477683945162600994e+09 1.351300000000000001e-01
1.477683945276185989e+09 1.351199999999999901e-01
1.477683945389636040e+09 1.351199999999999901e-01
1.477683945502213955e+09 1.351499999999999924e-01
1.477683945614808083e+09 1.351199999999999901e-01
1.477683945728311062e+09 1.350399999999999934e-01
1.477683945840764046e+09 1.351100000000000079e-01
1.477683945954411030e+09 1.351400000000000101e-01
1.477683946066971064e+09 1.351499999999999924e-01
1.477683946180557013e+09 1.351199999999999901e-01
1.477683946292989016e+09 1.350300000000000111e-01
1.477683946406876087e+09 1.350099999999999911e-01
1.477683946519393921e+09 1.351400000000000101e-01
1.477683946632913113e+09 1.351799999999999946e-01
1.477683946745218039e+09 1.350999999999999979e-01
1.477683946858735085e+09 1.351499999999999924e-01
1.477683946971344948e+09 1.351600000000000024e-01
1.477683947084944010e+09 1.351900000000000046e-01
1.477683947197570086e+09 1.351600000000000024e-01
1.477683947311131954e+09 1.351700000000000124e-01
1.477683947423728943e+09 1.350500000000000034e-01
1.477683947537194967e+09 1.350399999999999934e-01
1.477683947649614096e+09 1.351499999999999924e-01
1.477683947763163090e+09 1.351199999999999901e-01
1.477683947875699043e+09 1.350999999999999979e-01
1.477683947989222050e+09 1.351499999999999924e-01
1.477683948101707935e+09 1.351799999999999946e-01
1.477683948215394020e+09 1.352099999999999969e-01
1.477683948327792883e+09 1.351600000000000024e-01
1.477683948440401077e+09 1.350200000000000011e-01
1.477683948553854942e+09 1.350399999999999934e-01
1.477683948666461945e+09 1.351700000000000124e-01
1.477683948780045986e+09 1.350999999999999979e-01
1.477683948892750025e+09 1.351600000000000024e-01
1.477683949006258011e+09 1.351499999999999924e-01
1.477683949118756056e+09 1.350899999999999879e-01
1.477683949232238054e+09 1.351700000000000124e-01
1.477683949344760895e+09 1.351300000000000001e-01
1.477683949458436012e+09 1.351799999999999946e-01
1.477683949571017027e+09 1.351100000000000079e-01
1.477683949684360027e+09 1.350500000000000034e-01
1.477683949796996117e+09 1.351400000000000101e-01
1.477683949910489082e+09 1.351400000000000101e-01
1.477683950024177074e+09 1.351199999999999901e-01
1.477683950136559010e+09 1.350899999999999879e-01
1.477683950249089003e+09 1.350999999999999979e-01
1.477683950362802982e+09 1.351700000000000124e-01
1.477683950475306034e+09 1.351400000000000101e-01
1.477683950588690042e+09 1.351100000000000079e-01
1.477683950701448917e+09 1.351499999999999924e-01
1.477683950814918995e+09 1.351400000000000101e-01
1.477683950928230047e+09 1.350600000000000134e-01
1.477683951039870977e+09 1.350999999999999979e-01
1.477683951153350115e+09 1.351700000000000124e-01
1.477683951266839981e+09 1.351300000000000001e-01
1.477683951379515886e+09 1.351799999999999946e-01
1.477683951492021084e+09 1.352800000000000114e-01
1.477683951605650902e+09 1.352099999999999969e-01
1.477683951719238997e+09 1.350999999999999979e-01
1.477683951831506014e+09 1.351300000000000001e-01
1.477683951944374084e+09 1.351600000000000024e-01
1.477683952057878971e+09 1.351799999999999946e-01
1.477683952170461893e+09 1.351700000000000124e-01
1.477683952283833027e+09 1.350800000000000056e-01
1.477683952396589994e+09 1.350899999999999879e-01
1.477683952509915113e+09 1.350999999999999979e-01
1.477683952622520924e+09 1.351499999999999924e-01
1.477683952736107111e+09 1.351199999999999901e-01
1.477683952848454952e+09 1.350600000000000134e-01
1.477683952962160110e+09 1.351300000000000001e-01
1.477683953074651957e+09 1.351700000000000124e-01
1.477683953188369989e+09 1.351400000000000101e-01
1.477683953300918102e+09 1.352399999999999991e-01
1.477683953414107084e+09 1.350099999999999911e-01
1.477683953526798964e+09 1.351600000000000024e-01
1.477683953640336990e+09 1.351799999999999946e-01
1.477683953753062963e+09 1.351400000000000101e-01
1.477683953866400957e+09 1.351300000000000001e-01
1.477683953979110956e+09 1.351799999999999946e-01
1.477683954092664003e+09 1.353000000000000036e-01
1.477683954205209017e+09 1.351400000000000101e-01
1.477683954318742037e+09 1.351499999999999924e-01
1.477683954431252003e+09 1.351499999999999924e-01
1.477683954544601917e+09 1.351400000000000101e-01
1.477683954657304049e+09 1.351499999999999924e-01
1.477683954769898891e+09 1.350300000000000111e-01
1.477683954883434057e+09 1.350800000000000056e-01
1.477683954996726036e+09 1.352099999999999969e-01
1.477683955109303951e+09 1.351499999999999924e-01
1.477683955222031116e+09 1.351700000000000124e-01
1.477683955335592031e+09 1.351400000000000101e-01
1.477683955449130058e+09 1.352200000000000069e-01
1.477683955561567068e+09 1.350800000000000056e-01
1.477683955674088001e+09 1.352299999999999891e-01
1.477683955787754059e+09 1.351999999999999869e-01
1.477683955900152922e+09 1.350999999999999979e-01
1.477683956013688087e+09 1.351300000000000001e-01
1.477683956126276970e+09 1.350099999999999911e-01
1.477683956239917040e+09 1.351700000000000124e-01
1.477683956353401899e+09 1.350999999999999979e-01
1.477683956466068983e+09 1.351199999999999901e-01
1.477683956578283072e+09 1.351199999999999901e-01
1.477683956692090988e+09 1.350699999999999956e-01
1.477683956804656982e+09 1.352599999999999913e-01
1.477683956917155981e+09 1.352599999999999913e-01
1.477683957030462980e+09 1.351100000000000079e-01
1.477683957144181013e+09 1.352599999999999913e-01
1.477683957257900000e+09 1.350800000000000056e-01
1.477683957370126963e+09 1.351199999999999901e-01
1.477683957482774973e+09 1.351999999999999869e-01
1.477683957596237898e+09 1.350800000000000056e-01
1.477683957708811998e+09 1.352299999999999891e-01
1.477683957821381092e+09 1.351799999999999946e-01
1.477683957934942007e+09 1.351199999999999901e-01
1.477683958047434092e+09 1.352500000000000091e-01
1.477683958160871029e+09 1.350699999999999956e-01
1.477683958273514032e+09 1.351999999999999869e-01
1.477683958387080908e+09 1.351300000000000001e-01
1.477683958499735117e+09 1.351499999999999924e-01
1.477683958613121986e+09 1.351700000000000124e-01
1.477683958725673914e+09 1.351999999999999869e-01
1.477683958839234114e+09 1.351900000000000046e-01
1.477683958951744080e+09 1.351999999999999869e-01
1.477683959065437078e+09 1.350699999999999956e-01
1.477683959177829027e+09 1.350899999999999879e-01
1.477683959291568041e+09 1.351400000000000101e-01
1.477683959404118061e+09 1.351199999999999901e-01
1.477683959517570972e+09 1.350999999999999979e-01
1.477683959630075932e+09 1.350999999999999979e-01
1.477683959743529081e+09 1.351300000000000001e-01
1.477683959856066942e+09 1.351100000000000079e-01
1.477683959969635963e+09 1.351700000000000124e-01
1.477683960082067013e+09 1.351600000000000024e-01
1.477683960195919991e+09 1.350099999999999911e-01
1.477683960308347940e+09 1.351700000000000124e-01
1.477683960421951056e+09 1.351700000000000124e-01
1.477683960534496069e+09 1.351199999999999901e-01
1.477683960647996902e+09 1.351499999999999924e-01
1.477683960760552883e+09 1.350899999999999879e-01
1.477683960874000072e+09 1.351199999999999901e-01
1.477683960986639977e+09 1.351199999999999901e-01
1.477683961100049973e+09 1.352700000000000014e-01
1.477683961212833881e+09 1.351900000000000046e-01
1.477683961326045990e+09 1.351400000000000101e-01
1.477683961438790083e+09 1.351499999999999924e-01
1.477683961551356077e+09 1.351300000000000001e-01
1.477683961664937019e+09 1.350800000000000056e-01
1.477683961778423071e+09 1.351400000000000101e-01
1.477683961890816927e+09 1.351499999999999924e-01
1.477683962003226042e+09 1.352399999999999991e-01
1.477683962116902113e+09 1.351300000000000001e-01
1.477683962230595112e+09 1.351900000000000046e-01
1.477683962342994928e+09 1.351300000000000001e-01
1.477683962455713034e+09 1.351400000000000101e-01
1.477683962569140911e+09 1.351499999999999924e-01
1.477683962681691885e+09 1.351199999999999901e-01
1.477683962795321941e+09 1.351400000000000101e-01
1.477683962907589912e+09 1.350099999999999911e-01
1.477683963021261930e+09 1.352099999999999969e-01
1.477683963134876013e+09 1.350999999999999979e-01
1.477683963247469902e+09 1.350699999999999956e-01
1.477683963359981060e+09 1.350099999999999911e-01
1.477683963473393917e+09 1.351499999999999924e-01
1.477683963585957050e+09 1.350899999999999879e-01
1.477683963699529886e+09 1.351300000000000001e-01
1.477683963812069893e+09 1.351199999999999901e-01
1.477683963924583912e+09 1.351600000000000024e-01
1.477683964038103104e+09 1.350500000000000034e-01
1.477683964150702953e+09 1.351100000000000079e-01
1.477683964264235020e+09 1.351199999999999901e-01
1.477683964376867056e+09 1.350699999999999956e-01
1.477683964490098953e+09 1.351300000000000001e-01
1.477683964602797031e+09 1.351499999999999924e-01
1.477683964716476917e+09 1.351499999999999924e-01
1.477683964828876019e+09 1.350999999999999979e-01
1.477683964942572117e+09 1.352399999999999991e-01
1.477683965054928064e+09 1.351999999999999869e-01
1.477683965168521881e+09 1.351300000000000001e-01
1.477683965281239033e+09 1.351999999999999869e-01
1.477683965394720078e+09 1.352200000000000069e-01
1.477683965507277966e+09 1.350500000000000034e-01
1.477683965620651960e+09 1.350699999999999956e-01
1.477683965733361959e+09 1.351600000000000024e-01
1.477683965846760035e+09 1.351799999999999946e-01
1.477683965959451914e+09 1.351600000000000024e-01
1.477683966072668076e+09 1.351100000000000079e-01
1.477683966185542107e+09 1.352099999999999969e-01
1.477683966298885107e+09 1.351600000000000024e-01
1.477683966411485910e+09 1.352700000000000014e-01
1.477683966525145054e+09 1.351100000000000079e-01
1.477683966637547970e+09 1.350899999999999879e-01
1.477683966751313925e+09 1.350999999999999979e-01
1.477683966863569021e+09 1.350899999999999879e-01
1.477683966977354050e+09 1.350699999999999956e-01
1.477683967089868069e+09 1.351499999999999924e-01
1.477683967203290939e+09 1.350899999999999879e-01
1.477683967315980911e+09 1.349299999999999944e-01
1.477683967429497004e+09 1.351400000000000101e-01
1.477683967541863918e+09 1.350000000000000089e-01
1.477683967655276060e+09 1.350099999999999911e-01
1.477683967767935038e+09 1.350999999999999979e-01
1.477683967880567074e+09 1.351100000000000079e-01
1.477683967994199038e+09 1.351600000000000024e-01
1.477683968107615948e+09 1.351199999999999901e-01
1.477683968220081091e+09 1.351199999999999901e-01
1.477683968332554102e+09 1.352500000000000091e-01
1.477683968446407080e+09 1.350899999999999879e-01
1.477683968559710026e+09 1.350899999999999879e-01
1.477683968672501087e+09 1.350200000000000011e-01
1.477683968784847975e+09 1.350200000000000011e-01
1.477683968898319006e+09 1.350899999999999879e-01
1.477683969011116028e+09 1.351799999999999946e-01
1.477683969124636889e+09 1.351400000000000101e-01
1.477683969236833096e+09 1.350999999999999979e-01
1.477683969350574017e+09 1.351199999999999901e-01
1.477683969463318110e+09 1.350699999999999956e-01
1.477683969576612949e+09 1.350999999999999979e-01
1.477683969689377069e+09 1.351199999999999901e-01
1.477683969802860975e+09 1.350800000000000056e-01
1.477683969916405916e+09 1.350699999999999956e-01
1.477683970028953075e+09 1.351999999999999869e-01
1.477683970141310930e+09 1.351300000000000001e-01
1.477683970255053043e+09 1.351700000000000124e-01
1.477683970367590904e+09 1.350600000000000134e-01
1.477683970480021000e+09 1.351499999999999924e-01
1.477683970593621969e+09 1.350800000000000056e-01
1.477683970706216097e+09 1.350899999999999879e-01
1.477683970819539070e+09 1.350999999999999979e-01
1.477683970932342052e+09 1.351100000000000079e-01
1.477683971045789003e+09 1.351900000000000046e-01
1.477683971158363104e+09 1.351100000000000079e-01
1.477683971272047043e+09 1.350399999999999934e-01
1.477683971384227037e+09 1.351300000000000001e-01
1.477683971497920990e+09 1.351300000000000001e-01
1.477683971610584021e+09 1.352200000000000069e-01
1.477683971724075079e+09 1.351499999999999924e-01
1.477683971836694956e+09 1.350800000000000056e-01
1.477683971950021982e+09 1.351100000000000079e-01
1.477683972062555075e+09 1.350999999999999979e-01
1.477683972176208973e+09 1.351199999999999901e-01
1.477683972288651943e+09 1.351199999999999901e-01
1.477683972402314901e+09 1.351700000000000124e-01
1.477683972514677048e+09 1.351799999999999946e-01
1.477683972628328085e+09 1.351199999999999901e-01
1.477683972740761042e+09 1.350800000000000056e-01
1.477683972854465961e+09 1.350800000000000056e-01
1.477683972966870070e+09 1.351700000000000124e-01
1.477683973080312967e+09 1.352599999999999913e-01
1.477683973193097115e+09 1.350600000000000134e-01
1.477683973306642056e+09 1.349899999999999989e-01
1.477683973419003963e+09 1.352099999999999969e-01
1.477683973531577110e+09 1.351199999999999901e-01
1.477683973645004988e+09 1.351700000000000124e-01
1.477683973757667065e+09 1.350800000000000056e-01
1.477683973871215105e+09 1.350999999999999979e-01
1.477683973983732939e+09 1.351799999999999946e-01
1.477683974097296953e+09 1.351300000000000001e-01
1.477683974209971905e+09 1.352200000000000069e-01
1.477683974323307037e+09 1.351499999999999924e-01
1.477683974435985088e+09 1.351700000000000124e-01
1.477683974549473047e+09 1.351100000000000079e-01
1.477683974662133932e+09 1.351600000000000024e-01
1.477683974775588036e+09 1.351600000000000024e-01
1.477683974888215065e+09 1.351400000000000101e-01
1.477683975001740932e+09 1.349899999999999989e-01
1.477683975114054918e+09 1.351300000000000001e-01
1.477683975227737904e+09 1.350500000000000034e-01
1.477683975340384960e+09 1.350999999999999979e-01
1.477683975453787088e+09 1.350399999999999934e-01
1.477683975566170931e+09 1.350600000000000134e-01
1.477683975679817915e+09 1.351400000000000101e-01
1.477683975792494059e+09 1.352099999999999969e-01
1.477683975905925989e+09 1.350099999999999911e-01
1.477683976018367052e+09 1.351300000000000001e-01
1.477683976130960941e+09 1.351199999999999901e-01
1.477683976244663954e+09 1.351799999999999946e-01
1.477683976357290030e+09 1.350899999999999879e-01
1.477683976470805883e+09 1.351799999999999946e-01
1.477683976583246946e+09 1.350999999999999979e-01
1.477683976696634054e+09 1.351100000000000079e-01
1.477683976809201002e+09 1.352200000000000069e-01
1.477683976922967911e+09 1.350300000000000111e-01
1.477683977035454035e+09 1.351199999999999901e-01
1.477683977148972988e+09 1.351499999999999924e-01
1.477683977261318922e+09 1.350800000000000056e-01
1.477683977375097036e+09 1.351199999999999901e-01
1.477683977487663984e+09 1.351600000000000024e-01
1.477683977601059914e+09 1.350800000000000056e-01
1.477683977713599920e+09 1.351300000000000001e-01
1.477683977827090025e+09 1.350800000000000056e-01
1.477683977939835072e+09 1.351100000000000079e-01
1.477683978053216934e+09 1.350399999999999934e-01
1.477683978165715933e+09 1.350800000000000056e-01
1.477683978279280901e+09 1.351100000000000079e-01
1.477683978391818047e+09 1.351900000000000046e-01
1.477683978505390882e+09 1.351199999999999901e-01
1.477683978618050098e+09 1.350600000000000134e-01
1.477683978731616020e+09 1.351499999999999924e-01
1.477683978843849897e+09 1.351300000000000001e-01
1.477683978957679033e+09 1.350800000000000056e-01
1.477683979070214987e+09 1.350899999999999879e-01
1.477683979183768034e+09 1.351799999999999946e-01
1.477683979296063900e+09 1.350800000000000056e-01
1.477683979409811974e+09 1.351700000000000124e-01
1.477683979522344112e+09 1.349599999999999966e-01
1.477683979635950089e+09 1.351799999999999946e-01
1.477683979748521090e+09 1.351199999999999901e-01
1.477683979860861063e+09 1.351300000000000001e-01
1.477683979974555016e+09 1.350999999999999979e-01
1.477683980087050915e+09 1.350999999999999979e-01
1.477683980200488091e+09 1.351799999999999946e-01
1.477683980313219070e+09 1.350899999999999879e-01
1.477683980426634073e+09 1.352299999999999891e-01
1.477683980539092064e+09 1.350600000000000134e-01
1.477683980652852058e+09 1.351400000000000101e-01
1.477683980766352892e+09 1.350699999999999956e-01
1.477683980878782034e+09 1.350399999999999934e-01
1.477683980991173029e+09 1.351100000000000079e-01
1.477683981104962111e+09 1.350999999999999979e-01
1.477683981218525887e+09 1.350699999999999956e-01
1.477683981330933094e+09 1.351600000000000024e-01
1.477683981443427086e+09 1.351199999999999901e-01
1.477683981557001114e+09 1.351400000000000101e-01
1.477683981670663118e+09 1.351499999999999924e-01
1.477683981783210993e+09 1.350899999999999879e-01
1.477683981895627022e+09 1.350300000000000111e-01
1.477683982008282900e+09 1.350800000000000056e-01
1.477683982121833086e+09 1.350899999999999879e-01
1.477683982235416889e+09 1.351700000000000124e-01
1.477683982347716093e+09 1.351600000000000024e-01
1.477683982460309029e+09 1.351100000000000079e-01
1.477683982574008942e+09 1.350899999999999879e-01
1.477683982687516928e+09 1.350699999999999956e-01
1.477683982799952984e+09 1.351300000000000001e-01
1.477683982912587881e+09 1.349899999999999989e-01
1.477683983026252985e+09 1.349700000000000066e-01
1.477683983139570951e+09 1.352200000000000069e-01
1.477683983252290964e+09 1.350999999999999979e-01
1.477683983364629030e+09 1.350999999999999979e-01
1.477683983478352070e+09 1.350500000000000034e-01
1.477683983590728045e+09 1.350999999999999979e-01
1.477683983704425097e+09 1.351999999999999869e-01
1.477683983816966057e+09 1.351499999999999924e-01
1.477683983930557013e+09 1.351799999999999946e-01
1.477683984042916059e+09 1.350699999999999956e-01
1.477683984156583071e+09 1.351199999999999901e-01
1.477683984269134998e+09 1.351600000000000024e-01
1.477683984382651091e+09 1.351900000000000046e-01
1.477683984495016098e+09 1.350999999999999979e-01
1.477683984608670950e+09 1.351600000000000024e-01
1.477683984721323013e+09 1.350600000000000134e-01
1.477683984834872961e+09 1.351999999999999869e-01
1.477683984947371960e+09 1.351199999999999901e-01
1.477683985060801029e+09 1.352899999999999936e-01
1.477683985173490047e+09 1.350500000000000034e-01
1.477683985287019014e+09 1.351600000000000024e-01
1.477683985399554968e+09 1.350999999999999979e-01
1.477683985512087107e+09 1.350999999999999979e-01
1.477683985625452042e+09 1.352299999999999891e-01
1.477683985738152981e+09 1.351400000000000101e-01
1.477683985851469040e+09 1.349899999999999989e-01
1.477683985964226961e+09 1.351199999999999901e-01
1.477683986077761889e+09 1.350300000000000111e-01
1.477683986191098928e+09 1.351199999999999901e-01
1.477683986303976059e+09 1.350899999999999879e-01
1.477683986417335987e+09 1.351700000000000124e-01
1.477683986529743910e+09 1.351600000000000024e-01
1.477683986642266989e+09 1.351199999999999901e-01
1.477683986756074905e+09 1.352700000000000014e-01
1.477683986868592978e+09 1.351300000000000001e-01
1.477683986982029915e+09 1.351600000000000024e-01
1.477683987094707966e+09 1.349899999999999989e-01
1.477683987208151102e+09 1.350800000000000056e-01
1.477683987320625067e+09 1.350800000000000056e-01
1.477683987434287071e+09 1.351300000000000001e-01
1.477683987547827959e+09 1.350300000000000111e-01
1.477683987660425901e+09 1.351700000000000124e-01
1.477683987772802114e+09 1.351400000000000101e-01
1.477683987886481047e+09 1.350399999999999934e-01
1.477683987999978065e+09 1.350500000000000034e-01
1.477683988112464905e+09 1.350699999999999956e-01
1.477683988225002050e+09 1.350899999999999879e-01
1.477683988337694883e+09 1.351600000000000024e-01
1.477683988451047897e+09 1.351100000000000079e-01
1.477683988564620018e+09 1.350500000000000034e-01
1.477683988677185059e+09 1.351199999999999901e-01
1.477683988789743900e+09 1.351199999999999901e-01
1.477683988903131008e+09 1.350300000000000111e-01
1.477683989015815020e+09 1.351300000000000001e-01
1.477683989129288912e+09 1.351199999999999901e-01
1.477683989241983891e+09 1.351499999999999924e-01
1.477683989355498075e+09 1.350899999999999879e-01
1.477683989467860937e+09 1.351700000000000124e-01
1.477683989581415892e+09 1.350699999999999956e-01
1.477683989693942070e+09 1.350600000000000134e-01
1.477683989807509899e+09 1.351199999999999901e-01
1.477683989920095921e+09 1.351199999999999901e-01
1.477683990033499002e+09 1.351600000000000024e-01
1.477683990146209002e+09 1.351300000000000001e-01
1.477683990259829998e+09 1.350699999999999956e-01
1.477683990372179031e+09 1.351499999999999924e-01
1.477683990485780001e+09 1.352299999999999891e-01
1.477683990598426104e+09 1.350600000000000134e-01
1.477683990711930037e+09 1.351499999999999924e-01
1.477683990824541092e+09 1.350600000000000134e-01
1.477683990937917948e+09 1.351100000000000079e-01
1.477683991050659895e+09 1.350399999999999934e-01
1.477683991164180994e+09 1.351799999999999946e-01
1.477683991276559114e+09 1.351499999999999924e-01
1.477683991390135050e+09 1.350999999999999979e-01
1.477683991502583981e+09 1.351900000000000046e-01
1.477683991616159916e+09 1.351199999999999901e-01
1.477683991728879929e+09 1.351700000000000124e-01
1.477683991841447115e+09 1.350300000000000111e-01
1.477683991954814911e+09 1.351199999999999901e-01
1.477683992068362951e+09 1.350699999999999956e-01
1.477683992180912971e+09 1.350999999999999979e-01
1.477683992294620991e+09 1.351700000000000124e-01
1.477683992406944990e+09 1.350200000000000011e-01
1.477683992519527912e+09 1.350899999999999879e-01
1.477683992633126020e+09 1.351300000000000001e-01
1.477683992745589018e+09 1.350399999999999934e-01
1.477683992859318018e+09 1.351499999999999924e-01
1.477683992971890926e+09 1.350800000000000056e-01
1.477683993085417986e+09 1.350500000000000034e-01
1.477683993197791100e+09 1.350399999999999934e-01
1.477683993311335087e+09 1.351100000000000079e-01
1.477683993423929930e+09 1.351300000000000001e-01
1.477683993537271976e+09 1.350999999999999979e-01
1.477683993649956942e+09 1.350399999999999934e-01
1.477683993763658047e+09 1.350300000000000111e-01
1.477683993876140118e+09 1.351700000000000124e-01
1.477683993989559889e+09 1.351999999999999869e-01
1.477683994102133989e+09 1.351400000000000101e-01
1.477683994215641975e+09 1.350800000000000056e-01
1.477683994328380108e+09 1.349799999999999889e-01
1.477683994441755056e+09 1.351100000000000079e-01
1.477683994554312944e+09 1.349799999999999889e-01
1.477683994666794062e+09 1.350600000000000134e-01
1.477683994780391932e+09 1.350399999999999934e-01
1.477683994893887043e+09 1.351199999999999901e-01
1.477683995006413937e+09 1.350999999999999979e-01
1.477683995118856907e+09 1.350999999999999979e-01
1.477683995232620955e+09 1.350200000000000011e-01
1.477683995345315933e+09 1.350300000000000111e-01
1.477683995458615065e+09 1.351300000000000001e-01
1.477683995571171045e+09 1.350699999999999956e-01
1.477683995684633017e+09 1.351300000000000001e-01
1.477683995797385931e+09 1.351499999999999924e-01
1.477683995910815001e+09 1.350800000000000056e-01
1.477683996023303032e+09 1.350200000000000011e-01
1.477683996137003899e+09 1.350500000000000034e-01
1.477683996249377966e+09 1.352099999999999969e-01
1.477683996362911940e+09 1.352399999999999991e-01
1.477683996475409031e+09 1.351100000000000079e-01
1.477683996589133024e+09 1.351100000000000079e-01
1.477683996701380968e+09 1.350800000000000056e-01
1.477683996815181017e+09 1.351300000000000001e-01
1.477683996927508116e+09 1.351499999999999924e-01
1.477683997041316986e+09 1.351100000000000079e-01
1.477683997153856993e+09 1.350800000000000056e-01
1.477683997267409086e+09 1.351100000000000079e-01
1.477683997379770041e+09 1.351400000000000101e-01
1.477683997493369102e+09 1.352500000000000091e-01
1.477683997606026888e+09 1.350899999999999879e-01
1.477683997718571901e+09 1.351199999999999901e-01
1.477683997832103968e+09 1.351600000000000024e-01
1.477683997945470095e+09 1.351199999999999901e-01
1.477683998058017015e+09 1.351499999999999924e-01
1.477683998171587944e+09 1.351499999999999924e-01
1.477683998284054041e+09 1.351900000000000046e-01
1.477683998397654057e+09 1.350600000000000134e-01
1.477683998510346889e+09 1.351100000000000079e-01
1.477683998622766018e+09 1.351300000000000001e-01
1.477683998736352921e+09 1.350899999999999879e-01
1.477683998848995924e+09 1.350600000000000134e-01
1.477683998962353945e+09 1.350500000000000034e-01
1.477683999075037956e+09 1.351499999999999924e-01
1.477683999188570976e+09 1.351499999999999924e-01
1.477683999300951958e+09 1.351700000000000124e-01
1.477683999414391041e+09 1.351400000000000101e-01
1.477683999527208090e+09 1.351300000000000001e-01
1.477683999640686989e+09 1.350300000000000111e-01
1.477683999753192902e+09 1.351900000000000046e-01
1.477683999866569042e+09 1.351799999999999946e-01
1.477683999979320049e+09 1.351999999999999869e-01
1.477684000092869997e+09 1.351300000000000001e-01
1.477684000205430984e+09 1.351499999999999924e-01
1.477684000318934917e+09 1.351300000000000001e-01
1.477684000431334972e+09 1.351100000000000079e-01
1.477684000545063972e+09 1.350999999999999979e-01
1.477684000657582998e+09 1.351600000000000024e-01
1.477684000770958900e+09 1.350999999999999979e-01
1.477684000883728027e+09 1.350500000000000034e-01
1.477684000996990919e+09 1.352099999999999969e-01
1.477684001109814882e+09 1.351900000000000046e-01
1.477684001223277092e+09 1.350500000000000034e-01
1.477684001335688114e+09 1.351999999999999869e-01
1.477684001448103905e+09 1.350399999999999934e-01
1.477684001561850071e+09 1.350399999999999934e-01
1.477684001674320936e+09 1.350399999999999934e-01
1.477684001788048029e+09 1.350200000000000011e-01
1.477684001900393963e+09 1.350899999999999879e-01
1.477684002014000893e+09 1.349899999999999989e-01
1.477684002126692057e+09 1.350999999999999979e-01
1.477684002240196943e+09 1.350899999999999879e-01
1.477684002352615118e+09 1.351199999999999901e-01
1.477684002466021061e+09 1.350399999999999934e-01
1.477684002578777075e+09 1.351300000000000001e-01
1.477684002692326069e+09 1.350800000000000056e-01
1.477684002804879904e+09 1.350099999999999911e-01
1.477684002918162107e+09 1.351999999999999869e-01
1.477684003030641079e+09 1.351799999999999946e-01
1.477684003144440889e+09 1.350000000000000089e-01
1.477684003257024050e+09 1.351900000000000046e-01
1.477684003370578051e+09 1.351300000000000001e-01
1.477684003483160973e+09 1.351700000000000124e-01
1.477684003595499992e+09 1.352099999999999969e-01
1.477684003709203005e+09 1.350800000000000056e-01
1.477684003822710991e+09 1.351100000000000079e-01
1.477684003935430050e+09 1.349899999999999989e-01
1.477684004047863007e+09 1.351600000000000024e-01
1.477684004161230087e+09 1.350999999999999979e-01
1.477684004274818897e+09 1.351700000000000124e-01
1.477684004387473106e+09 1.351300000000000001e-01
1.477684004499994040e+09 1.352200000000000069e-01
1.477684004613249063e+09 1.352899999999999936e-01
1.477684004726080894e+09 1.351100000000000079e-01
1.477684004839627981e+09 1.351300000000000001e-01
1.477684004952101946e+09 1.351100000000000079e-01
1.477684005065598011e+09 1.350899999999999879e-01
1.477684005178062916e+09 1.350699999999999956e-01
1.477684005291645050e+09 1.351499999999999924e-01
1.477684005404201031e+09 1.350099999999999911e-01
1.477684005517882109e+09 1.352599999999999913e-01
1.477684005630316973e+09 1.350300000000000111e-01
1.477684005743856907e+09 1.351300000000000001e-01
1.477684005856379986e+09 1.351600000000000024e-01
1.477684005970062017e+09 1.351300000000000001e-01
1.477684006082596064e+09 1.351300000000000001e-01
1.477684006195950985e+09 1.351799999999999946e-01
1.477684006308581114e+09 1.350999999999999979e-01
1.477684006422097921e+09 1.351199999999999901e-01
1.477684006534708977e+09 1.350399999999999934e-01
1.477684006648127079e+09 1.350699999999999956e-01
1.477684006760695934e+09 1.351199999999999901e-01
1.477684006874371052e+09 1.351600000000000024e-01
1.477684006986792088e+09 1.352599999999999913e-01
1.477684007099421978e+09 1.351400000000000101e-01
1.477684007213012934e+09 1.350200000000000011e-01
1.477684007326529980e+09 1.350500000000000034e-01
1.477684007439032078e+09 1.351199999999999901e-01
1.477684007552622080e+09 1.351100000000000079e-01
1.477684007665111065e+09 1.350500000000000034e-01
1.477684007777448893e+09 1.351100000000000079e-01
1.477684007891132116e+09 1.351499999999999924e-01
1.477684008003770113e+09 1.349700000000000066e-01
1.477684008117330074e+09 1.351700000000000124e-01
1.477684008229922056e+09 1.351400000000000101e-01
1.477684008343267918e+09 1.352800000000000114e-01
1.477684008455954075e+09 1.351600000000000024e-01
1.477684008569485903e+09 1.351600000000000024e-01
1.477684008681859970e+09 1.350099999999999911e-01
1.477684008795424938e+09 1.351999999999999869e-01
1.477684008907876015e+09 1.350399999999999934e-01
1.477684009021619081e+09 1.351700000000000124e-01
1.477684009134202957e+09 1.350899999999999879e-01
1.477684009247757912e+09 1.350899999999999879e-01
1.477684009360014915e+09 1.351100000000000079e-01
1.477684009473787069e+09 1.351100000000000079e-01
1.477684009586184978e+09 1.351499999999999924e-01
1.477684009699892044e+09 1.351300000000000001e-01
1.477684009812398911e+09 1.352399999999999991e-01
1.477684009925779104e+09 1.350099999999999911e-01
1.477684010038299084e+09 1.350699999999999956e-01
1.477684010152057886e+09 1.350800000000000056e-01
1.477684010264616013e+09 1.350500000000000034e-01
1.477684010377161026e+09 1.351700000000000124e-01
1.477684010490667105e+09 1.350899999999999879e-01
1.477684010603235006e+09 1.350200000000000011e-01
1.477684010716720104e+09 1.351999999999999869e-01
1.477684010829123974e+09 1.351799999999999946e-01
1.477684010942502022e+09 1.352099999999999969e-01
1.477684011055221081e+09 1.350399999999999934e-01
1.477684011168900013e+09 1.352099999999999969e-01
1.477684011282306910e+09 1.351600000000000024e-01
1.477684011394861937e+09 1.351400000000000101e-01
1.477684011508424997e+09 1.351499999999999924e-01
1.477684011621064901e+09 1.350999999999999979e-01
1.477684011734628916e+09 1.350899999999999879e-01
1.477684011847223997e+09 1.350800000000000056e-01
1.477684011959580898e+09 1.350399999999999934e-01
1.477684012073105097e+09 1.351499999999999924e-01
1.477684012186631918e+09 1.351199999999999901e-01
1.477684012299320936e+09 1.351199999999999901e-01
1.477684012411746979e+09 1.351499999999999924e-01
1.477684012525228024e+09 1.350899999999999879e-01
1.477684012638849020e+09 1.351499999999999924e-01
1.477684012751355886e+09 1.350000000000000089e-01
1.477684012863734961e+09 1.351499999999999924e-01
1.477684012977385998e+09 1.351799999999999946e-01
1.477684013090015888e+09 1.351499999999999924e-01
1.477684013203623056e+09 1.351999999999999869e-01
1.477684013316278934e+09 1.351600000000000024e-01
1.477684013428633928e+09 1.351999999999999869e-01
1.477684013542176962e+09 1.350800000000000056e-01
1.477684013654706001e+09 1.350200000000000011e-01
1.477684013768403053e+09 1.351900000000000046e-01
1.477684013880793095e+09 1.350600000000000134e-01
1.477684013994307995e+09 1.351300000000000001e-01
1.477684014106983900e+09 1.350600000000000134e-01
1.477684014220422029e+09 1.351300000000000001e-01
1.477684014333081007e+09 1.351199999999999901e-01
1.477684014446521044e+09 1.351100000000000079e-01
1.477684014559154987e+09 1.350899999999999879e-01
1.477684014672631025e+09 1.349899999999999989e-01
1.477684014785299063e+09 1.351100000000000079e-01
1.477684014898713112e+09 1.350899999999999879e-01
1.477684015011359930e+09 1.350999999999999979e-01
1.477684015124838114e+09 1.350999999999999979e-01
1.477684015237258911e+09 1.350800000000000056e-01
1.477684015351078033e+09 1.350899999999999879e-01
1.477684015463334084e+09 1.350699999999999956e-01
1.477684015577053070e+09 1.350000000000000089e-01
1.477684015689616919e+09 1.351900000000000046e-01
1.477684015802988052e+09 1.350699999999999956e-01
1.477684015915556908e+09 1.351300000000000001e-01
1.477684016029102087e+09 1.351499999999999924e-01
1.477684016141607046e+09 1.350600000000000134e-01
1.477684016255052090e+09 1.351799999999999946e-01
