1.477682097217078924e+09 1.335399999999999920e-01
1.477682097304069042e+09 1.336600000000000010e-01
1.477682097416794062e+09 1.335699999999999943e-01
1.477682097530282021e+09 1.335800000000000043e-01
1.477682097642898083e+09 1.335199999999999998e-01
1.477682097756489992e+09 1.336799999999999933e-01
1.477682097868901968e+09 1.336400000000000088e-01
1.477682097982387066e+09 1.335999999999999965e-01
1.477682098094935894e+09 1.336600000000000010e-01
1.477682098208261013e+09 1.336400000000000088e-01
1.477682098320839882e+09 1.336299999999999988e-01
1.477682098434443951e+09 1.336700000000000110e-01
1.477682098547076941e+09 1.336100000000000065e-01
1.477682098660439014e+09 1.336299999999999988e-01
1.477682098773119926e+09 1.336400000000000088e-01
1.477682098885586023e+09 1.335300000000000098e-01
1.477682098999078035e+09 1.336700000000000110e-01
1.477682099111783028e+09 1.335699999999999943e-01
1.477682099225301981e+09 1.336700000000000110e-01
1.477682099337660074e+09 1.335800000000000043e-01
1.477682099451373100e+09 1.337200000000000055e-01
1.477682099565037966e+09 1.336100000000000065e-01
1.477682099677519083e+09 1.336299999999999988e-01
1.477682099790055037e+09 1.336700000000000110e-01
1.477682099903436899e+09 1.336299999999999988e-01
1.477682100015880108e+09 1.336499999999999910e-01
1.477682100129534960e+09 1.336299999999999988e-01
1.477682100242340088e+09 1.335999999999999965e-01
1.477682100355695963e+09 1.335099999999999898e-01
1.477682100468233109e+09 1.336499999999999910e-01
1.477682100581794024e+09 1.337000000000000133e-01
1.477682100694233894e+09 1.335999999999999965e-01
1.477682100807826042e+09 1.335399999999999920e-01
1.477682100920370102e+09 1.336799999999999933e-01
1.477682101033817053e+09 1.335399999999999920e-01
1.477682101146512032e+09 1.335999999999999965e-01
1.477682101260199070e+09 1.335800000000000043e-01
1.477682101372606039e+09 1.336600000000000010e-01
1.477682101484916925e+09 1.336199999999999888e-01
1.477682101598432064e+09 1.337200000000000055e-01
1.477682101712111950e+09 1.335600000000000120e-01
1.477682101824551105e+09 1.336400000000000088e-01
1.477682101937285900e+09 1.335899999999999865e-01
1.477682102050828934e+09 1.336100000000000065e-01
1.477682102163399935e+09 1.335600000000000120e-01
1.477682102276938915e+09 1.335300000000000098e-01
1.477682102389441967e+09 1.335699999999999943e-01
1.477682102502820015e+09 1.336700000000000110e-01
1.477682102615561962e+09 1.336700000000000110e-01
1.477682102729084969e+09 1.336299999999999988e-01
1.477682102841593981e+09 1.336100000000000065e-01
1.477682102955308914e+09 1.336100000000000065e-01
1.477682103067821980e+09 1.335199999999999998e-01
1.477682103181291103e+09 1.335999999999999965e-01
1.477682103293764114e+09 1.335399999999999920e-01
1.477682103407311916e+09 1.336700000000000110e-01
1.477682103519893885e+09 1.336900000000000033e-01
1.477682103633436918e+09 1.335999999999999965e-01
1.477682103745946884e+09 1.336400000000000088e-01
1.477682103859489918e+09 1.336600000000000010e-01
1.477682103971822977e+09 1.336100000000000065e-01
1.477682104085731983e+09 1.337200000000000055e-01
1.477682104198076963e+09 1.336700000000000110e-01
1.477682104311613083e+09 1.335999999999999965e-01
1.477682104424202919e+09 1.336100000000000065e-01
1.477682104537717104e+09 1.335999999999999965e-01
1.477682104650278091e+09 1.336600000000000010e-01
1.477682104763916969e+09 1.337299999999999878e-01
1.477682104876388073e+09 1.336900000000000033e-01
1.477682104990073919e+09 1.336700000000000110e-01
1.477682105102294922e+09 1.336199999999999888e-01
1.477682105215029955e+09 1.336600000000000010e-01
1.477682105328690052e+09 1.335399999999999920e-01
1.477682105442069054e+09 1.335600000000000120e-01
1.477682105554579973e+09 1.336199999999999888e-01
1.477682105667191029e+09 1.337000000000000133e-01
1.477682105780687094e+09 1.337000000000000133e-01
1.477682105894186020e+09 1.337099999999999955e-01
1.477682106006637096e+09 1.337299999999999878e-01
1.477682106119280100e+09 1.335399999999999920e-01
1.477682106232647896e+09 1.335999999999999965e-01
1.477682106345197916e+09 1.336199999999999888e-01
1.477682106458904028e+09 1.335699999999999943e-01
1.477682106571367979e+09 1.336100000000000065e-01
1.477682106684848070e+09 1.335800000000000043e-01
1.477682106798516035e+09 1.336100000000000065e-01
1.477682106911087036e+09 1.336400000000000088e-01
1.477682107023744106e+09 1.336400000000000088e-01
1.477682107137217045e+09 1.336100000000000065e-01
1.477682107249571085e+09 1.334899999999999975e-01
1.477682107362173080e+09 1.336600000000000010e-01
1.477682107475732088e+09 1.335800000000000043e-01
1.477682107589188099e+09 1.335199999999999998e-01
1.477682107701908112e+09 1.336199999999999888e-01
1.477682107815454960e+09 1.336799999999999933e-01
1.477682107927872896e+09 1.336700000000000110e-01
1.477682108041507959e+09 1.335300000000000098e-01
1.477682108154020071e+09 1.336600000000000010e-01
1.477682108266572952e+09 1.336199999999999888e-01
1.477682108380106926e+09 1.336600000000000010e-01
1.477682108492736101e+09 1.335199999999999998e-01
1.477682108606182098e+09 1.336799999999999933e-01
1.477682108718847990e+09 1.335000000000000075e-01
1.477682108832282066e+09 1.335899999999999865e-01
1.477682108944623947e+09 1.336600000000000010e-01
1.477682109058176041e+09 1.335300000000000098e-01
1.477682109170876026e+09 1.335800000000000043e-01
1.477682109284606934e+09 1.335600000000000120e-01
1.477682109397089005e+09 1.336299999999999988e-01
1.477682109510586977e+09 1.335000000000000075e-01
1.477682109622993946e+09 1.336299999999999988e-01
1.477682109736531019e+09 1.335500000000000020e-01
1.477682109848997116e+09 1.335199999999999998e-01
1.477682109962685108e+09 1.336199999999999888e-01
1.477682110075115919e+09 1.336700000000000110e-01
1.477682110188774109e+09 1.336199999999999888e-01
1.477682110301336050e+09 1.336499999999999910e-01
1.477682110414853096e+09 1.336199999999999888e-01
1.477682110527417898e+09 1.335800000000000043e-01
1.477682110640908957e+09 1.335899999999999865e-01
1.477682110753537893e+09 1.337200000000000055e-01
1.477682110866998911e+09 1.336199999999999888e-01
1.477682110979562044e+09 1.335600000000000120e-01
1.477682111093097925e+09 1.336499999999999910e-01
1.477682111205497026e+09 1.335600000000000120e-01
1.477682111319129944e+09 1.336499999999999910e-01
1.477682111431643963e+09 1.336700000000000110e-01
1.477682111544275999e+09 1.336600000000000010e-01
1.477682111657685041e+09 1.336700000000000110e-01
1.477682111770392895e+09 1.337200000000000055e-01
1.477682111884002924e+09 1.335899999999999865e-01
1.477682111996310949e+09 1.334899999999999975e-01
1.477682112109963894e+09 1.336199999999999888e-01
1.477682112222548962e+09 1.336400000000000088e-01
1.477682112335844040e+09 1.334799999999999875e-01
1.477682112448601961e+09 1.335600000000000120e-01
1.477682112562108994e+09 1.336100000000000065e-01
1.477682112674451113e+09 1.336400000000000088e-01
1.477682112788214922e+09 1.336299999999999988e-01
1.477682112900727034e+09 1.337000000000000133e-01
1.477682113014245033e+09 1.335800000000000043e-01
1.477682113127723932e+09 1.335899999999999865e-01
1.477682113240360022e+09 1.336199999999999888e-01
1.477682113352869987e+09 1.336499999999999910e-01
1.477682113466435909e+09 1.335600000000000120e-01
1.477682113578802109e+09 1.336799999999999933e-01
1.477682113691361904e+09 1.336400000000000088e-01
1.477682113804934025e+09 1.336400000000000088e-01
1.477682113918639898e+09 1.335999999999999965e-01
1.477682114030889988e+09 1.336600000000000010e-01
1.477682114143644094e+09 1.335300000000000098e-01
1.477682114257026911e+09 1.336199999999999888e-01
1.477682114370788097e+09 1.336299999999999988e-01
1.477682114483282089e+09 1.335699999999999943e-01
1.477682114595705986e+09 1.336199999999999888e-01
1.477682114709250927e+09 1.335699999999999943e-01
1.477682114821980953e+09 1.336700000000000110e-01
1.477682114935821056e+09 1.335699999999999943e-01
1.477682115047898054e+09 1.336799999999999933e-01
1.477682115161535978e+09 1.336400000000000088e-01
1.477682115274099112e+09 1.336199999999999888e-01
1.477682115387633085e+09 1.335600000000000120e-01
1.477682115500123024e+09 1.336100000000000065e-01
1.477682115613631010e+09 1.336499999999999910e-01
1.477682115726222992e+09 1.335699999999999943e-01
1.477682115839703083e+09 1.337299999999999878e-01
1.477682115952431917e+09 1.336400000000000088e-01
1.477682116065670967e+09 1.335199999999999998e-01
1.477682116178560972e+09 1.335399999999999920e-01
1.477682116292205095e+09 1.335999999999999965e-01
1.477682116404480934e+09 1.335800000000000043e-01
1.477682116518239975e+09 1.335800000000000043e-01
1.477682116630620956e+09 1.336600000000000010e-01
1.477682116744124889e+09 1.336900000000000033e-01
1.477682116856678963e+09 1.336100000000000065e-01
1.477682116970170021e+09 1.335999999999999965e-01
1.477682117082724094e+09 1.335800000000000043e-01
1.477682117196316957e+09 1.335999999999999965e-01
1.477682117308783054e+09 1.335800000000000043e-01
1.477682117422418118e+09 1.336799999999999933e-01
1.477682117534912109e+09 1.335500000000000020e-01
1.477682117648427963e+09 1.335999999999999965e-01
1.477682117761096001e+09 1.335300000000000098e-01
1.477682117873653889e+09 1.335800000000000043e-01
1.477682117987075090e+09 1.335300000000000098e-01
1.477682118100538015e+09 1.336799999999999933e-01
1.477682118213341951e+09 1.336299999999999988e-01
1.477682118325687885e+09 1.336100000000000065e-01
1.477682118439241886e+09 1.336100000000000065e-01
1.477682118552804947e+09 1.337099999999999955e-01
1.477682118665225029e+09 1.336100000000000065e-01
1.477682118777734041e+09 1.336299999999999988e-01
1.477682118891563892e+09 1.335500000000000020e-01
1.477682119003870010e+09 1.335800000000000043e-01
1.477682119117575884e+09 1.335999999999999965e-01
1.477682119230150938e+09 1.335500000000000020e-01
1.477682119343602896e+09 1.336100000000000065e-01
1.477682119457115889e+09 1.335399999999999920e-01
1.477682119569772959e+09 1.336199999999999888e-01
1.477682119682415009e+09 1.336600000000000010e-01
1.477682119795813084e+09 1.335500000000000020e-01
1.477682119908390999e+09 1.335500000000000020e-01
1.477682120021780014e+09 1.336299999999999988e-01
1.477682120134401083e+09 1.335500000000000020e-01
1.477682120247832060e+09 1.335699999999999943e-01
1.477682120361423969e+09 1.337000000000000133e-01
1.477682120473151922e+09 1.335500000000000020e-01
1.477682120586313963e+09 1.336400000000000088e-01
1.477682120699044943e+09 1.335600000000000120e-01
1.477682120812701941e+09 1.335999999999999965e-01
1.477682120925256968e+09 1.336499999999999910e-01
1.477682121038667917e+09 1.335800000000000043e-01
1.477682121151206970e+09 1.335600000000000120e-01
1.477682121264713049e+09 1.336400000000000088e-01
1.477682121377290010e+09 1.336299999999999988e-01
1.477682121490681887e+09 1.336700000000000110e-01
1.477682121603396893e+09 1.337399999999999978e-01
1.477682121716974020e+09 1.335999999999999965e-01
1.477682121829632998e+09 1.337000000000000133e-01
1.477682121942995071e+09 1.335199999999999998e-01
1.477682122055459976e+09 1.336100000000000065e-01
1.477682122169243097e+09 1.335699999999999943e-01
1.477682122281646967e+09 1.335800000000000043e-01
1.477682122395217896e+09 1.336299999999999988e-01
1.477682122507787943e+09 1.336799999999999933e-01
1.477682122621314049e+09 1.335899999999999865e-01
1.477682122733779907e+09 1.336299999999999988e-01
1.477682122847177982e+09 1.335399999999999920e-01
1.477682122959980011e+09 1.335699999999999943e-01
1.477682123073436975e+09 1.335199999999999998e-01
1.477682123186098099e+09 1.336100000000000065e-01
1.477682123299582958e+09 1.336299999999999988e-01
1.477682123412163973e+09 1.334799999999999875e-01
1.477682123525537968e+09 1.335800000000000043e-01
1.477682123638147116e+09 1.335699999999999943e-01
1.477682123751589060e+09 1.336600000000000010e-01
1.477682123864115953e+09 1.336299999999999988e-01
1.477682123977878094e+09 1.334100000000000008e-01
1.477682124090378046e+09 1.335600000000000120e-01
1.477682124202630043e+09 1.336100000000000065e-01
1.477682124316487074e+09 1.336499999999999910e-01
1.477682124429749966e+09 1.336700000000000110e-01
1.477682124542336941e+09 1.335999999999999965e-01
1.477682124655086994e+09 1.335999999999999965e-01
1.477682124768642902e+09 1.336400000000000088e-01
1.477682124882198095e+09 1.335199999999999998e-01
1.477682124994553089e+09 1.335099999999999898e-01
1.477682125107074976e+09 1.336400000000000088e-01
1.477682125220743895e+09 1.336299999999999988e-01
1.477682125333197117e+09 1.335699999999999943e-01
1.477682125446815968e+09 1.336199999999999888e-01
1.477682125559240103e+09 1.335399999999999920e-01
1.477682125672760963e+09 1.336299999999999988e-01
1.477682125785209894e+09 1.336799999999999933e-01
1.477682125898942947e+09 1.351700000000000124e-01
1.477682126011452913e+09 1.355200000000000016e-01
1.477682126125092030e+09 1.355600000000000138e-01
1.477682126238528967e+09 1.355999999999999983e-01
1.477682126351109982e+09 1.354899999999999993e-01
1.477682126463622093e+09 1.354700000000000071e-01
1.477682126577327967e+09 1.355699999999999961e-01
1.477682126689541101e+09 1.355800000000000061e-01
1.477682126802229881e+09 1.357299999999999895e-01
1.477682126915718079e+09 1.356199999999999906e-01
1.477682127028219938e+09 1.356300000000000006e-01
1.477682127141772032e+09 1.355200000000000016e-01
1.477682127254401922e+09 1.357299999999999895e-01
1.477682127367902994e+09 1.356900000000000051e-01
1.477682127480546951e+09 1.357200000000000073e-01
1.477682127594156027e+09 1.356400000000000106e-01
1.477682127706440926e+09 1.356799999999999951e-01
1.477682127819902897e+09 1.356300000000000006e-01
1.477682127932713032e+09 1.356400000000000106e-01
1.477682128046147108e+09 1.356100000000000083e-01
1.477682128158715963e+09 1.355899999999999883e-01
1.477682128272433996e+09 1.356499999999999928e-01
1.477682128384772062e+09 1.355699999999999961e-01
1.477682128498507023e+09 1.356300000000000006e-01
1.477682128610887051e+09 1.355999999999999983e-01
1.477682128724287987e+09 1.357099999999999973e-01
1.477682128836904049e+09 1.356199999999999906e-01
1.477682128950663090e+09 1.356700000000000128e-01
1.477682129063021898e+09 1.356400000000000106e-01
1.477682129176738977e+09 1.356300000000000006e-01
1.477682129289272070e+09 1.355699999999999961e-01
1.477682129402683020e+09 1.355899999999999883e-01
1.477682129515235901e+09 1.355600000000000138e-01
1.477682129628693104e+09 1.356400000000000106e-01
1.477682129741252899e+09 1.356600000000000028e-01
1.477682129854789972e+09 1.357599999999999918e-01
1.477682129967494965e+09 1.356900000000000051e-01
1.477682130079848051e+09 1.356600000000000028e-01
1.477682130193471909e+09 1.356499999999999928e-01
1.477682130307112932e+09 1.356799999999999951e-01
1.477682130419405937e+09 1.356499999999999928e-01
1.477682130533184052e+09 1.356199999999999906e-01
1.477682130645596027e+09 1.357299999999999895e-01
1.477682130759262085e+09 1.356700000000000128e-01
1.477682130871905088e+09 1.356199999999999906e-01
1.477682130984249115e+09 1.356400000000000106e-01
1.477682131097738981e+09 1.356400000000000106e-01
1.477682131211138010e+09 1.356400000000000106e-01
1.477682131323590994e+09 1.356799999999999951e-01
1.477682131436146021e+09 1.355899999999999883e-01
1.477682131549897909e+09 1.355899999999999883e-01
1.477682131663464069e+09 1.356499999999999928e-01
1.477682131775971889e+09 1.356900000000000051e-01
1.477682131888504028e+09 1.357500000000000095e-01
1.477682132002053976e+09 1.357299999999999895e-01
1.477682132114593983e+09 1.357099999999999973e-01
1.477682132228266954e+09 1.356199999999999906e-01
1.477682132340734959e+09 1.356499999999999928e-01
1.477682132454315901e+09 1.356700000000000128e-01
1.477682132566915989e+09 1.356100000000000083e-01
1.477682132680450916e+09 1.356499999999999928e-01
1.477682132792788982e+09 1.356199999999999906e-01
1.477682132905684948e+09 1.356100000000000083e-01
1.477682133018722057e+09 1.355999999999999983e-01
1.477682133131480932e+09 1.356799999999999951e-01
1.477682133245002985e+09 1.357099999999999973e-01
1.477682133358586073e+09 1.356199999999999906e-01
1.477682133471096992e+09 1.357200000000000073e-01
1.477682133583657980e+09 1.356799999999999951e-01
1.477682133697201014e+09 1.356900000000000051e-01
1.477682133809660912e+09 1.355899999999999883e-01
1.477682133923125982e+09 1.356999999999999873e-01
1.477682134035765886e+09 1.356199999999999906e-01
1.477682134149383068e+09 1.355699999999999961e-01
1.477682134261926889e+09 1.356799999999999951e-01
1.477682134375308037e+09 1.356199999999999906e-01
1.477682134488131046e+09 1.356400000000000106e-01
1.477682134601627111e+09 1.356199999999999906e-01
1.477682134714039087e+09 1.356100000000000083e-01
1.477682134827548981e+09 1.356600000000000028e-01
1.477682134940165997e+09 1.357599999999999918e-01
1.477682135053380966e+09 1.356900000000000051e-01
1.477682135166069984e+09 1.356300000000000006e-01
1.477682135279715061e+09 1.357099999999999973e-01
1.477682135392163038e+09 1.355699999999999961e-01
1.477682135505920887e+09 1.355200000000000016e-01
1.477682135618452072e+09 1.355800000000000061e-01
1.477682135731880903e+09 1.356999999999999873e-01
1.477682135844424009e+09 1.355600000000000138e-01
1.477682135957840919e+09 1.356300000000000006e-01
1.477682136070539951e+09 1.355899999999999883e-01
1.477682136184086084e+09 1.356600000000000028e-01
1.477682136296633959e+09 1.356799999999999951e-01
1.477682136410101891e+09 1.355399999999999938e-01
1.477682136522597075e+09 1.356199999999999906e-01
1.477682136635272026e+09 1.356400000000000106e-01
1.477682136748763084e+09 1.355899999999999883e-01
1.477682136861434937e+09 1.356400000000000106e-01
1.477682136974849939e+09 1.355800000000000061e-01
1.477682137087457895e+09 1.356300000000000006e-01
1.477682137200819969e+09 1.356300000000000006e-01
1.477682137313452959e+09 1.356900000000000051e-01
1.477682137426973104e+09 1.356499999999999928e-01
1.477682137539504051e+09 1.356199999999999906e-01
1.477682137653095007e+09 1.356199999999999906e-01
1.477682137765623093e+09 1.355999999999999983e-01
1.477682137879165888e+09 1.355699999999999961e-01
1.477682137991676092e+09 1.356499999999999928e-01
1.477682138105259895e+09 1.355699999999999961e-01
1.477682138217658043e+09 1.355999999999999983e-01
1.477682138331311941e+09 1.356499999999999928e-01
1.477682138443958044e+09 1.356400000000000106e-01
1.477682138557543993e+09 1.355999999999999983e-01
1.477682138669941902e+09 1.356600000000000028e-01
1.477682138782500982e+09 1.355800000000000061e-01
1.477682138896030903e+09 1.356199999999999906e-01
1.477682139009732008e+09 1.356499999999999928e-01
1.477682139122154951e+09 1.356400000000000106e-01
1.477682139235698938e+09 1.355999999999999983e-01
1.477682139348381996e+09 1.356199999999999906e-01
1.477682139461827040e+09 1.356900000000000051e-01
1.477682139574405909e+09 1.356900000000000051e-01
1.477682139686994076e+09 1.356499999999999928e-01
1.477682139800384998e+09 1.356499999999999928e-01
1.477682139912925959e+09 1.356799999999999951e-01
1.477682140026386976e+09 1.356700000000000128e-01
1.477682140138947964e+09 1.356600000000000028e-01
1.477682140252609968e+09 1.357099999999999973e-01
1.477682140365184069e+09 1.355800000000000061e-01
1.477682140478693962e+09 1.356799999999999951e-01
1.477682140591265917e+09 1.356300000000000006e-01
1.477682140704643011e+09 1.356900000000000051e-01
1.477682140817080975e+09 1.355899999999999883e-01
1.477682140930773020e+09 1.355999999999999983e-01
1.477682141043325901e+09 1.355600000000000138e-01
1.477682141156852961e+09 1.357200000000000073e-01
1.477682141269355059e+09 1.355300000000000116e-01
1.477682141382880926e+09 1.355200000000000016e-01
1.477682141495446920e+09 1.355399999999999938e-01
1.477682141609101057e+09 1.356100000000000083e-01
1.477682141721667051e+09 1.356300000000000006e-01
1.477682141835005999e+09 1.355800000000000061e-01
1.477682141947809935e+09 1.356400000000000106e-01
1.477682142061050892e+09 1.356400000000000106e-01
1.477682142173640966e+09 1.356300000000000006e-01
1.477682142286135912e+09 1.355800000000000061e-01
1.477682142399672985e+09 1.356799999999999951e-01
1.477682142513380051e+09 1.356400000000000106e-01
1.477682142625991106e+09 1.356400000000000106e-01
1.477682142738349915e+09 1.356400000000000106e-01
1.477682142851870060e+09 1.355999999999999983e-01
1.477682142965580940e+09 1.356999999999999873e-01
1.477682143078072071e+09 1.356400000000000106e-01
1.477682143191523075e+09 1.355399999999999938e-01
1.477682143304117918e+09 1.356400000000000106e-01
1.477682143416604042e+09 1.356100000000000083e-01
1.477682143530275106e+09 1.356199999999999906e-01
1.477682143642879963e+09 1.356400000000000106e-01
1.477682143756232023e+09 1.356799999999999951e-01
1.477682143868804932e+09 1.356100000000000083e-01
1.477682143982304096e+09 1.357200000000000073e-01
1.477682144094830990e+09 1.356100000000000083e-01
1.477682144208405972e+09 1.354799999999999893e-01
1.477682144320900917e+09 1.357399999999999995e-01
1.477682144434618950e+09 1.356799999999999951e-01
1.477682144547146082e+09 1.356199999999999906e-01
1.477682144659560919e+09 1.356700000000000128e-01
1.477682144773087978e+09 1.357500000000000095e-01
1.477682144886665106e+09 1.357099999999999973e-01
1.477682144999165058e+09 1.355699999999999961e-01
1.477682145111815929e+09 1.356300000000000006e-01
1.477682145225366116e+09 1.356499999999999928e-01
1.477682145338766098e+09 1.356199999999999906e-01
1.477682145451340914e+09 1.357700000000000018e-01
1.477682145564065933e+09 1.355800000000000061e-01
1.477682145677490950e+09 1.356100000000000083e-01
1.477682145790062904e+09 1.356400000000000106e-01
1.477682145903522968e+09 1.356900000000000051e-01
1.477682146016069889e+09 1.356999999999999873e-01
1.477682146129378080e+09 1.356199999999999906e-01
1.477682146242247105e+09 1.355399999999999938e-01
1.477682146355750084e+09 1.357599999999999918e-01
1.477682146468189955e+09 1.356999999999999873e-01
1.477682146581873894e+09 1.355699999999999961e-01
1.477682146694164991e+09 1.356900000000000051e-01
1.477682146807823896e+09 1.355999999999999983e-01
1.477682146920315027e+09 1.355899999999999883e-01
1.477682147033885002e+09 1.357700000000000018e-01
1.477682147146465063e+09 1.356799999999999951e-01
1.477682147259932995e+09 1.356199999999999906e-01
1.477682147372665882e+09 1.356400000000000106e-01
1.477682147486190081e+09 1.357599999999999918e-01
1.477682147598731041e+09 1.356499999999999928e-01
1.477682147712296009e+09 1.355500000000000038e-01
1.477682147824737072e+09 1.356999999999999873e-01
1.477682147938175917e+09 1.356499999999999928e-01
1.477682148050753117e+09 1.356100000000000083e-01
1.477682148164279938e+09 1.356900000000000051e-01
1.477682148277005911e+09 1.356499999999999928e-01
1.477682148390508890e+09 1.356199999999999906e-01
1.477682148503063917e+09 1.356199999999999906e-01
1.477682148615479946e+09 1.356499999999999928e-01
1.477682148728919983e+09 1.355699999999999961e-01
1.477682148842571020e+09 1.357200000000000073e-01
1.477682148955105066e+09 1.355999999999999983e-01
1.477682149068571091e+09 1.356900000000000051e-01
1.477682149181093931e+09 1.356100000000000083e-01
1.477682149293814898e+09 1.356600000000000028e-01
1.477682149407211065e+09 1.357200000000000073e-01
1.477682149519916058e+09 1.356100000000000083e-01
1.477682149633492947e+09 1.357599999999999918e-01
1.477682149745922089e+09 1.357099999999999973e-01
1.477682149859360933e+09 1.356499999999999928e-01
1.477682149972083092e+09 1.356700000000000128e-01
1.477682150085427999e+09 1.355699999999999961e-01
1.477682150198184967e+09 1.356999999999999873e-01
1.477682150311706066e+09 1.355999999999999983e-01
1.477682150424129963e+09 1.356600000000000028e-01
1.477682150537795067e+09 1.356700000000000128e-01
1.477682150650008917e+09 1.356100000000000083e-01
1.477682150763871908e+09 1.356600000000000028e-01
1.477682150876281023e+09 1.355600000000000138e-01
1.477682150988775015e+09 1.356400000000000106e-01
1.477682151102499008e+09 1.355999999999999983e-01
1.477682151215755939e+09 1.355500000000000038e-01
1.477682151328418016e+09 1.356700000000000128e-01
1.477682151440988064e+09 1.356600000000000028e-01
1.477682151554655075e+09 1.356499999999999928e-01
1.477682151668037891e+09 1.356700000000000128e-01
1.477682151780687094e+09 1.357099999999999973e-01
1.477682151893270969e+09 1.356100000000000083e-01
1.477682152006752014e+09 1.355999999999999983e-01
1.477682152119338989e+09 1.356100000000000083e-01
1.477682152232742071e+09 1.355699999999999961e-01
1.477682152345278978e+09 1.356900000000000051e-01
1.477682152458966970e+09 1.355600000000000138e-01
1.477682152571506023e+09 1.356100000000000083e-01
1.477682152684915066e+09 1.355899999999999883e-01
1.477682152797601938e+09 1.355999999999999983e-01
1.477682152910888910e+09 1.356400000000000106e-01
1.477682153023530006e+09 1.355800000000000061e-01
1.477682153137124062e+09 1.356499999999999928e-01
1.477682153249454021e+09 1.356600000000000028e-01
1.477682153363149881e+09 1.356999999999999873e-01
1.477682153475832939e+09 1.356600000000000028e-01
1.477682153589234114e+09 1.355300000000000116e-01
1.477682153701785088e+09 1.356300000000000006e-01
1.477682153815295935e+09 1.356199999999999906e-01
1.477682153927866936e+09 1.356100000000000083e-01
1.477682154041223049e+09 1.356300000000000006e-01
1.477682154154042006e+09 1.356300000000000006e-01
1.477682154267431974e+09 1.357299999999999895e-01
1.477682154379997015e+09 1.355699999999999961e-01
1.477682154492645979e+09 1.356999999999999873e-01
1.477682154606112003e+09 1.355600000000000138e-01
1.477682154719641924e+09 1.357200000000000073e-01
1.477682154832103014e+09 1.356499999999999928e-01
1.477682154945683956e+09 1.355600000000000138e-01
1.477682155058453083e+09 1.357200000000000073e-01
1.477682155170933962e+09 1.356499999999999928e-01
1.477682155284445047e+09 1.355999999999999983e-01
1.477682155397001982e+09 1.355699999999999961e-01
1.477682155510499954e+09 1.356300000000000006e-01
1.477682155623099089e+09 1.357599999999999918e-01
1.477682155736469030e+09 1.356199999999999906e-01
1.477682155849055052e+09 1.357200000000000073e-01
1.477682155962532997e+09 1.355500000000000038e-01
1.477682156075140953e+09 1.356300000000000006e-01
1.477682156188762903e+09 1.355999999999999983e-01
1.477682156301034927e+09 1.356900000000000051e-01
1.477682156414885998e+09 1.356300000000000006e-01
1.477682156527271032e+09 1.355899999999999883e-01
1.477682156640985012e+09 1.355699999999999961e-01
1.477682156753371000e+09 1.356300000000000006e-01
1.477682156867038012e+09 1.356600000000000028e-01
1.477682156979418993e+09 1.357200000000000073e-01
1.477682157093224049e+09 1.356300000000000006e-01
1.477682157205502033e+09 1.356100000000000083e-01
1.477682157319231033e+09 1.356199999999999906e-01
1.477682157431727886e+09 1.356100000000000083e-01
1.477682157545154095e+09 1.356900000000000051e-01
1.477682157657773018e+09 1.356199999999999906e-01
1.477682157770397902e+09 1.355999999999999983e-01
1.477682157883730888e+09 1.356700000000000128e-01
1.477682157996217012e+09 1.356100000000000083e-01
1.477682158109958887e+09 1.357800000000000118e-01
1.477682158222359896e+09 1.356700000000000128e-01
1.477682158336056948e+09 1.355999999999999983e-01
1.477682158449470043e+09 1.356499999999999928e-01
1.477682158561928988e+09 1.356799999999999951e-01
1.477682158674468040e+09 1.356700000000000128e-01
1.477682158788069963e+09 1.355300000000000116e-01
1.477682158900744915e+09 1.356799999999999951e-01
1.477682159014152050e+09 1.357800000000000118e-01
1.477682159126655102e+09 1.355899999999999883e-01
1.477682159240374088e+09 1.356499999999999928e-01
1.477682159352735996e+09 1.356300000000000006e-01
1.477682159466201067e+09 1.355899999999999883e-01
1.477682159579020977e+09 1.355999999999999983e-01
1.477682159692552090e+09 1.356499999999999928e-01
1.477682159804945946e+09 1.356400000000000106e-01
1.477682159918735027e+09 1.356400000000000106e-01
1.477682160031049013e+09 1.356999999999999873e-01
1.477682160144500971e+09 1.356799999999999951e-01
1.477682160257076025e+09 1.356400000000000106e-01
1.477682160369719028e+09 1.355399999999999938e-01
1.477682160483130932e+09 1.355300000000000116e-01
1.477682160596690893e+09 1.356100000000000083e-01
1.477682160709208012e+09 1.356199999999999906e-01
1.477682160821774960e+09 1.355500000000000038e-01
1.477682160935328007e+09 1.355999999999999983e-01
1.477682161049001932e+09 1.355000000000000093e-01
1.477682161161385059e+09 1.356300000000000006e-01
1.477682161274930000e+09 1.356300000000000006e-01
1.477682161387599945e+09 1.356600000000000028e-01
1.477682161501123905e+09 1.356300000000000006e-01
1.477682161613670111e+09 1.355200000000000016e-01
1.477682161726129055e+09 1.355200000000000016e-01
1.477682161839639902e+09 1.355800000000000061e-01
1.477682161952054024e+09 1.356199999999999906e-01
1.477682162065754890e+09 1.356799999999999951e-01
1.477682162178359032e+09 1.356300000000000006e-01
1.477682162291760921e+09 1.356499999999999928e-01
1.477682162404489040e+09 1.355200000000000016e-01
1.477682162518033981e+09 1.356900000000000051e-01
1.477682162630590916e+09 1.355699999999999961e-01
1.477682162743956089e+09 1.356400000000000106e-01
1.477682162856682062e+09 1.355999999999999983e-01
1.477682162969994068e+09 1.355899999999999883e-01
1.477682163082659960e+09 1.355600000000000138e-01
1.477682163195991993e+09 1.356199999999999906e-01
1.477682163308583021e+09 1.356100000000000083e-01
1.477682163422350883e+09 1.355899999999999883e-01
1.477682163534939051e+09 1.356499999999999928e-01
1.477682163648277998e+09 1.356100000000000083e-01
1.477682163760955095e+09 1.355800000000000061e-01
1.477682163873362064e+09 1.355500000000000038e-01
1.477682163986852884e+09 1.357399999999999995e-01
1.477682164099436998e+09 1.355899999999999883e-01
1.477682164213048935e+09 1.355300000000000116e-01
1.477682164325649977e+09 1.355600000000000138e-01
1.477682164439205885e+09 1.356400000000000106e-01
1.477682164551722050e+09 1.356900000000000051e-01
1.477682164665139914e+09 1.356400000000000106e-01
1.477682164777822018e+09 1.355800000000000061e-01
1.477682164891073942e+09 1.355699999999999961e-01
1.477682165003756046e+09 1.355899999999999883e-01
1.477682165117499113e+09 1.355699999999999961e-01
1.477682165229830980e+09 1.355999999999999983e-01
1.477682165343426943e+09 1.355699999999999961e-01
1.477682165455913067e+09 1.354899999999999993e-01
1.477682165569581985e+09 1.355999999999999983e-01
1.477682165682023048e+09 1.355500000000000038e-01
1.477682165795588017e+09 1.355899999999999883e-01
1.477682165907994032e+09 1.355999999999999983e-01
1.477682166021574974e+09 1.356199999999999906e-01
1.477682166134330988e+09 1.355800000000000061e-01
1.477682166247838020e+09 1.355899999999999883e-01
1.477682166360389948e+09 1.356300000000000006e-01
1.477682166473759890e+09 1.355099999999999916e-01
1.477682166586242914e+09 1.355500000000000038e-01
1.477682166698837996e+09 1.356300000000000006e-01
1.477682166812525988e+09 1.355500000000000038e-01
1.477682166925893068e+09 1.357200000000000073e-01
1.477682167038645029e+09 1.356499999999999928e-01
1.477682167152146101e+09 1.356100000000000083e-01
1.477682167264658928e+09 1.355699999999999961e-01
1.477682167378237009e+09 1.355699999999999961e-01
1.477682167490770102e+09 1.355500000000000038e-01
1.477682167603130102e+09 1.355200000000000016e-01
1.477682167716717005e+09 1.355200000000000016e-01
1.477682167829289913e+09 1.355500000000000038e-01
1.477682167942811012e+09 1.355200000000000016e-01
1.477682168055300951e+09 1.356900000000000051e-01
1.477682168168873072e+09 1.355899999999999883e-01
1.477682168281590939e+09 1.355000000000000093e-01
1.477682168395073891e+09 1.355800000000000061e-01
1.477682168507519007e+09 1.355200000000000016e-01
1.477682168621073008e+09 1.356900000000000051e-01
1.477682168733541012e+09 1.355200000000000016e-01
1.477682168847287893e+09 1.355500000000000038e-01
1.477682168959798098e+09 1.355500000000000038e-01
1.477682169073249102e+09 1.355600000000000138e-01
1.477682169185821056e+09 1.355000000000000093e-01
1.477682169299339056e+09 1.355899999999999883e-01
1.477682169412019968e+09 1.355800000000000061e-01
1.477682169525489092e+09 1.356300000000000006e-01
1.477682169637711048e+09 1.355999999999999983e-01
1.477682169751430035e+09 1.356300000000000006e-01
1.477682169864032030e+09 1.356100000000000083e-01
1.477682169977667093e+09 1.355099999999999916e-01
1.477682170090208054e+09 1.356100000000000083e-01
1.477682170203627110e+09 1.355999999999999983e-01
1.477682170316299915e+09 1.357399999999999995e-01
1.477682170428711891e+09 1.355200000000000016e-01
1.477682170542388916e+09 1.357200000000000073e-01
1.477682170654758930e+09 1.356600000000000028e-01
1.477682170768310070e+09 1.356199999999999906e-01
1.477682170880949020e+09 1.355600000000000138e-01
1.477682170994285107e+09 1.355099999999999916e-01
1.477682171107000113e+09 1.356999999999999873e-01
1.477682171220330000e+09 1.354899999999999993e-01
1.477682171332953930e+09 1.354400000000000048e-01
1.477682171446655989e+09 1.355999999999999983e-01
1.477682171559154987e+09 1.355800000000000061e-01
1.477682171672569036e+09 1.354599999999999971e-01
1.477682171785116911e+09 1.356400000000000106e-01
1.477682171898823023e+09 1.355699999999999961e-01
1.477682172011202097e+09 1.356100000000000083e-01
1.477682172124932051e+09 1.355999999999999983e-01
1.477682172237473011e+09 1.357399999999999995e-01
1.477682172350929022e+09 1.356199999999999906e-01
1.477682172463447094e+09 1.356300000000000006e-01
1.477682172577012062e+09 1.356100000000000083e-01
1.477682172689621925e+09 1.355800000000000061e-01
1.477682172802926064e+09 1.355699999999999961e-01
1.477682172915596962e+09 1.355500000000000038e-01
1.477682173028140068e+09 1.355999999999999983e-01
1.477682173141817093e+09 1.356300000000000006e-01
1.477682173255326986e+09 1.355099999999999916e-01
1.477682173367846966e+09 1.356100000000000083e-01
1.477682173480427980e+09 1.356600000000000028e-01
1.477682173593831062e+09 1.356300000000000006e-01
1.477682173706540108e+09 1.355399999999999938e-01
1.477682173819971085e+09 1.355600000000000138e-01
1.477682173932473898e+09 1.355699999999999961e-01
1.477682174046153069e+09 1.356400000000000106e-01
1.477682174158557892e+09 1.355800000000000061e-01
1.477682174272222042e+09 1.356300000000000006e-01
1.477682174384525061e+09 1.357099999999999973e-01
1.477682174498120070e+09 1.355399999999999938e-01
1.477682174610893965e+09 1.356100000000000083e-01
1.477682174724358082e+09 1.356700000000000128e-01
1.477682174836957932e+09 1.355699999999999961e-01
1.477682174950220108e+09 1.355300000000000116e-01
1.477682175062901020e+09 1.356900000000000051e-01
1.477682175176678896e+09 1.355600000000000138e-01
1.477682175289050102e+09 1.355699999999999961e-01
1.477682175402647018e+09 1.356799999999999951e-01
1.477682175514925957e+09 1.355500000000000038e-01
1.477682175628586054e+09 1.355899999999999883e-01
1.477682175741318941e+09 1.356100000000000083e-01
1.477682175854804993e+09 1.356900000000000051e-01
1.477682175967051983e+09 1.356100000000000083e-01
1.477682176079709053e+09 1.355099999999999916e-01
1.477682176193332911e+09 1.355999999999999983e-01
1.477682176306767941e+09 1.356300000000000006e-01
1.477682176419423103e+09 1.355300000000000116e-01
1.477682176532795906e+09 1.356700000000000128e-01
1.477682176645272970e+09 1.355800000000000061e-01
1.477682176758882999e+09 1.355099999999999916e-01
1.477682176871478081e+09 1.356600000000000028e-01
1.477682176984096050e+09 1.355099999999999916e-01
1.477682177097498894e+09 1.355899999999999883e-01
1.477682177210167885e+09 1.356199999999999906e-01
1.477682177323827982e+09 1.355899999999999883e-01
1.477682177436230898e+09 1.355899999999999883e-01
1.477682177550062895e+09 1.355800000000000061e-01
1.477682177662293911e+09 1.356600000000000028e-01
1.477682177775818110e+09 1.356499999999999928e-01
1.477682177888390064e+09 1.355600000000000138e-01
1.477682178002018929e+09 1.355600000000000138e-01
1.477682178114481926e+09 1.355899999999999883e-01
1.477682178227997065e+09 1.356300000000000006e-01
1.477682178340606928e+09 1.355000000000000093e-01
1.477682178454193115e+09 1.355099999999999916e-01
1.477682178566699982e+09 1.355200000000000016e-01
1.477682178680145979e+09 1.355999999999999983e-01
1.477682178792737007e+09 1.355999999999999983e-01
1.477682178906354904e+09 1.355800000000000061e-01
1.477682179018898964e+09 1.355899999999999883e-01
1.477682179132344007e+09 1.355699999999999961e-01
1.477682179244808912e+09 1.355899999999999883e-01
1.477682179358540058e+09 1.355699999999999961e-01
1.477682179470906973e+09 1.355600000000000138e-01
1.477682179583446980e+09 1.355699999999999961e-01
1.477682179697007895e+09 1.355200000000000016e-01
1.477682179809611082e+09 1.354599999999999971e-01
1.477682179923003912e+09 1.356999999999999873e-01
1.477682180035738945e+09 1.356199999999999906e-01
1.477682180149239063e+09 1.356199999999999906e-01
1.477682180261663914e+09 1.355000000000000093e-01
1.477682180375236988e+09 1.355699999999999961e-01
1.477682180487906933e+09 1.355699999999999961e-01
1.477682180601408958e+09 1.355500000000000038e-01
1.477682180713851929e+09 1.355699999999999961e-01
1.477682180827380896e+09 1.356600000000000028e-01
1.477682180940047979e+09 1.356199999999999906e-01
1.477682181053631067e+09 1.356199999999999906e-01
1.477682181165997982e+09 1.355399999999999938e-01
1.477682181279560089e+09 1.354899999999999993e-01
1.477682181392221928e+09 1.355500000000000038e-01
1.477682181505770922e+09 1.355399999999999938e-01
1.477682181618336916e+09 1.356100000000000083e-01
1.477682181731761932e+09 1.355099999999999916e-01
1.477682181844084978e+09 1.356100000000000083e-01
1.477682181956867933e+09 1.355899999999999883e-01
1.477682182070492029e+09 1.357200000000000073e-01
1.477682182183835030e+09 1.355600000000000138e-01
1.477682182296314955e+09 1.356100000000000083e-01
1.477682182409812927e+09 1.355699999999999961e-01
1.477682182522469044e+09 1.356100000000000083e-01
1.477682182635992050e+09 1.356400000000000106e-01
1.477682182748598099e+09 1.356199999999999906e-01
1.477682182861130953e+09 1.354899999999999993e-01
1.477682182974786997e+09 1.355899999999999883e-01
1.477682183087363958e+09 1.356199999999999906e-01
1.477682183200766087e+09 1.356100000000000083e-01
1.477682183313361883e+09 1.355099999999999916e-01
1.477682183426755905e+09 1.355899999999999883e-01
1.477682183539498091e+09 1.356199999999999906e-01
1.477682183652842045e+09 1.356300000000000006e-01
1.477682183765571117e+09 1.354499999999999871e-01
1.477682183878989935e+09 1.355899999999999883e-01
1.477682183991679907e+09 1.355699999999999961e-01
1.477682184105190039e+09 1.355200000000000016e-01
1.477682184217756987e+09 1.355300000000000116e-01
1.477682184331262112e+09 1.356400000000000106e-01
1.477682184443638086e+09 1.354899999999999993e-01
1.477682184557295084e+09 1.355600000000000138e-01
1.477682184669749022e+09 1.356100000000000083e-01
1.477682184783298969e+09 1.355500000000000038e-01
1.477682184895976067e+09 1.355399999999999938e-01
1.477682185009330034e+09 1.355500000000000038e-01
1.477682185121885061e+09 1.355899999999999883e-01
1.477682185235455990e+09 1.355999999999999983e-01
1.477682185347958088e+09 1.356199999999999906e-01
1.477682185461589098e+09 1.356700000000000128e-01
1.477682185574048042e+09 1.355200000000000016e-01
1.477682185687628031e+09 1.355500000000000038e-01
1.477682185800127983e+09 1.355500000000000038e-01
1.477682185912709951e+09 1.356700000000000128e-01
1.477682186026106119e+09 1.355999999999999983e-01
1.477682186138824940e+09 1.356199999999999906e-01
1.477682186252526045e+09 1.355000000000000093e-01
1.477682186364979029e+09 1.355600000000000138e-01
1.477682186478513956e+09 1.355999999999999983e-01
1.477682186590960026e+09 1.355399999999999938e-01
1.477682186704586029e+09 1.356700000000000128e-01
1.477682186817167044e+09 1.356499999999999928e-01
1.477682186930726051e+09 1.355000000000000093e-01
1.477682187043235064e+09 1.355099999999999916e-01
1.477682187156759024e+09 1.355800000000000061e-01
1.477682187269352913e+09 1.356999999999999873e-01
1.477682187382843018e+09 1.356999999999999873e-01
1.477682187495265961e+09 1.356700000000000128e-01
1.477682187608817101e+09 1.355800000000000061e-01
1.477682187721450090e+09 1.354499999999999871e-01
1.477682187834877968e+09 1.355999999999999983e-01
1.477682187948441982e+09 1.355699999999999961e-01
1.477682188061084986e+09 1.356100000000000083e-01
1.477682188173492908e+09 1.355800000000000061e-01
1.477682188286020041e+09 1.356100000000000083e-01
1.477682188399498940e+09 1.355800000000000061e-01
1.477682188513242006e+09 1.355399999999999938e-01
1.477682188625674963e+09 1.354899999999999993e-01
1.477682188738343000e+09 1.356100000000000083e-01
1.477682188851897955e+09 1.355699999999999961e-01
1.477682188965409994e+09 1.355300000000000116e-01
1.477682189077951908e+09 1.355800000000000061e-01
1.477682189190309048e+09 1.355500000000000038e-01
1.477682189303977966e+09 1.356400000000000106e-01
1.477682189416469097e+09 1.356199999999999906e-01
1.477682189530157089e+09 1.355500000000000038e-01
1.477682189642574072e+09 1.355200000000000016e-01
1.477682189756083012e+09 1.355200000000000016e-01
1.477682189868716955e+09 1.355300000000000116e-01
1.477682189982204914e+09 1.355300000000000116e-01
1.477682190094675064e+09 1.355899999999999883e-01
1.477682190208230019e+09 1.355800000000000061e-01
1.477682190320755005e+09 1.355999999999999983e-01
1.477682190434438944e+09 1.355699999999999961e-01
1.477682190546979904e+09 1.355699999999999961e-01
1.477682190660417080e+09 1.356199999999999906e-01
1.477682190772943974e+09 1.356600000000000028e-01
1.477682190886586905e+09 1.356700000000000128e-01
1.477682190999151945e+09 1.355200000000000016e-01
1.477682191112646103e+09 1.355500000000000038e-01
1.477682191225059986e+09 1.355399999999999938e-01
1.477682191338536978e+09 1.356100000000000083e-01
1.477682191451330900e+09 1.355000000000000093e-01
1.477682191564881086e+09 1.355800000000000061e-01
1.477682191677295923e+09 1.356600000000000028e-01
1.477682191790992975e+09 1.355699999999999961e-01
1.477682191903498888e+09 1.355300000000000116e-01
1.477682192017112017e+09 1.356400000000000106e-01
1.477682192129414082e+09 1.355300000000000116e-01
1.477682192242170095e+09 1.355500000000000038e-01
1.477682192355459929e+09 1.355300000000000116e-01
1.477682192468909979e+09 1.355800000000000061e-01
1.477682192581402063e+09 1.355600000000000138e-01
1.477682192694164991e+09 1.355000000000000093e-01
1.477682192807478905e+09 1.355200000000000016e-01
1.477682192920221090e+09 1.355600000000000138e-01
1.477682193033905983e+09 1.355899999999999883e-01
1.477682193146466970e+09 1.356100000000000083e-01
1.477682193259860992e+09 1.356400000000000106e-01
1.477682193373332977e+09 1.354799999999999893e-01
1.477682193485829115e+09 1.355000000000000093e-01
1.477682193598428965e+09 1.355000000000000093e-01
1.477682193712070942e+09 1.355899999999999883e-01
1.477682193825534105e+09 1.355800000000000061e-01
1.477682193938016891e+09 1.355800000000000061e-01
1.477682194050602913e+09 1.355000000000000093e-01
1.477682194164112091e+09 1.354700000000000071e-01
1.477682194276622057e+09 1.355800000000000061e-01
1.477682194390603065e+09 1.355699999999999961e-01
1.477682194502876997e+09 1.356100000000000083e-01
1.477682194616313934e+09 1.354700000000000071e-01
1.477682194728976965e+09 1.355399999999999938e-01
1.477682194842480898e+09 1.356300000000000006e-01
1.477682194955050945e+09 1.356199999999999906e-01
1.477682195067298889e+09 1.355000000000000093e-01
1.477682195180877924e+09 1.355999999999999983e-01
1.477682195293638945e+09 1.355399999999999938e-01
1.477682195407108068e+09 1.356100000000000083e-01
1.477682195519598961e+09 1.355800000000000061e-01
1.477682195633176088e+09 1.355600000000000138e-01
1.477682195745887995e+09 1.355600000000000138e-01
1.477682195859189987e+09 1.355399999999999938e-01
1.477682195971604109e+09 1.355800000000000061e-01
1.477682196085340023e+09 1.355800000000000061e-01
1.477682196197833061e+09 1.356300000000000006e-01
1.477682196311367035e+09 1.354799999999999893e-01
1.477682196423830986e+09 1.355600000000000138e-01
1.477682196537367105e+09 1.355399999999999938e-01
1.477682196649990082e+09 1.355600000000000138e-01
1.477682196763442993e+09 1.356100000000000083e-01
1.477682196876169920e+09 1.355699999999999961e-01
1.477682196989592075e+09 1.355600000000000138e-01
1.477682197102104902e+09 1.355699999999999961e-01
1.477682197215519905e+09 1.355699999999999961e-01
1.477682197328212976e+09 1.354499999999999871e-01
1.477682197441685915e+09 1.355099999999999916e-01
1.477682197554209948e+09 1.354799999999999893e-01
1.477682197666687965e+09 1.355200000000000016e-01
1.477682197780333042e+09 1.356300000000000006e-01
1.477682197893922091e+09 1.355000000000000093e-01
1.477682198006371021e+09 1.355899999999999883e-01
1.477682198118911982e+09 1.355099999999999916e-01
1.477682198232419968e+09 1.355600000000000138e-01
1.477682198346112967e+09 1.355500000000000038e-01
1.477682198458463907e+09 1.356100000000000083e-01
1.477682198571165085e+09 1.355899999999999883e-01
1.477682198684773922e+09 1.355600000000000138e-01
1.477682198798114061e+09 1.355800000000000061e-01
1.477682198910903931e+09 1.355500000000000038e-01
1.477682199023176908e+09 1.355600000000000138e-01
1.477682199136658907e+09 1.355399999999999938e-01
1.477682199249382973e+09 1.356300000000000006e-01
1.477682199362921953e+09 1.355000000000000093e-01
1.477682199475500107e+09 1.356300000000000006e-01
1.477682199588835001e+09 1.355300000000000116e-01
1.477682199701591015e+09 1.356999999999999873e-01
1.477682199815164089e+09 1.355300000000000116e-01
1.477682199927783012e+09 1.355699999999999961e-01
1.477682200041335106e+09 1.355899999999999883e-01
1.477682200153762102e+09 1.355200000000000016e-01
1.477682200267261028e+09 1.355500000000000038e-01
1.477682200379863024e+09 1.354799999999999893e-01
1.477682200493516922e+09 1.355899999999999883e-01
1.477682200605962038e+09 1.355200000000000016e-01
1.477682200719463110e+09 1.355500000000000038e-01
1.477682200832093000e+09 1.355500000000000038e-01
1.477682200945647001e+09 1.354700000000000071e-01
1.477682201058057070e+09 1.355000000000000093e-01
1.477682201171428919e+09 1.355000000000000093e-01
1.477682201284081936e+09 1.355399999999999938e-01
1.477682201396826029e+09 1.355999999999999983e-01
1.477682201510271072e+09 1.355300000000000116e-01
1.477682201622909069e+09 1.356600000000000028e-01
1.477682201736397028e+09 1.355500000000000038e-01
1.477682201848792076e+09 1.355600000000000138e-01
1.477682201962374926e+09 1.355399999999999938e-01
1.477682202074882030e+09 1.356400000000000106e-01
1.477682202188369036e+09 1.355800000000000061e-01
1.477682202301038980e+09 1.355800000000000061e-01
1.477682202414674997e+09 1.356400000000000106e-01
1.477682202527215004e+09 1.356300000000000006e-01
1.477682202640640974e+09 1.355200000000000016e-01
1.477682202753165007e+09 1.356199999999999906e-01
1.477682202866717100e+09 1.356999999999999873e-01
1.477682202979403019e+09 1.355200000000000016e-01
1.477682203092838049e+09 1.355300000000000116e-01
1.477682203205363035e+09 1.355500000000000038e-01
1.477682203318855047e+09 1.354899999999999993e-01
1.477682203431552887e+09 1.354700000000000071e-01
1.477682203544754028e+09 1.355500000000000038e-01
1.477682203657574892e+09 1.355000000000000093e-01
1.477682203770953894e+09 1.355200000000000016e-01
1.477682203883579969e+09 1.354400000000000048e-01
1.477682203996251106e+09 1.354799999999999893e-01
1.477682204109452963e+09 1.356100000000000083e-01
1.477682204223121881e+09 1.356499999999999928e-01
1.477682204335719109e+09 1.356400000000000106e-01
1.477682204448185921e+09 1.355399999999999938e-01
1.477682204561846018e+09 1.355099999999999916e-01
1.477682204675333023e+09 1.354799999999999893e-01
1.477682204787838936e+09 1.355999999999999983e-01
1.477682204900319099e+09 1.356199999999999906e-01
1.477682205014012098e+09 1.355399999999999938e-01
1.477682205127389908e+09 1.355600000000000138e-01
1.477682205239859104e+09 1.356600000000000028e-01
1.477682205352586031e+09 1.355000000000000093e-01
1.477682205466037989e+09 1.356100000000000083e-01
1.477682205579504967e+09 1.356700000000000128e-01
1.477682205692217112e+09 1.355000000000000093e-01
1.477682205804575920e+09 1.355800000000000061e-01
1.477682205918107033e+09 1.355500000000000038e-01
1.477682206030705929e+09 1.355399999999999938e-01
1.477682206144259930e+09 1.355399999999999938e-01
1.477682206256897926e+09 1.356199999999999906e-01
1.477682206370415926e+09 1.355899999999999883e-01
1.477682206482980013e+09 1.355699999999999961e-01
1.477682206596470118e+09 1.355899999999999883e-01
1.477682206708872080e+09 1.354599999999999971e-01
1.477682206822540045e+09 1.356600000000000028e-01
1.477682206935141087e+09 1.355399999999999938e-01
1.477682207048628092e+09 1.355600000000000138e-01
1.477682207161114931e+09 1.354700000000000071e-01
1.477682207274707079e+09 1.355300000000000116e-01
1.477682207387208939e+09 1.356300000000000006e-01
1.477682207499794960e+09 1.356199999999999906e-01
1.477682207613410950e+09 1.355899999999999883e-01
1.477682207726968050e+09 1.355500000000000038e-01
1.477682207839565992e+09 1.356499999999999928e-01
1.477682207951981068e+09 1.355699999999999961e-01
1.477682208065499067e+09 1.354899999999999993e-01
1.477682208178020954e+09 1.355699999999999961e-01
1.477682208291639090e+09 1.355699999999999961e-01
1.477682208404164076e+09 1.355300000000000116e-01
1.477682208517708063e+09 1.355200000000000016e-01
1.477682208630208015e+09 1.354299999999999948e-01
1.477682208743870020e+09 1.356400000000000106e-01
1.477682208856312037e+09 1.355800000000000061e-01
1.477682208969871044e+09 1.355300000000000116e-01
1.477682209082515001e+09 1.354799999999999893e-01
1.477682209195930958e+09 1.355000000000000093e-01
1.477682209308506012e+09 1.355200000000000016e-01
1.477682209421991110e+09 1.354400000000000048e-01
1.477682209534431934e+09 1.355600000000000138e-01
1.477682209648144960e+09 1.355000000000000093e-01
1.477682209760507107e+09 1.355699999999999961e-01
1.477682209873956919e+09 1.354799999999999893e-01
1.477682209986694098e+09 1.355300000000000116e-01
1.477682210100415945e+09 1.355999999999999983e-01
