1.477681607721950054e+09 1.338499999999999968e-01
1.477681607804373026e+09 1.338799999999999990e-01
1.477681607916977882e+09 1.338799999999999990e-01
1.477681608030368090e+09 1.337700000000000000e-01
1.477681608143059969e+09 1.339500000000000135e-01
1.477681608256551981e+09 1.338999999999999913e-01
1.477681608369024038e+09 1.338699999999999890e-01
1.477681608482796907e+09 1.338499999999999968e-01
1.477681608595093012e+09 1.338399999999999868e-01
1.477681608708712101e+09 1.338900000000000090e-01
1.477681608821177006e+09 1.338699999999999890e-01
1.477681608934802055e+09 1.338900000000000090e-01
1.477681609047245979e+09 1.338399999999999868e-01
1.477681609160814047e+09 1.337099999999999955e-01
1.477681609273535967e+09 1.338799999999999990e-01
1.477681609386882067e+09 1.338100000000000123e-01
1.477681609499561071e+09 1.338000000000000023e-01
1.477681609613029003e+09 1.338000000000000023e-01
1.477681609725652933e+09 1.338199999999999945e-01
1.477681609838201046e+09 1.338199999999999945e-01
1.477681609951579094e+09 1.338199999999999945e-01
1.477681610065112114e+09 1.338199999999999945e-01
1.477681610177767992e+09 1.338100000000000123e-01
1.477681610291193008e+09 1.338699999999999890e-01
1.477681610403867960e+09 1.338999999999999913e-01
1.477681610516287088e+09 1.337700000000000000e-01
1.477681610629899979e+09 1.337700000000000000e-01
1.477681610742471933e+09 1.337599999999999900e-01
1.477681610855899096e+09 1.337899999999999923e-01
1.477681610968424082e+09 1.338199999999999945e-01
1.477681611082003117e+09 1.338199999999999945e-01
1.477681611194613934e+09 1.338100000000000123e-01
1.477681611308088064e+09 1.338499999999999968e-01
1.477681611420633078e+09 1.338699999999999890e-01
1.477681611534221888e+09 1.338300000000000045e-01
1.477681611646792889e+09 1.339100000000000013e-01
1.477681611760279894e+09 1.338199999999999945e-01
1.477681611872759104e+09 1.338100000000000123e-01
1.477681611986324072e+09 1.338100000000000123e-01
1.477681612098829985e+09 1.338100000000000123e-01
1.477681612212538004e+09 1.337599999999999900e-01
1.477681612324899912e+09 1.338600000000000068e-01
1.477681612438463926e+09 1.338900000000000090e-01
1.477681612550997019e+09 1.337700000000000000e-01
1.477681612664613962e+09 1.338100000000000123e-01
1.477681612777066946e+09 1.338300000000000045e-01
1.477681612889679909e+09 1.338300000000000045e-01
1.477681613003139019e+09 1.338300000000000045e-01
1.477681613115710020e+09 1.338000000000000023e-01
1.477681613229201078e+09 1.339500000000000135e-01
1.477681613342058897e+09 1.338499999999999968e-01
1.477681613455508947e+09 1.338600000000000068e-01
1.477681613567905903e+09 1.339599999999999957e-01
1.477681613681669950e+09 1.338399999999999868e-01
1.477681613795022964e+09 1.338799999999999990e-01
1.477681613907460928e+09 1.338300000000000045e-01
1.477681614020036936e+09 1.337000000000000133e-01
1.477681614133671045e+09 1.340000000000000080e-01
1.477681614246068001e+09 1.338100000000000123e-01
1.477681614359662056e+09 1.337800000000000100e-01
1.477681614472193956e+09 1.338399999999999868e-01
1.477681614585823059e+09 1.337899999999999923e-01
1.477681614698268890e+09 1.338100000000000123e-01
1.477681614811928988e+09 1.338399999999999868e-01
1.477681614924396038e+09 1.338600000000000068e-01
1.477681615038168907e+09 1.338499999999999968e-01
1.477681615150554895e+09 1.337800000000000100e-01
1.477681615264092922e+09 1.338300000000000045e-01
1.477681615376593113e+09 1.337899999999999923e-01
1.477681615490098953e+09 1.338000000000000023e-01
1.477681615602627993e+09 1.337700000000000000e-01
1.477681615716193914e+09 1.337000000000000133e-01
1.477681615828687906e+09 1.338699999999999890e-01
1.477681615942265034e+09 1.338199999999999945e-01
1.477681616054804087e+09 1.337899999999999923e-01
1.477681616168344021e+09 1.338399999999999868e-01
1.477681616280900955e+09 1.338499999999999968e-01
1.477681616393410921e+09 1.338799999999999990e-01
1.477681616507075071e+09 1.338799999999999990e-01
1.477681616620600939e+09 1.338100000000000123e-01
1.477681616733066082e+09 1.337200000000000055e-01
1.477681616845587969e+09 1.339100000000000013e-01
1.477681616959153891e+09 1.338100000000000123e-01
1.477681617072691917e+09 1.339500000000000135e-01
1.477681617185240984e+09 1.338300000000000045e-01
1.477681617297745943e+09 1.338699999999999890e-01
1.477681617411406040e+09 1.338000000000000023e-01
1.477681617524816990e+09 1.337899999999999923e-01
1.477681617637485981e+09 1.339400000000000035e-01
1.477681617749944925e+09 1.338100000000000123e-01
1.477681617863440037e+09 1.339100000000000013e-01
1.477681617975970030e+09 1.337899999999999923e-01
1.477681618089555025e+09 1.338000000000000023e-01
1.477681618202104092e+09 1.338399999999999868e-01
1.477681618315696955e+09 1.338699999999999890e-01
1.477681618428177118e+09 1.338100000000000123e-01
1.477681618541754007e+09 1.338600000000000068e-01
1.477681618654247046e+09 1.337700000000000000e-01
1.477681618767771959e+09 1.339200000000000113e-01
1.477681618880326033e+09 1.337399999999999978e-01
1.477681618993928909e+09 1.339400000000000035e-01
1.477681619106374025e+09 1.338199999999999945e-01
1.477681619220005035e+09 1.338199999999999945e-01
1.477681619332494020e+09 1.338799999999999990e-01
1.477681619445064068e+09 1.337200000000000055e-01
1.477681619558674097e+09 1.338999999999999913e-01
1.477681619671108961e+09 1.338399999999999868e-01
1.477681619784841061e+09 1.338199999999999945e-01
1.477681619897252083e+09 1.338900000000000090e-01
1.477681620010768890e+09 1.338100000000000123e-01
1.477681620123469114e+09 1.338000000000000023e-01
1.477681620236820936e+09 1.338000000000000023e-01
1.477681620349390030e+09 1.337700000000000000e-01
1.477681620462969065e+09 1.338699999999999890e-01
1.477681620575817108e+09 1.338499999999999968e-01
1.477681620688937902e+09 1.338999999999999913e-01
1.477681620801676989e+09 1.338699999999999890e-01
1.477681620915081978e+09 1.338600000000000068e-01
1.477681621027544022e+09 1.339299999999999935e-01
1.477681621141319990e+09 1.338399999999999868e-01
1.477681621253679037e+09 1.337800000000000100e-01
1.477681621367439032e+09 1.337800000000000100e-01
1.477681621479778051e+09 1.337099999999999955e-01
1.477681621593281984e+09 1.338600000000000068e-01
1.477681621705892086e+09 1.339299999999999935e-01
1.477681621819312096e+09 1.338799999999999990e-01
1.477681621931873083e+09 1.338000000000000023e-01
1.477681622045604944e+09 1.338600000000000068e-01
1.477681622157989025e+09 1.338100000000000123e-01
1.477681622271496058e+09 1.337899999999999923e-01
1.477681622384268045e+09 1.338300000000000045e-01
1.477681622497631073e+09 1.338999999999999913e-01
1.477681622610207081e+09 1.338399999999999868e-01
1.477681622722762108e+09 1.337800000000000100e-01
1.477681622836236954e+09 1.337800000000000100e-01
1.477681622948767900e+09 1.338900000000000090e-01
1.477681623062342882e+09 1.338399999999999868e-01
1.477681623174902916e+09 1.338100000000000123e-01
1.477681623288450956e+09 1.337899999999999923e-01
1.477681623401992083e+09 1.337800000000000100e-01
1.477681623514507055e+09 1.337899999999999923e-01
1.477681623627038002e+09 1.338100000000000123e-01
1.477681623740569115e+09 1.338999999999999913e-01
1.477681623854271889e+09 1.338600000000000068e-01
1.477681623966733932e+09 1.339400000000000035e-01
1.477681624079336882e+09 1.338900000000000090e-01
1.477681624192833900e+09 1.337700000000000000e-01
1.477681624306374073e+09 1.338699999999999890e-01
1.477681624419059992e+09 1.338199999999999945e-01
1.477681624531418085e+09 1.338900000000000090e-01
1.477681624645224094e+09 1.337700000000000000e-01
1.477681624758518934e+09 1.337399999999999978e-01
1.477681624871092081e+09 1.338799999999999990e-01
1.477681624983649015e+09 1.337200000000000055e-01
1.477681625096062899e+09 1.338399999999999868e-01
1.477681625209830046e+09 1.338000000000000023e-01
1.477681625323239088e+09 1.338199999999999945e-01
1.477681625435692072e+09 1.338199999999999945e-01
1.477681625548254967e+09 1.337800000000000100e-01
1.477681625661904097e+09 1.337899999999999923e-01
1.477681625775350094e+09 1.338000000000000023e-01
1.477681625887799025e+09 1.337500000000000078e-01
1.477681626000475883e+09 1.337700000000000000e-01
1.477681626114058971e+09 1.338399999999999868e-01
1.477681626226507902e+09 1.337700000000000000e-01
1.477681626340095997e+09 1.338199999999999945e-01
1.477681626452547073e+09 1.337500000000000078e-01
1.477681626566035986e+09 1.338699999999999890e-01
1.477681626678627968e+09 1.338000000000000023e-01
1.477681626792146921e+09 1.338300000000000045e-01
1.477681626904766083e+09 1.338499999999999968e-01
1.477681627018228054e+09 1.337899999999999923e-01
1.477681627130779028e+09 1.338000000000000023e-01
1.477681627244321108e+09 1.339100000000000013e-01
1.477681627356822014e+09 1.338000000000000023e-01
1.477681627470491886e+09 1.337299999999999878e-01
1.477681627582982063e+09 1.337599999999999900e-01
1.477681627696511984e+09 1.338300000000000045e-01
1.477681627809040070e+09 1.338000000000000023e-01
1.477681627922578096e+09 1.338000000000000023e-01
1.477681628035109043e+09 1.338499999999999968e-01
1.477681628148655891e+09 1.339200000000000113e-01
1.477681628261154890e+09 1.338699999999999890e-01
1.477681628374742031e+09 1.338499999999999968e-01
1.477681628487229109e+09 1.338900000000000090e-01
1.477681628599822044e+09 1.338100000000000123e-01
1.477681628713354111e+09 1.338399999999999868e-01
1.477681628826915979e+09 1.336299999999999988e-01
1.477681628939431906e+09 1.338300000000000045e-01
1.477681629052993059e+09 1.338000000000000023e-01
1.477681629165631056e+09 1.338300000000000045e-01
1.477681629278024912e+09 1.337800000000000100e-01
1.477681629391623020e+09 1.338300000000000045e-01
1.477681629504151106e+09 1.338900000000000090e-01
1.477681629617743015e+09 1.338399999999999868e-01
1.477681629730249882e+09 1.338199999999999945e-01
1.477681629843830109e+09 1.336400000000000088e-01
1.477681629956351995e+09 1.338199999999999945e-01
1.477681630069874048e+09 1.338100000000000123e-01
1.477681630183607101e+09 1.338699999999999890e-01
1.477681630295921087e+09 1.337200000000000055e-01
1.477681630408428907e+09 1.337500000000000078e-01
1.477681630522102118e+09 1.338000000000000023e-01
1.477681630635481119e+09 1.337800000000000100e-01
1.477681630748028040e+09 1.338300000000000045e-01
1.477681630860790014e+09 1.338799999999999990e-01
1.477681630974273920e+09 1.338000000000000023e-01
1.477681631087671995e+09 1.337500000000000078e-01
1.477681631200181961e+09 1.337899999999999923e-01
1.477681631312922955e+09 1.338600000000000068e-01
1.477681631425503969e+09 1.338000000000000023e-01
1.477681631539020061e+09 1.338900000000000090e-01
1.477681631652461052e+09 1.337200000000000055e-01
1.477681631765002012e+09 1.338199999999999945e-01
1.477681631877533913e+09 1.338000000000000023e-01
1.477681631991085052e+09 1.337899999999999923e-01
1.477681632104577065e+09 1.338699999999999890e-01
1.477681632217190981e+09 1.339100000000000013e-01
1.477681632329807997e+09 1.337599999999999900e-01
1.477681632443203926e+09 1.337399999999999978e-01
1.477681632555782080e+09 1.336799999999999933e-01
1.477681632669363022e+09 1.338799999999999990e-01
1.477681632781898022e+09 1.338699999999999890e-01
1.477681632895493984e+09 1.339299999999999935e-01
1.477681633007924080e+09 1.338799999999999990e-01
1.477681633121371031e+09 1.338900000000000090e-01
1.477681633234028101e+09 1.338100000000000123e-01
1.477681633347532988e+09 1.338499999999999968e-01
1.477681633460227013e+09 1.338600000000000068e-01
1.477681633573762894e+09 1.337800000000000100e-01
1.477681633686146975e+09 1.338399999999999868e-01
1.477681633799719095e+09 1.337700000000000000e-01
1.477681633912285089e+09 1.337200000000000055e-01
1.477681634025798082e+09 1.337000000000000133e-01
1.477681634138318062e+09 1.337700000000000000e-01
1.477681634252026081e+09 1.338100000000000123e-01
1.477681634364562035e+09 1.338499999999999968e-01
1.477681634477880001e+09 1.338000000000000023e-01
1.477681634590487003e+09 1.337700000000000000e-01
1.477681634704036951e+09 1.337700000000000000e-01
1.477681634816613913e+09 1.339400000000000035e-01
1.477681634929096937e+09 1.337899999999999923e-01
1.477681635042808056e+09 1.337800000000000100e-01
1.477681635155330896e+09 1.337599999999999900e-01
1.477681635268672943e+09 1.337700000000000000e-01
1.477681635381459951e+09 1.338999999999999913e-01
1.477681635494807005e+09 1.337700000000000000e-01
1.477681635608367920e+09 1.339100000000000013e-01
1.477681635720880985e+09 1.338399999999999868e-01
1.477681635833487988e+09 1.338999999999999913e-01
1.477681635946960926e+09 1.337899999999999923e-01
1.477681636059556007e+09 1.337800000000000100e-01
1.477681636173032999e+09 1.337099999999999955e-01
1.477681636285595894e+09 1.337800000000000100e-01
1.477681636399113894e+09 1.338000000000000023e-01
1.477681636511707067e+09 1.338499999999999968e-01
1.477681636625194073e+09 1.337899999999999923e-01
1.477681636737684011e+09 1.337899999999999923e-01
1.477681636851316929e+09 1.337399999999999978e-01
1.477681636964893103e+09 1.338199999999999945e-01
1.477681637077398062e+09 1.337500000000000078e-01
1.477681637189908028e+09 1.338999999999999913e-01
1.477681637302473068e+09 1.337700000000000000e-01
1.477681637416074038e+09 1.338799999999999990e-01
1.477681637529495955e+09 1.337700000000000000e-01
1.477681637642189026e+09 1.336900000000000033e-01
1.477681637754652977e+09 1.337700000000000000e-01
1.477681637868170977e+09 1.337899999999999923e-01
1.477681637981837988e+09 1.338199999999999945e-01
1.477681638094238997e+09 1.337800000000000100e-01
1.477681638206733942e+09 1.338000000000000023e-01
1.477681638320307970e+09 1.337899999999999923e-01
1.477681638432867050e+09 1.338300000000000045e-01
1.477681638546535015e+09 1.337700000000000000e-01
1.477681638658900976e+09 1.338000000000000023e-01
1.477681638772442102e+09 1.339500000000000135e-01
1.477681638884993076e+09 1.338699999999999890e-01
1.477681638998563051e+09 1.337299999999999878e-01
1.477681639111248970e+09 1.337800000000000100e-01
1.477681639224659920e+09 1.338399999999999868e-01
1.477681639337210894e+09 1.337200000000000055e-01
1.477681639450659037e+09 1.338699999999999890e-01
1.477681639563386917e+09 1.337899999999999923e-01
1.477681639676989079e+09 1.338499999999999968e-01
1.477681639789469004e+09 1.338000000000000023e-01
1.477681639902986050e+09 1.337599999999999900e-01
1.477681640015403032e+09 1.337299999999999878e-01
1.477681640128896952e+09 1.338300000000000045e-01
1.477681640241436958e+09 1.339100000000000013e-01
1.477681640355122089e+09 1.338600000000000068e-01
1.477681640467694998e+09 1.338300000000000045e-01
1.477681640581063986e+09 1.339400000000000035e-01
1.477681640693627119e+09 1.338499999999999968e-01
1.477681640807197094e+09 1.337200000000000055e-01
1.477681640919754982e+09 1.338000000000000023e-01
1.477681641033227921e+09 1.337700000000000000e-01
1.477681641145833015e+09 1.337899999999999923e-01
1.477681641258372068e+09 1.336900000000000033e-01
1.477681641371912003e+09 1.338100000000000123e-01
1.477681641485461950e+09 1.337599999999999900e-01
1.477681641598031044e+09 1.337800000000000100e-01
1.477681641710500002e+09 1.336900000000000033e-01
1.477681641823960066e+09 1.337500000000000078e-01
1.477681641936522007e+09 1.337800000000000100e-01
1.477681642050313950e+09 1.337099999999999955e-01
1.477681642162781000e+09 1.338000000000000023e-01
1.477681642276213884e+09 1.338499999999999968e-01
1.477681642389697075e+09 1.338300000000000045e-01
1.477681642502255917e+09 1.338799999999999990e-01
1.477681642614756107e+09 1.338300000000000045e-01
1.477681642728353024e+09 1.339100000000000013e-01
1.477681642841871023e+09 1.338100000000000123e-01
1.477681642954489946e+09 1.337700000000000000e-01
1.477681643066998005e+09 1.338100000000000123e-01
1.477681643180588961e+09 1.338999999999999913e-01
1.477681643293296099e+09 1.338699999999999890e-01
1.477681643406630993e+09 1.338100000000000123e-01
1.477681643519135952e+09 1.338100000000000123e-01
1.477681643632652044e+09 1.337200000000000055e-01
1.477681643745225906e+09 1.337800000000000100e-01
1.477681643858819008e+09 1.338300000000000045e-01
1.477681643971381903e+09 1.338399999999999868e-01
1.477681644083853960e+09 1.338100000000000123e-01
1.477681644197474957e+09 1.337800000000000100e-01
1.477681644309950113e+09 1.337800000000000100e-01
1.477681644423631907e+09 1.336900000000000033e-01
1.477681644536075115e+09 1.337000000000000133e-01
1.477681644649600983e+09 1.338199999999999945e-01
1.477681644762147903e+09 1.338499999999999968e-01
1.477681644875632048e+09 1.338000000000000023e-01
1.477681644988152027e+09 1.337000000000000133e-01
1.477681645101759911e+09 1.338399999999999868e-01
1.477681645214334011e+09 1.337700000000000000e-01
1.477681645327867031e+09 1.337099999999999955e-01
1.477681645440345049e+09 1.338900000000000090e-01
1.477681645553908110e+09 1.337099999999999955e-01
1.477681645666452885e+09 1.338100000000000123e-01
1.477681645779970884e+09 1.338300000000000045e-01
1.477681645892453909e+09 1.337700000000000000e-01
1.477681646006093979e+09 1.337800000000000100e-01
1.477681646118680000e+09 1.337700000000000000e-01
1.477681646232168913e+09 1.337599999999999900e-01
1.477681646344669104e+09 1.337200000000000055e-01
1.477681646458338976e+09 1.338999999999999913e-01
1.477681646570770979e+09 1.338000000000000023e-01
1.477681646684317112e+09 1.337099999999999955e-01
1.477681646796888113e+09 1.338499999999999968e-01
1.477681646910512924e+09 1.337800000000000100e-01
1.477681647022922993e+09 1.337299999999999878e-01
1.477681647135495901e+09 1.337500000000000078e-01
1.477681647249337912e+09 1.337599999999999900e-01
1.477681647362550020e+09 1.337800000000000100e-01
1.477681647475065947e+09 1.338399999999999868e-01
1.477681647587724924e+09 1.338000000000000023e-01
1.477681647701306105e+09 1.338100000000000123e-01
1.477681647814733982e+09 1.337500000000000078e-01
1.477681647927398920e+09 1.337399999999999978e-01
1.477681648039918900e+09 1.338600000000000068e-01
1.477681648153462887e+09 1.338399999999999868e-01
1.477681648265889883e+09 1.336900000000000033e-01
1.477681648379497051e+09 1.337299999999999878e-01
1.477681648491940975e+09 1.338999999999999913e-01
1.477681648605550051e+09 1.338300000000000045e-01
1.477681648718173981e+09 1.337399999999999978e-01
1.477681648831657887e+09 1.336600000000000010e-01
1.477681648944108963e+09 1.337500000000000078e-01
1.477681649057631016e+09 1.337800000000000100e-01
1.477681649170182943e+09 1.337899999999999923e-01
1.477681649283974886e+09 1.338699999999999890e-01
1.477681649396287918e+09 1.337599999999999900e-01
1.477681649509979963e+09 1.337700000000000000e-01
1.477681649622478962e+09 1.338199999999999945e-01
1.477681649735925913e+09 1.337500000000000078e-01
1.477681649848463058e+09 1.338000000000000023e-01
1.477681649962007046e+09 1.338100000000000123e-01
1.477681650074709892e+09 1.338100000000000123e-01
1.477681650188071966e+09 1.338600000000000068e-01
1.477681650300606966e+09 1.337399999999999978e-01
1.477681650414171934e+09 1.338699999999999890e-01
1.477681650526792049e+09 1.338399999999999868e-01
1.477681650639254093e+09 1.337700000000000000e-01
1.477681650752806902e+09 1.337599999999999900e-01
1.477681650865348101e+09 1.337599999999999900e-01
1.477681650978883982e+09 1.336900000000000033e-01
1.477681651091602087e+09 1.338300000000000045e-01
1.477681651205091000e+09 1.337700000000000000e-01
1.477681651317487955e+09 1.338100000000000123e-01
1.477681651431054115e+09 1.337299999999999878e-01
1.477681651543607950e+09 1.337200000000000055e-01
1.477681651657248020e+09 1.337599999999999900e-01
1.477681651769710064e+09 1.337099999999999955e-01
1.477681651883327961e+09 1.338699999999999890e-01
1.477681651995764017e+09 1.337800000000000100e-01
1.477681652109301090e+09 1.338000000000000023e-01
1.477681652221899033e+09 1.337099999999999955e-01
1.477681652335350990e+09 1.338900000000000090e-01
1.477681652447918892e+09 1.337099999999999955e-01
1.477681652561603069e+09 1.338000000000000023e-01
1.477681652674181938e+09 1.338100000000000123e-01
1.477681652787544966e+09 1.337099999999999955e-01
1.477681652900043011e+09 1.337700000000000000e-01
1.477681653013676882e+09 1.337800000000000100e-01
1.477681653126157999e+09 1.338300000000000045e-01
1.477681653239679098e+09 1.338399999999999868e-01
1.477681653352322102e+09 1.338000000000000023e-01
1.477681653464879990e+09 1.338300000000000045e-01
1.477681653578332901e+09 1.337299999999999878e-01
1.477681653691924095e+09 1.338199999999999945e-01
1.477681653804409027e+09 1.338799999999999990e-01
1.477681653916953087e+09 1.337399999999999978e-01
1.477681654030688047e+09 1.337800000000000100e-01
1.477681654144059896e+09 1.337399999999999978e-01
1.477681654256639004e+09 1.337599999999999900e-01
1.477681654369398117e+09 1.338699999999999890e-01
1.477681654482659101e+09 1.337800000000000100e-01
1.477681654596155882e+09 1.336400000000000088e-01
1.477681654708910942e+09 1.337099999999999955e-01
1.477681654821265936e+09 1.338199999999999945e-01
1.477681654934870005e+09 1.337399999999999978e-01
1.477681655047488928e+09 1.338499999999999968e-01
1.477681655160891056e+09 1.337800000000000100e-01
1.477681655273586988e+09 1.337700000000000000e-01
1.477681655387022972e+09 1.336799999999999933e-01
1.477681655499466896e+09 1.338300000000000045e-01
1.477681655613024950e+09 1.337599999999999900e-01
1.477681655725605011e+09 1.339100000000000013e-01
1.477681655839145899e+09 1.337399999999999978e-01
1.477681655951709032e+09 1.339599999999999957e-01
1.477681656065413952e+09 1.338499999999999968e-01
1.477681656177771091e+09 1.337800000000000100e-01
1.477681656291462898e+09 1.337800000000000100e-01
1.477681656403996944e+09 1.338900000000000090e-01
1.477681656517370939e+09 1.338300000000000045e-01
1.477681656629895926e+09 1.338000000000000023e-01
1.477681656742629051e+09 1.338799999999999990e-01
1.477681656856055021e+09 1.337000000000000133e-01
1.477681656968440056e+09 1.337800000000000100e-01
1.477681657082041979e+09 1.337099999999999955e-01
1.477681657194756031e+09 1.338000000000000023e-01
1.477681657308155060e+09 1.337800000000000100e-01
1.477681657420849085e+09 1.338000000000000023e-01
1.477681657534317017e+09 1.338399999999999868e-01
1.477681657646820068e+09 1.337899999999999923e-01
1.477681657760318041e+09 1.337000000000000133e-01
1.477681657872898102e+09 1.338499999999999968e-01
1.477681657986453056e+09 1.337500000000000078e-01
1.477681658099129915e+09 1.336199999999999888e-01
1.477681658212574959e+09 1.337800000000000100e-01
1.477681658325090885e+09 1.338300000000000045e-01
1.477681658438990116e+09 1.337700000000000000e-01
1.477681658551151991e+09 1.337399999999999978e-01
1.477681658664700985e+09 1.337399999999999978e-01
1.477681658777323961e+09 1.336799999999999933e-01
1.477681658890873909e+09 1.337700000000000000e-01
1.477681659003328085e+09 1.337800000000000100e-01
1.477681659116826057e+09 1.338100000000000123e-01
1.477681659229489088e+09 1.338300000000000045e-01
1.477681659342931986e+09 1.337000000000000133e-01
1.477681659455588102e+09 1.337599999999999900e-01
1.477681659569029093e+09 1.338399999999999868e-01
1.477681659681736946e+09 1.338600000000000068e-01
1.477681659794049978e+09 1.338199999999999945e-01
1.477681660095158100e+09 1.337500000000000078e-01
1.477681660190635920e+09 1.338199999999999945e-01
1.477681660303057909e+09 1.337399999999999978e-01
1.477681660416610956e+09 1.338399999999999868e-01
1.477681660529050112e+09 1.336700000000000110e-01
1.477681660641648054e+09 1.337599999999999900e-01
1.477681660755145073e+09 1.337700000000000000e-01
1.477681660868700981e+09 1.337500000000000078e-01
1.477681660981555939e+09 1.336499999999999910e-01
1.477681661093966007e+09 1.338000000000000023e-01
1.477681661207402945e+09 1.337899999999999923e-01
1.477681661320979118e+09 1.337399999999999978e-01
1.477681661433568001e+09 1.338499999999999968e-01
1.477681661546020031e+09 1.337399999999999978e-01
1.477681661659468889e+09 1.336700000000000110e-01
1.477681661772188902e+09 1.337899999999999923e-01
1.477681661885716915e+09 1.337599999999999900e-01
1.477681661998049021e+09 1.337299999999999878e-01
1.477681662111649036e+09 1.337599999999999900e-01
1.477681662224174976e+09 1.338399999999999868e-01
1.477681662337790012e+09 1.338000000000000023e-01
1.477681662450455904e+09 1.336799999999999933e-01
1.477681662564007044e+09 1.337500000000000078e-01
1.477681662676320076e+09 1.337899999999999923e-01
1.477681662790205002e+09 1.337000000000000133e-01
1.477681662902477026e+09 1.337299999999999878e-01
1.477681663015994072e+09 1.337700000000000000e-01
1.477681663128576040e+09 1.337099999999999955e-01
1.477681663242239952e+09 1.337500000000000078e-01
1.477681663354701042e+09 1.336900000000000033e-01
1.477681663468287945e+09 1.337700000000000000e-01
1.477681663580780029e+09 1.336799999999999933e-01
1.477681663694204092e+09 1.338600000000000068e-01
1.477681663806988955e+09 1.338100000000000123e-01
1.477681663920461893e+09 1.338199999999999945e-01
1.477681664032902002e+09 1.337700000000000000e-01
1.477681664146559000e+09 1.338900000000000090e-01
1.477681664258908987e+09 1.338499999999999968e-01
1.477681664372414112e+09 1.337099999999999955e-01
1.477681664484973907e+09 1.337299999999999878e-01
1.477681664597510099e+09 1.336400000000000088e-01
1.477681664711118937e+09 1.338100000000000123e-01
1.477681664823721886e+09 1.336700000000000110e-01
1.477681664937323093e+09 1.337500000000000078e-01
1.477681665049607992e+09 1.337500000000000078e-01
1.477681665163286924e+09 1.337299999999999878e-01
1.477681665275804043e+09 1.337200000000000055e-01
1.477681665389269114e+09 1.337700000000000000e-01
1.477681665501945019e+09 1.337299999999999878e-01
1.477681665615439892e+09 1.337399999999999978e-01
1.477681665727932930e+09 1.337700000000000000e-01
1.477681665841492891e+09 1.337800000000000100e-01
1.477681665953969955e+09 1.336900000000000033e-01
1.477681666067583084e+09 1.337800000000000100e-01
1.477681666180082083e+09 1.336799999999999933e-01
1.477681666293754101e+09 1.337599999999999900e-01
1.477681666406326056e+09 1.336600000000000010e-01
1.477681666519766092e+09 1.337700000000000000e-01
1.477681666632250071e+09 1.337099999999999955e-01
1.477681666745795012e+09 1.337800000000000100e-01
1.477681666858777046e+09 1.337599999999999900e-01
1.477681666971033096e+09 1.337099999999999955e-01
1.477681667084467888e+09 1.337399999999999978e-01
1.477681667197957039e+09 1.336600000000000010e-01
1.477681667310482979e+09 1.337899999999999923e-01
1.477681667423018932e+09 1.337399999999999978e-01
1.477681667536676884e+09 1.337399999999999978e-01
1.477681667650298119e+09 1.337599999999999900e-01
1.477681667762594938e+09 1.336799999999999933e-01
1.477681667875193119e+09 1.336700000000000110e-01
1.477681667988939047e+09 1.336499999999999910e-01
1.477681668101308107e+09 1.337599999999999900e-01
1.477681668214767933e+09 1.337399999999999978e-01
1.477681668327438116e+09 1.337500000000000078e-01
1.477681668440929890e+09 1.336499999999999910e-01
1.477681668553455114e+09 1.337599999999999900e-01
1.477681668667124033e+09 1.338199999999999945e-01
1.477681668779684067e+09 1.337500000000000078e-01
1.477681668893176079e+09 1.337599999999999900e-01
1.477681669006576061e+09 1.337099999999999955e-01
1.477681669119154930e+09 1.337700000000000000e-01
1.477681669231702089e+09 1.336799999999999933e-01
1.477681669345350981e+09 1.337700000000000000e-01
1.477681669457772970e+09 1.338100000000000123e-01
1.477681669571235895e+09 1.337800000000000100e-01
1.477681669683862925e+09 1.336799999999999933e-01
1.477681669797379017e+09 1.337500000000000078e-01
1.477681669909938097e+09 1.338999999999999913e-01
1.477681670023469925e+09 1.337200000000000055e-01
1.477681670136091948e+09 1.336700000000000110e-01
1.477681670249614000e+09 1.337299999999999878e-01
1.477681670362068892e+09 1.337800000000000100e-01
1.477681670474536896e+09 1.336700000000000110e-01
1.477681670588238955e+09 1.337399999999999978e-01
1.477681670701710939e+09 1.337099999999999955e-01
1.477681670814349890e+09 1.337700000000000000e-01
1.477681670926897049e+09 1.337399999999999978e-01
1.477681671040344954e+09 1.337500000000000078e-01
1.477681671152991056e+09 1.337299999999999878e-01
1.477681671266524076e+09 1.338499999999999968e-01
1.477681671378927946e+09 1.337299999999999878e-01
1.477681671492748976e+09 1.337299999999999878e-01
1.477681671605060101e+09 1.337500000000000078e-01
1.477681671718714952e+09 1.337200000000000055e-01
1.477681671831052065e+09 1.337700000000000000e-01
1.477681671944796085e+09 1.338199999999999945e-01
1.477681672057337999e+09 1.337399999999999978e-01
1.477681672170787096e+09 1.337500000000000078e-01
1.477681672283232927e+09 1.337599999999999900e-01
1.477681672396886110e+09 1.337899999999999923e-01
1.477681672509406090e+09 1.337700000000000000e-01
1.477681672622951031e+09 1.337000000000000133e-01
1.477681672735415936e+09 1.337399999999999978e-01
1.477681672848972082e+09 1.336799999999999933e-01
1.477681672961612940e+09 1.337700000000000000e-01
1.477681673075233936e+09 1.338100000000000123e-01
1.477681673187690973e+09 1.338199999999999945e-01
1.477681673301259041e+09 1.337299999999999878e-01
1.477681673413558006e+09 1.337399999999999978e-01
1.477681673527307987e+09 1.337700000000000000e-01
1.477681673639811039e+09 1.337500000000000078e-01
1.477681673752381086e+09 1.337000000000000133e-01
1.477681673865988016e+09 1.337700000000000000e-01
1.477681673978355885e+09 1.337800000000000100e-01
1.477681674092041969e+09 1.336900000000000033e-01
1.477681674204588890e+09 1.337800000000000100e-01
1.477681674318048954e+09 1.337399999999999978e-01
1.477681674431492090e+09 1.338199999999999945e-01
1.477681674544019938e+09 1.336900000000000033e-01
1.477681674656595945e+09 1.337700000000000000e-01
1.477681674770153046e+09 1.337399999999999978e-01
1.477681674883656025e+09 1.337099999999999955e-01
1.477681674996244907e+09 1.337399999999999978e-01
1.477681675108819962e+09 1.336799999999999933e-01
1.477681675222286940e+09 1.337000000000000133e-01
1.477681675335812092e+09 1.337299999999999878e-01
1.477681675448368073e+09 1.338199999999999945e-01
1.477681675560930014e+09 1.338199999999999945e-01
1.477681675674447060e+09 1.336900000000000033e-01
1.477681675788013935e+09 1.337899999999999923e-01
1.477681675900484085e+09 1.337599999999999900e-01
1.477681676013048887e+09 1.336900000000000033e-01
1.477681676126565933e+09 1.338199999999999945e-01
1.477681676239129066e+09 1.337299999999999878e-01
1.477681676352653980e+09 1.338399999999999868e-01
1.477681676465293884e+09 1.337500000000000078e-01
1.477681676578721046e+09 1.336900000000000033e-01
1.477681676691426992e+09 1.337200000000000055e-01
1.477681676803889036e+09 1.337500000000000078e-01
1.477681676917500019e+09 1.337700000000000000e-01
1.477681677031053066e+09 1.336199999999999888e-01
1.477681677143605947e+09 1.337000000000000133e-01
1.477681677256041050e+09 1.337299999999999878e-01
1.477681677369679928e+09 1.338100000000000123e-01
1.477681677482038975e+09 1.337500000000000078e-01
1.477681677595639944e+09 1.337099999999999955e-01
1.477681677708132982e+09 1.336900000000000033e-01
1.477681677821654081e+09 1.337700000000000000e-01
1.477681677934395075e+09 1.338199999999999945e-01
1.477681678047750950e+09 1.337099999999999955e-01
1.477681678160336018e+09 1.337299999999999878e-01
1.477681678273861885e+09 1.337599999999999900e-01
1.477681678386409044e+09 1.336799999999999933e-01
1.477681678499917984e+09 1.337399999999999978e-01
1.477681678612560034e+09 1.337200000000000055e-01
1.477681678726028919e+09 1.338300000000000045e-01
1.477681678838664055e+09 1.339100000000000013e-01
1.477681678952172041e+09 1.337399999999999978e-01
1.477681679064841986e+09 1.338000000000000023e-01
1.477681679178153038e+09 1.337700000000000000e-01
1.477681679290853977e+09 1.336199999999999888e-01
1.477681679404335976e+09 1.337500000000000078e-01
1.477681679516817093e+09 1.337099999999999955e-01
1.477681679630284071e+09 1.337800000000000100e-01
1.477681679742831945e+09 1.336700000000000110e-01
1.477681679856436014e+09 1.338199999999999945e-01
1.477681679969029903e+09 1.336700000000000110e-01
1.477681680081563950e+09 1.336799999999999933e-01
1.477681680195089102e+09 1.338100000000000123e-01
1.477681680307563066e+09 1.337700000000000000e-01
1.477681680421142101e+09 1.338000000000000023e-01
1.477681680533622980e+09 1.338300000000000045e-01
1.477681680647187948e+09 1.337500000000000078e-01
1.477681680759700060e+09 1.338000000000000023e-01
1.477681680873394966e+09 1.335600000000000120e-01
1.477681680985833883e+09 1.338300000000000045e-01
1.477681681099471092e+09 1.337000000000000133e-01
1.477681681211901903e+09 1.337000000000000133e-01
1.477681681325434923e+09 1.336900000000000033e-01
1.477681681437927961e+09 1.337000000000000133e-01
1.477681681551528931e+09 1.337000000000000133e-01
1.477681681665098906e+09 1.337099999999999955e-01
1.477681681777633905e+09 1.337399999999999978e-01
1.477681681890297890e+09 1.337000000000000133e-01
1.477681682003791094e+09 1.336799999999999933e-01
1.477681682116329908e+09 1.336600000000000010e-01
1.477681682229811907e+09 1.337099999999999955e-01
1.477681682342278957e+09 1.336799999999999933e-01
1.477681682455909014e+09 1.336700000000000110e-01
1.477681682569432020e+09 1.338000000000000023e-01
1.477681682680982113e+09 1.337800000000000100e-01
1.477681682794477940e+09 1.337700000000000000e-01
1.477681682908238888e+09 1.337000000000000133e-01
1.477681683020736933e+09 1.337399999999999978e-01
1.477681683133090973e+09 1.337099999999999955e-01
1.477681683246598959e+09 1.338300000000000045e-01
1.477681683360167980e+09 1.337700000000000000e-01
1.477681683472749949e+09 1.337899999999999923e-01
1.477681683585238934e+09 1.337000000000000133e-01
1.477681683698834896e+09 1.337200000000000055e-01
1.477681683811372042e+09 1.336900000000000033e-01
1.477681683924813032e+09 1.337000000000000133e-01
1.477681684037525892e+09 1.337700000000000000e-01
1.477681684150913000e+09 1.337000000000000133e-01
1.477681684263712883e+09 1.336799999999999933e-01
1.477681684377068996e+09 1.337700000000000000e-01
1.477681684489787102e+09 1.337500000000000078e-01
1.477681684603204966e+09 1.336600000000000010e-01
1.477681684715595007e+09 1.336499999999999910e-01
1.477681684829212904e+09 1.337500000000000078e-01
1.477681684941731930e+09 1.336900000000000033e-01
1.477681685055411100e+09 1.335500000000000020e-01
1.477681685167753935e+09 1.338100000000000123e-01
1.477681685281409979e+09 1.336600000000000010e-01
1.477681685394021034e+09 1.336600000000000010e-01
1.477681685507554054e+09 1.337200000000000055e-01
1.477681685619942904e+09 1.337200000000000055e-01
1.477681685733477116e+09 1.337700000000000000e-01
1.477681685846092939e+09 1.337099999999999955e-01
1.477681685959539890e+09 1.336299999999999988e-01
1.477681686072236061e+09 1.338000000000000023e-01
1.477681686184710979e+09 1.337200000000000055e-01
1.477681686298182011e+09 1.337500000000000078e-01
1.477681686410773993e+09 1.337099999999999955e-01
1.477681686524427891e+09 1.337500000000000078e-01
1.477681686636821032e+09 1.337399999999999978e-01
1.477681686750392914e+09 1.337000000000000133e-01
1.477681686862914085e+09 1.337200000000000055e-01
1.477681686976531982e+09 1.336600000000000010e-01
1.477681687088996887e+09 1.337099999999999955e-01
1.477681687202543020e+09 1.336499999999999910e-01
1.477681687315197945e+09 1.335800000000000043e-01
1.477681687428631067e+09 1.337299999999999878e-01
1.477681687541148901e+09 1.336600000000000010e-01
1.477681687654644966e+09 1.336700000000000110e-01
1.477681687767246008e+09 1.338399999999999868e-01
1.477681687880865097e+09 1.337299999999999878e-01
1.477681687993339062e+09 1.337200000000000055e-01
1.477681688106937885e+09 1.336600000000000010e-01
1.477681688219559908e+09 1.337800000000000100e-01
1.477681688332911015e+09 1.337599999999999900e-01
1.477681688445585012e+09 1.337700000000000000e-01
1.477681688559093952e+09 1.337299999999999878e-01
1.477681688671530008e+09 1.337800000000000100e-01
1.477681688785336018e+09 1.336799999999999933e-01
1.477681688898926020e+09 1.337700000000000000e-01
1.477681689010210037e+09 1.336600000000000010e-01
1.477681689123707056e+09 1.338100000000000123e-01
1.477681689237385035e+09 1.337099999999999955e-01
1.477681689350069046e+09 1.337500000000000078e-01
1.477681689462505102e+09 1.336400000000000088e-01
1.477681689575829983e+09 1.336799999999999933e-01
1.477681689688553095e+09 1.336199999999999888e-01
1.477681689801964998e+09 1.336900000000000033e-01
1.477681689914544106e+09 1.337099999999999955e-01
1.477681690028019905e+09 1.337899999999999923e-01
1.477681690140646935e+09 1.336199999999999888e-01
1.477681690254106998e+09 1.337500000000000078e-01
1.477681690366712093e+09 1.336400000000000088e-01
1.477681690480314016e+09 1.336700000000000110e-01
1.477681690592988968e+09 1.337299999999999878e-01
1.477681690706279993e+09 1.337200000000000055e-01
1.477681690818926096e+09 1.336900000000000033e-01
1.477681690932502031e+09 1.337200000000000055e-01
1.477681691045109034e+09 1.336900000000000033e-01
1.477681691158618927e+09 1.336400000000000088e-01
1.477681691271022081e+09 1.337200000000000055e-01
1.477681691384548903e+09 1.337399999999999978e-01
1.477681691497145891e+09 1.337599999999999900e-01
1.477681691610939026e+09 1.337299999999999878e-01
1.477681691723159075e+09 1.337800000000000100e-01
1.477681691836858034e+09 1.338199999999999945e-01
1.477681691949275970e+09 1.337899999999999923e-01
1.477681692061881065e+09 1.337800000000000100e-01
1.477681692175374985e+09 1.337599999999999900e-01
1.477681692288923025e+09 1.337000000000000133e-01
1.477681692401479006e+09 1.337700000000000000e-01
1.477681692514008045e+09 1.338300000000000045e-01
1.477681692627785921e+09 1.337299999999999878e-01
1.477681692741158962e+09 1.336199999999999888e-01
1.477681692853724003e+09 1.336799999999999933e-01
1.477681692966243982e+09 1.336100000000000065e-01
1.477681693079670906e+09 1.337399999999999978e-01
1.477681693192286968e+09 1.336900000000000033e-01
1.477681693305917025e+09 1.337000000000000133e-01
1.477681693418339014e+09 1.337299999999999878e-01
1.477681693531944036e+09 1.337200000000000055e-01
1.477681693644370079e+09 1.337200000000000055e-01
1.477681693758050919e+09 1.337200000000000055e-01
1.477681693870594025e+09 1.337000000000000133e-01
1.477681693984039068e+09 1.336700000000000110e-01
1.477681694096540928e+09 1.337800000000000100e-01
1.477681694210236073e+09 1.337099999999999955e-01
1.477681694322877884e+09 1.338000000000000023e-01
1.477681694436280966e+09 1.336400000000000088e-01
1.477681694548916101e+09 1.338100000000000123e-01
1.477681694662303925e+09 1.337299999999999878e-01
1.477681694774801970e+09 1.337899999999999923e-01
1.477681694888504028e+09 1.336299999999999988e-01
1.477681695000910044e+09 1.336299999999999988e-01
1.477681695114500046e+09 1.336700000000000110e-01
1.477681695227061987e+09 1.337099999999999955e-01
1.477681695340457916e+09 1.337000000000000133e-01
1.477681695452996016e+09 1.336700000000000110e-01
1.477681695565603018e+09 1.336700000000000110e-01
1.477681695679260969e+09 1.337200000000000055e-01
1.477681695791939020e+09 1.336900000000000033e-01
1.477681695905407906e+09 1.337399999999999978e-01
1.477681696018047094e+09 1.337399999999999978e-01
1.477681696131263018e+09 1.337800000000000100e-01
1.477681696244049072e+09 1.336900000000000033e-01
1.477681696357538939e+09 1.337299999999999878e-01
1.477681696470092058e+09 1.336700000000000110e-01
1.477681696583673000e+09 1.337299999999999878e-01
1.477681696696113110e+09 1.336600000000000010e-01
1.477681696809639931e+09 1.336499999999999910e-01
1.477681696923119068e+09 1.337200000000000055e-01
1.477681697035607100e+09 1.337299999999999878e-01
1.477681697148335934e+09 1.337200000000000055e-01
1.477681697261816025e+09 1.336499999999999910e-01
1.477681697374362946e+09 1.336400000000000088e-01
1.477681697487759113e+09 1.336600000000000010e-01
1.477681697600361109e+09 1.337500000000000078e-01
1.477681697714000940e+09 1.337700000000000000e-01
1.477681697827421904e+09 1.336499999999999910e-01
1.477681697939980030e+09 1.336799999999999933e-01
1.477681698052601099e+09 1.336900000000000033e-01
1.477681698166052103e+09 1.337599999999999900e-01
1.477681698278740883e+09 1.337399999999999978e-01
1.477681698391113997e+09 1.337200000000000055e-01
1.477681698504616022e+09 1.336400000000000088e-01
1.477681698618196011e+09 1.337299999999999878e-01
1.477681698730724096e+09 1.335800000000000043e-01
1.477681698844228029e+09 1.338300000000000045e-01
1.477681698956893921e+09 1.337700000000000000e-01
1.477681699070336103e+09 1.337200000000000055e-01
1.477681699182868958e+09 1.336100000000000065e-01
1.477681699295362949e+09 1.337299999999999878e-01
1.477681699408931971e+09 1.336199999999999888e-01
1.477681699521560907e+09 1.337200000000000055e-01
1.477681699635010004e+09 1.337099999999999955e-01
1.477681699747685909e+09 1.336400000000000088e-01
1.477681699861048937e+09 1.337200000000000055e-01
1.477681699973665953e+09 1.336499999999999910e-01
1.477681700087311983e+09 1.337399999999999978e-01
1.477681700199737072e+09 1.336900000000000033e-01
1.477681700313290119e+09 1.337099999999999955e-01
1.477681700425957918e+09 1.337099999999999955e-01
1.477681700539469957e+09 1.337000000000000133e-01
1.477681700651989937e+09 1.337200000000000055e-01
1.477681700765414953e+09 1.337099999999999955e-01
1.477681700877959013e+09 1.337599999999999900e-01
1.477681700991576910e+09 1.336700000000000110e-01
1.477681701104263067e+09 1.336900000000000033e-01
1.477681701217545033e+09 1.337299999999999878e-01
1.477681701330105066e+09 1.337899999999999923e-01
1.477681701443648100e+09 1.338100000000000123e-01
1.477681701556265116e+09 1.337099999999999955e-01
1.477681701669715881e+09 1.335699999999999943e-01
1.477681701782264948e+09 1.336700000000000110e-01
1.477681701895055056e+09 1.337599999999999900e-01
1.477681702008351088e+09 1.336799999999999933e-01
1.477681702120887041e+09 1.337899999999999923e-01
1.477681702234746933e+09 1.337700000000000000e-01
1.477681702347982883e+09 1.336499999999999910e-01
1.477681702460516930e+09 1.336700000000000110e-01
1.477681702573213100e+09 1.337599999999999900e-01
1.477681702686635017e+09 1.337299999999999878e-01
1.477681702799149036e+09 1.337000000000000133e-01
1.477681702912674904e+09 1.335899999999999865e-01
1.477681703025232077e+09 1.337500000000000078e-01
1.477681703138724089e+09 1.337500000000000078e-01
1.477681703252300978e+09 1.336900000000000033e-01
1.477681703364794970e+09 1.337099999999999955e-01
1.477681703477529049e+09 1.337399999999999978e-01
1.477681703590997934e+09 1.336499999999999910e-01
1.477681703703401089e+09 1.336600000000000010e-01
1.477681703816979885e+09 1.337500000000000078e-01
1.477681703929558992e+09 1.336799999999999933e-01
1.477681704043035030e+09 1.336199999999999888e-01
1.477681704156748056e+09 1.337200000000000055e-01
1.477681704268177986e+09 1.337200000000000055e-01
1.477681704381777048e+09 1.337399999999999978e-01
1.477681704495341063e+09 1.337000000000000133e-01
1.477681704607817888e+09 1.336600000000000010e-01
1.477681704720432043e+09 1.336600000000000010e-01
1.477681704833864927e+09 1.336600000000000010e-01
1.477681704947385073e+09 1.337200000000000055e-01
1.477681705060009956e+09 1.336299999999999988e-01
1.477681705172441006e+09 1.336900000000000033e-01
1.477681705286150932e+09 1.336799999999999933e-01
1.477681705398603916e+09 1.336900000000000033e-01
1.477681705512150049e+09 1.337099999999999955e-01
1.477681705624690056e+09 1.336700000000000110e-01
1.477681705738226891e+09 1.336600000000000010e-01
1.477681705850739002e+09 1.337000000000000133e-01
1.477681705964476109e+09 1.336499999999999910e-01
1.477681706076888084e+09 1.336199999999999888e-01
1.477681706190326929e+09 1.337599999999999900e-01
1.477681706302938938e+09 1.337299999999999878e-01
1.477681706416402102e+09 1.338000000000000023e-01
1.477681706529050112e+09 1.337899999999999923e-01
1.477681706642611027e+09 1.337800000000000100e-01
1.477681706755099058e+09 1.337000000000000133e-01
1.477681706868690014e+09 1.336799999999999933e-01
1.477681706981132030e+09 1.336400000000000088e-01
1.477681707094759941e+09 1.336900000000000033e-01
1.477681707207242966e+09 1.337000000000000133e-01
1.477681707320750952e+09 1.336400000000000088e-01
1.477681707433324099e+09 1.336199999999999888e-01
1.477681707546906948e+09 1.338399999999999868e-01
1.477681707659462929e+09 1.336799999999999933e-01
1.477681707771939993e+09 1.336100000000000065e-01
1.477681707885503054e+09 1.336499999999999910e-01
1.477681707999041080e+09 1.336700000000000110e-01
1.477681708111630917e+09 1.337700000000000000e-01
1.477681708225128889e+09 1.337000000000000133e-01
1.477681708337661982e+09 1.336799999999999933e-01
1.477681708450229883e+09 1.337399999999999978e-01
1.477681708563842058e+09 1.336299999999999988e-01
1.477681708677253008e+09 1.337599999999999900e-01
1.477681708789839983e+09 1.337299999999999878e-01
1.477681708902318001e+09 1.336799999999999933e-01
1.477681709015893936e+09 1.338000000000000023e-01
1.477681709128679991e+09 1.337599999999999900e-01
1.477681709242033958e+09 1.337099999999999955e-01
1.477681709354540110e+09 1.337299999999999878e-01
1.477681709468111992e+09 1.335899999999999865e-01
1.477681709580661058e+09 1.336400000000000088e-01
1.477681709694144964e+09 1.337000000000000133e-01
1.477681709806777954e+09 1.335800000000000043e-01
1.477681709920583963e+09 1.336499999999999910e-01
1.477681710033088923e+09 1.338000000000000023e-01
1.477681710146401882e+09 1.337099999999999955e-01
1.477681710258830070e+09 1.336299999999999988e-01
1.477681710372478008e+09 1.336900000000000033e-01
1.477681710485935926e+09 1.336799999999999933e-01
1.477681710598426104e+09 1.337000000000000133e-01
1.477681710711122990e+09 1.336799999999999933e-01
1.477681710824542999e+09 1.336700000000000110e-01
1.477681710937196970e+09 1.335999999999999965e-01
1.477681711049824953e+09 1.337399999999999978e-01
1.477681711163197041e+09 1.337200000000000055e-01
1.477681711275768042e+09 1.337099999999999955e-01
1.477681711389236927e+09 1.337500000000000078e-01
1.477681711501802921e+09 1.336900000000000033e-01
1.477681711615331888e+09 1.336299999999999988e-01
1.477681711728931904e+09 1.336499999999999910e-01
1.477681711841542006e+09 1.336700000000000110e-01
1.477681711954133987e+09 1.335999999999999965e-01
1.477681712067688942e+09 1.337899999999999923e-01
1.477681712180083036e+09 1.336100000000000065e-01
1.477681712293615103e+09 1.337200000000000055e-01
1.477681712406117916e+09 1.336299999999999988e-01
1.477681712519752026e+09 1.336400000000000088e-01
1.477681712632396936e+09 1.336600000000000010e-01
1.477681712745865107e+09 1.335999999999999965e-01
1.477681712858422995e+09 1.336600000000000010e-01
1.477681712971940994e+09 1.336299999999999988e-01
1.477681713084490061e+09 1.336600000000000010e-01
1.477681713198223114e+09 1.335999999999999965e-01
1.477681713310595989e+09 1.336299999999999988e-01
1.477681713424258947e+09 1.336600000000000010e-01
1.477681713536679983e+09 1.336400000000000088e-01
1.477681713650208950e+09 1.337000000000000133e-01
1.477681713762737036e+09 1.337800000000000100e-01
1.477681713876204967e+09 1.337200000000000055e-01
1.477681713988650084e+09 1.336199999999999888e-01
1.477681714102478981e+09 1.336299999999999988e-01
1.477681714214903116e+09 1.336499999999999910e-01
1.477681714328391075e+09 1.337700000000000000e-01
1.477681714441164970e+09 1.338100000000000123e-01
1.477681714554682016e+09 1.335399999999999920e-01
1.477681714666805029e+09 1.338000000000000023e-01
1.477681714779795885e+09 1.337800000000000100e-01
1.477681714893296003e+09 1.336199999999999888e-01
1.477681715006711006e+09 1.337099999999999955e-01
1.477681715119371891e+09 1.337500000000000078e-01
1.477681715231803894e+09 1.335800000000000043e-01
1.477681715345273972e+09 1.337000000000000133e-01
1.477681715457649946e+09 1.337000000000000133e-01
1.477681715571186066e+09 1.336900000000000033e-01
1.477681715683890104e+09 1.336600000000000010e-01
1.477681715797333956e+09 1.337399999999999978e-01
1.477681715909893036e+09 1.337599999999999900e-01
1.477681716023363113e+09 1.337000000000000133e-01
1.477681716135900021e+09 1.336600000000000010e-01
1.477681716249454975e+09 1.337099999999999955e-01
1.477681716362036943e+09 1.337099999999999955e-01
1.477681716475522041e+09 1.336199999999999888e-01
1.477681716588268042e+09 1.335399999999999920e-01
1.477681716701730013e+09 1.336400000000000088e-01
1.477681716814274073e+09 1.336700000000000110e-01
1.477681716927778006e+09 1.336100000000000065e-01
1.477681717040200949e+09 1.335999999999999965e-01
1.477681717153901100e+09 1.335899999999999865e-01
1.477681717266423941e+09 1.337399999999999978e-01
1.477681717378856897e+09 1.336299999999999988e-01
1.477681717492374897e+09 1.336499999999999910e-01
1.477681717605128050e+09 1.336900000000000033e-01
1.477681717718436956e+09 1.335999999999999965e-01
1.477681717831073999e+09 1.336900000000000033e-01
1.477681717944638968e+09 1.336100000000000065e-01
1.477681718058026075e+09 1.335999999999999965e-01
1.477681718170602083e+09 1.337000000000000133e-01
1.477681718283211946e+09 1.336199999999999888e-01
1.477681718396959066e+09 1.336700000000000110e-01
1.477681718509455919e+09 1.336199999999999888e-01
1.477681718622926950e+09 1.337000000000000133e-01
1.477681718735399961e+09 1.335699999999999943e-01
1.477681718848839045e+09 1.335899999999999865e-01
1.477681718961644888e+09 1.335999999999999965e-01
1.477681719075088024e+09 1.337599999999999900e-01
1.477681719187514067e+09 1.336400000000000088e-01
1.477681719301064014e+09 1.337099999999999955e-01
1.477681719413600922e+09 1.336600000000000010e-01
1.477681719527173996e+09 1.335899999999999865e-01
1.477681719639725924e+09 1.337500000000000078e-01
1.477681719753201962e+09 1.336299999999999988e-01
1.477681719865839958e+09 1.337099999999999955e-01
1.477681719978296995e+09 1.337099999999999955e-01
1.477681720091887951e+09 1.336799999999999933e-01
1.477681720205332041e+09 1.336900000000000033e-01
1.477681720317845106e+09 1.336299999999999988e-01
1.477681720430404902e+09 1.335999999999999965e-01
1.477681720543989897e+09 1.337299999999999878e-01
1.477681720657553911e+09 1.338300000000000045e-01
1.477681720770030022e+09 1.337700000000000000e-01
