1.477682589711039066e+09 1.347299999999999887e-01
1.477682589798568010e+09 1.348000000000000032e-01
1.477682589911264896e+09 1.347500000000000087e-01
1.477682590024714947e+09 1.346900000000000042e-01
1.477682590137296915e+09 1.346700000000000119e-01
1.477682590250870943e+09 1.348199999999999954e-01
1.477682590363296032e+09 1.348399999999999876e-01
1.477682590476857901e+09 1.347200000000000064e-01
1.477682590589349985e+09 1.347599999999999909e-01
1.477682590702841997e+09 1.347899999999999932e-01
1.477682590815462112e+09 1.346900000000000042e-01
1.477682590927984953e+09 1.347299999999999887e-01
1.477682591041448116e+09 1.347299999999999887e-01
1.477682591155169964e+09 1.348000000000000032e-01
1.477682591267606020e+09 1.347099999999999964e-01
1.477682591380076885e+09 1.347399999999999987e-01
1.477682591493882895e+09 1.346799999999999942e-01
1.477682591607392073e+09 1.346999999999999864e-01
1.477682591719911098e+09 1.347399999999999987e-01
1.477682591832483053e+09 1.347200000000000064e-01
1.477682591945808887e+09 1.347599999999999909e-01
1.477682592058510065e+09 1.346499999999999919e-01
1.477682592171966076e+09 1.347299999999999887e-01
1.477682592284308910e+09 1.347899999999999932e-01
1.477682592397943020e+09 1.347899999999999932e-01
1.477682592510704041e+09 1.347200000000000064e-01
1.477682592624245882e+09 1.347200000000000064e-01
1.477682592736671925e+09 1.348399999999999876e-01
1.477682592850188971e+09 1.348399999999999876e-01
1.477682592962619066e+09 1.347700000000000009e-01
1.477682593076149940e+09 1.347200000000000064e-01
1.477682593188654900e+09 1.346600000000000019e-01
1.477682593302427053e+09 1.347899999999999932e-01
1.477682593414916039e+09 1.347500000000000087e-01
1.477682593528445959e+09 1.347500000000000087e-01
1.477682593640778065e+09 1.347099999999999964e-01
1.477682593754390955e+09 1.347299999999999887e-01
1.477682593867104053e+09 1.347099999999999964e-01
1.477682593980716944e+09 1.346499999999999919e-01
1.477682594092995882e+09 1.346999999999999864e-01
1.477682594206712008e+09 1.346999999999999864e-01
1.477682594319263935e+09 1.347399999999999987e-01
1.477682594431648970e+09 1.346700000000000119e-01
1.477682594545133114e+09 1.346600000000000019e-01
1.477682594657922983e+09 1.347700000000000009e-01
1.477682594771375895e+09 1.348100000000000132e-01
1.477682594885072947e+09 1.347299999999999887e-01
1.477682594997462034e+09 1.346900000000000042e-01
1.477682595109786034e+09 1.346999999999999864e-01
1.477682595223541021e+09 1.347800000000000109e-01
1.477682595336148977e+09 1.346199999999999897e-01
1.477682595449697971e+09 1.347599999999999909e-01
1.477682595562167883e+09 1.346400000000000097e-01
1.477682595675534964e+09 1.347299999999999887e-01
1.477682595788244009e+09 1.346499999999999919e-01
1.477682595901829958e+09 1.347399999999999987e-01
1.477682596014162064e+09 1.347599999999999909e-01
1.477682596127720118e+09 1.347899999999999932e-01
1.477682596240428925e+09 1.347800000000000109e-01
1.477682596353945971e+09 1.348399999999999876e-01
1.477682596466655970e+09 1.346400000000000097e-01
1.477682596580049992e+09 1.347200000000000064e-01
1.477682596692590952e+09 1.346700000000000119e-01
1.477682596806118965e+09 1.346700000000000119e-01
1.477682596918646097e+09 1.347299999999999887e-01
1.477682597032160044e+09 1.346999999999999864e-01
1.477682597144768000e+09 1.346299999999999997e-01
1.477682597258244991e+09 1.347200000000000064e-01
1.477682597370960951e+09 1.347299999999999887e-01
1.477682597484391928e+09 1.347500000000000087e-01
1.477682597596863031e+09 1.347899999999999932e-01
1.477682597709297895e+09 1.346199999999999897e-01
1.477682597823028088e+09 1.348000000000000032e-01
1.477682597935623884e+09 1.346400000000000097e-01
1.477682598049192905e+09 1.346900000000000042e-01
1.477682598161580086e+09 1.346299999999999997e-01
1.477682598274976015e+09 1.347899999999999932e-01
1.477682598388844013e+09 1.347099999999999964e-01
1.477682598501214027e+09 1.347500000000000087e-01
1.477682598613899946e+09 1.347200000000000064e-01
1.477682598727339029e+09 1.347399999999999987e-01
1.477682598839968920e+09 1.347299999999999887e-01
1.477682598953399897e+09 1.347500000000000087e-01
1.477682599066068888e+09 1.347299999999999887e-01
1.477682599179555893e+09 1.346999999999999864e-01
1.477682599292047024e+09 1.347299999999999887e-01
1.477682599405580997e+09 1.347299999999999887e-01
1.477682599518129110e+09 1.346499999999999919e-01
1.477682599631793022e+09 1.347200000000000064e-01
1.477682599744354963e+09 1.346400000000000097e-01
1.477682599857671976e+09 1.347500000000000087e-01
1.477682599970401049e+09 1.347899999999999932e-01
1.477682600083873987e+09 1.347099999999999964e-01
1.477682600196374893e+09 1.347500000000000087e-01
1.477682600308847904e+09 1.346900000000000042e-01
1.477682600422563076e+09 1.347099999999999964e-01
1.477682600536025047e+09 1.347899999999999932e-01
1.477682600648554087e+09 1.346600000000000019e-01
1.477682600761255980e+09 1.346799999999999942e-01
1.477682600874744892e+09 1.346700000000000119e-01
1.477682600988266945e+09 1.347800000000000109e-01
1.477682601100677967e+09 1.347299999999999887e-01
1.477682601213313103e+09 1.347299999999999887e-01
1.477682601326771021e+09 1.346400000000000097e-01
1.477682601440303087e+09 1.346799999999999942e-01
1.477682601552818060e+09 1.346900000000000042e-01
1.477682601665294886e+09 1.346600000000000019e-01
1.477682601778948069e+09 1.347500000000000087e-01
1.477682601891479015e+09 1.347500000000000087e-01
1.477682602004832983e+09 1.348300000000000054e-01
1.477682602117537022e+09 1.346299999999999997e-01
1.477682602231091976e+09 1.347099999999999964e-01
1.477682602343683004e+09 1.346299999999999997e-01
1.477682602457180023e+09 1.347700000000000009e-01
1.477682602569799900e+09 1.346700000000000119e-01
1.477682602683295965e+09 1.347500000000000087e-01
1.477682602795909882e+09 1.347599999999999909e-01
1.477682602909543037e+09 1.347099999999999964e-01
1.477682603021888971e+09 1.346499999999999919e-01
1.477682603135742903e+09 1.347200000000000064e-01
1.477682603247899055e+09 1.346600000000000019e-01
1.477682603361314058e+09 1.347599999999999909e-01
1.477682603473969936e+09 1.346400000000000097e-01
1.477682603587503910e+09 1.346499999999999919e-01
1.477682603700187922e+09 1.346799999999999942e-01
1.477682603812699080e+09 1.346900000000000042e-01
1.477682603926398039e+09 1.347299999999999887e-01
1.477682604038537979e+09 1.346999999999999864e-01
1.477682604152204990e+09 1.347299999999999887e-01
1.477682604264733076e+09 1.346499999999999919e-01
1.477682604378364086e+09 1.347500000000000087e-01
1.477682604490911961e+09 1.348300000000000054e-01
1.477682604604490042e+09 1.346900000000000042e-01
1.477682604717828035e+09 1.346499999999999919e-01
1.477682604830379009e+09 1.346700000000000119e-01
1.477682604943030119e+09 1.347299999999999887e-01
1.477682605056416988e+09 1.345999999999999974e-01
1.477682605169007063e+09 1.347099999999999964e-01
1.477682605282846928e+09 1.346600000000000019e-01
1.477682605395262003e+09 1.347200000000000064e-01
1.477682605508780003e+09 1.348000000000000032e-01
1.477682605621402025e+09 1.346799999999999942e-01
1.477682605735033035e+09 1.346700000000000119e-01
1.477682605847415924e+09 1.345999999999999974e-01
1.477682605961096048e+09 1.346799999999999942e-01
1.477682606073641062e+09 1.347399999999999987e-01
1.477682606187000036e+09 1.347800000000000109e-01
1.477682606299582958e+09 1.346799999999999942e-01
1.477682606413083076e+09 1.346499999999999919e-01
1.477682606525695086e+09 1.346299999999999997e-01
1.477682606638241053e+09 1.346400000000000097e-01
1.477682606751725912e+09 1.347599999999999909e-01
1.477682606865291119e+09 1.347299999999999887e-01
1.477682606977747917e+09 1.347200000000000064e-01
1.477682607090441942e+09 1.346600000000000019e-01
1.477682607203845024e+09 1.347399999999999987e-01
1.477682607317523956e+09 1.346499999999999919e-01
1.477682607430161953e+09 1.345300000000000107e-01
1.477682607542541027e+09 1.346600000000000019e-01
1.477682607656021118e+09 1.347099999999999964e-01
1.477682607769617081e+09 1.346999999999999864e-01
1.477682607882154942e+09 1.345600000000000129e-01
1.477682607994558096e+09 1.346999999999999864e-01
1.477682608108211994e+09 1.347899999999999932e-01
1.477682608221688986e+09 1.346999999999999864e-01
1.477682608334278107e+09 1.347800000000000109e-01
1.477682608446629047e+09 1.348799999999999999e-01
1.477682608560429096e+09 1.347899999999999932e-01
1.477682608672919989e+09 1.346600000000000019e-01
1.477682608786474943e+09 1.347500000000000087e-01
1.477682608899030924e+09 1.348100000000000132e-01
1.477682609012722969e+09 1.347299999999999887e-01
1.477682609124948978e+09 1.345999999999999974e-01
1.477682609238625050e+09 1.347599999999999909e-01
1.477682609351233006e+09 1.346700000000000119e-01
1.477682609464782000e+09 1.346799999999999942e-01
1.477682609577102900e+09 1.346499999999999919e-01
1.477682609690896988e+09 1.347500000000000087e-01
1.477682609803302050e+09 1.347399999999999987e-01
1.477682609916734934e+09 1.347700000000000009e-01
1.477682610029413939e+09 1.347800000000000109e-01
1.477682610142026901e+09 1.345800000000000052e-01
1.477682610255378008e+09 1.346700000000000119e-01
1.477682610369075060e+09 1.345500000000000029e-01
1.477682610481471062e+09 1.347599999999999909e-01
1.477682610595398903e+09 1.346799999999999942e-01
1.477682610707700014e+09 1.346999999999999864e-01
1.477682610820255995e+09 1.346600000000000019e-01
1.477682610933608055e+09 1.346700000000000119e-01
1.477682611046211004e+09 1.346299999999999997e-01
1.477682611159698009e+09 1.346700000000000119e-01
1.477682611272449017e+09 1.346999999999999864e-01
1.477682611386017084e+09 1.348199999999999954e-01
1.477682611498430967e+09 1.347800000000000109e-01
1.477682611611941099e+09 1.347899999999999932e-01
1.477682611724630117e+09 1.346600000000000019e-01
1.477682611837994099e+09 1.346799999999999942e-01
1.477682611950536013e+09 1.346799999999999942e-01
1.477682612064344883e+09 1.346400000000000097e-01
1.477682612176712990e+09 1.347599999999999909e-01
1.477682612290265083e+09 1.347599999999999909e-01
1.477682612402825117e+09 1.347500000000000087e-01
1.477682612516316891e+09 1.346600000000000019e-01
1.477682612628870010e+09 1.347099999999999964e-01
1.477682612742356062e+09 1.347200000000000064e-01
1.477682612854921103e+09 1.346999999999999864e-01
1.477682612967545986e+09 1.347099999999999964e-01
1.477682613081070900e+09 1.347299999999999887e-01
1.477682613194413900e+09 1.348100000000000132e-01
1.477682613307014942e+09 1.347500000000000087e-01
1.477682613419574976e+09 1.346900000000000042e-01
1.477682613533097982e+09 1.346199999999999897e-01
1.477682613646836996e+09 1.347200000000000064e-01
1.477682613759222984e+09 1.347299999999999887e-01
1.477682613871758938e+09 1.347099999999999964e-01
1.477682613985434055e+09 1.346799999999999942e-01
1.477682614098954916e+09 1.346199999999999897e-01
1.477682614211360931e+09 1.347399999999999987e-01
1.477682614323932886e+09 1.346400000000000097e-01
1.477682614437402010e+09 1.347599999999999909e-01
1.477682614551054955e+09 1.347399999999999987e-01
1.477682614663778067e+09 1.346400000000000097e-01
1.477682614776217937e+09 1.347099999999999964e-01
1.477682614889645100e+09 1.346900000000000042e-01
1.477682615003338099e+09 1.346900000000000042e-01
1.477682615115750074e+09 1.346799999999999942e-01
1.477682615228213072e+09 1.347200000000000064e-01
1.477682615341726065e+09 1.347700000000000009e-01
1.477682615454457998e+09 1.347099999999999964e-01
1.477682615568032980e+09 1.346700000000000119e-01
1.477682615680382967e+09 1.348000000000000032e-01
1.477682615794007063e+09 1.345600000000000129e-01
1.477682615906435966e+09 1.347200000000000064e-01
1.477682616019150972e+09 1.347099999999999964e-01
1.477682616132622004e+09 1.346299999999999997e-01
1.477682616246185064e+09 1.347800000000000109e-01
1.477682616358733892e+09 1.346999999999999864e-01
1.477682616471134901e+09 1.347299999999999887e-01
1.477682616584994078e+09 1.346900000000000042e-01
1.477682616697284937e+09 1.347099999999999964e-01
1.477682616810888052e+09 1.346499999999999919e-01
1.477682616923445940e+09 1.347099999999999964e-01
1.477682617036890030e+09 1.348300000000000054e-01
1.477682617149591923e+09 1.347200000000000064e-01
1.477682617262999058e+09 1.346199999999999897e-01
1.477682617375639915e+09 1.346199999999999897e-01
1.477682617489151001e+09 1.346400000000000097e-01
1.477682617601572037e+09 1.346900000000000042e-01
1.477682617715387106e+09 1.346999999999999864e-01
1.477682617827688932e+09 1.346999999999999864e-01
1.477682617941286087e+09 1.346799999999999942e-01
1.477682618053807974e+09 1.346700000000000119e-01
1.477682618167387009e+09 1.347200000000000064e-01
1.477682618280083895e+09 1.347200000000000064e-01
1.477682618393470049e+09 1.345999999999999974e-01
1.477682618505971909e+09 1.346799999999999942e-01
1.477682618619364977e+09 1.347399999999999987e-01
1.477682618731960058e+09 1.347099999999999964e-01
1.477682618845663071e+09 1.347899999999999932e-01
1.477682618958153963e+09 1.346999999999999864e-01
1.477682619071672916e+09 1.348000000000000032e-01
1.477682619184077978e+09 1.347599999999999909e-01
1.477682619297674894e+09 1.347599999999999909e-01
1.477682619410186052e+09 1.347299999999999887e-01
1.477682619522866964e+09 1.346900000000000042e-01
1.477682619636481047e+09 1.346499999999999919e-01
1.477682619748871088e+09 1.348000000000000032e-01
1.477682619862317085e+09 1.347700000000000009e-01
1.477682619975199938e+09 1.346299999999999997e-01
1.477682620088432074e+09 1.346900000000000042e-01
1.477682620201092005e+09 1.347899999999999932e-01
1.477682620314835072e+09 1.347299999999999887e-01
1.477682620427179098e+09 1.346999999999999864e-01
1.477682620540708065e+09 1.346999999999999864e-01
1.477682620653317928e+09 1.346499999999999919e-01
1.477682620766974926e+09 1.346499999999999919e-01
1.477682620880306005e+09 1.347299999999999887e-01
1.477682620992806911e+09 1.346700000000000119e-01
1.477682621105444908e+09 1.346400000000000097e-01
1.477682621218990088e+09 1.347899999999999932e-01
1.477682621331609964e+09 1.346799999999999942e-01
1.477682621445046902e+09 1.347800000000000109e-01
1.477682621557713985e+09 1.348000000000000032e-01
1.477682621671396971e+09 1.346299999999999997e-01
1.477682621783618927e+09 1.346299999999999997e-01
1.477682621896063089e+09 1.347099999999999964e-01
1.477682622009917974e+09 1.347800000000000109e-01
1.477682622123316050e+09 1.346700000000000119e-01
1.477682622235853910e+09 1.345999999999999974e-01
1.477682622348637104e+09 1.347700000000000009e-01
1.477682622461894989e+09 1.348399999999999876e-01
1.477682622575670004e+09 1.346799999999999942e-01
1.477682622688040972e+09 1.347700000000000009e-01
1.477682622801559925e+09 1.347800000000000109e-01
1.477682622914166927e+09 1.347299999999999887e-01
1.477682623026638031e+09 1.346700000000000119e-01
1.477682623140357018e+09 1.346700000000000119e-01
1.477682623252743006e+09 1.346600000000000019e-01
1.477682623366260052e+09 1.346400000000000097e-01
1.477682623478852034e+09 1.346700000000000119e-01
1.477682623592289925e+09 1.347800000000000109e-01
1.477682623704838991e+09 1.347800000000000109e-01
1.477682623818634987e+09 1.346700000000000119e-01
1.477682623930979967e+09 1.346199999999999897e-01
1.477682624044749975e+09 1.347299999999999887e-01
1.477682624157210112e+09 1.346299999999999997e-01
1.477682624270616055e+09 1.347200000000000064e-01
1.477682624383146048e+09 1.347899999999999932e-01
1.477682624496670961e+09 1.347599999999999909e-01
1.477682624609267950e+09 1.347299999999999887e-01
1.477682624722727060e+09 1.346199999999999897e-01
1.477682624835381031e+09 1.346700000000000119e-01
1.477682624948688984e+09 1.347500000000000087e-01
1.477682625061361074e+09 1.347599999999999909e-01
1.477682625175121069e+09 1.347099999999999964e-01
1.477682625287322998e+09 1.346700000000000119e-01
1.477682625401019096e+09 1.347299999999999887e-01
1.477682625513541937e+09 1.347500000000000087e-01
1.477682625627553940e+09 1.347399999999999987e-01
1.477682625739630938e+09 1.346499999999999919e-01
1.477682625853143930e+09 1.347899999999999932e-01
1.477682625965796947e+09 1.347399999999999987e-01
1.477682626078144073e+09 1.347299999999999887e-01
1.477682626191720963e+09 1.346799999999999942e-01
1.477682626305313110e+09 1.346799999999999942e-01
1.477682626417723894e+09 1.346199999999999897e-01
1.477682626530278921e+09 1.347599999999999909e-01
1.477682626643894911e+09 1.347700000000000009e-01
1.477682626757499933e+09 1.346900000000000042e-01
1.477682626870054007e+09 1.347800000000000109e-01
1.477682626982742071e+09 1.347200000000000064e-01
1.477682627096075058e+09 1.347299999999999887e-01
1.477682627209640026e+09 1.347500000000000087e-01
1.477682627322227955e+09 1.347899999999999932e-01
1.477682627434667110e+09 1.346900000000000042e-01
1.477682627548154116e+09 1.348000000000000032e-01
1.477682627660825014e+09 1.346600000000000019e-01
1.477682627774286985e+09 1.345800000000000052e-01
1.477682627886900902e+09 1.346900000000000042e-01
1.477682628000480890e+09 1.346799999999999942e-01
1.477682628112960100e+09 1.347099999999999964e-01
1.477682628225513935e+09 1.347599999999999909e-01
1.477682628338920116e+09 1.346700000000000119e-01
1.477682628452754021e+09 1.348199999999999954e-01
1.477682628566195011e+09 1.347599999999999909e-01
1.477682628677875996e+09 1.347599999999999909e-01
1.477682628791157007e+09 1.346600000000000019e-01
1.477682628903690100e+09 1.346900000000000042e-01
1.477682629017359018e+09 1.347200000000000064e-01
1.477682629129688025e+09 1.347299999999999887e-01
1.477682629243495941e+09 1.346999999999999864e-01
1.477682629356965065e+09 1.347299999999999887e-01
1.477682629469525099e+09 1.347800000000000109e-01
1.477682629581878901e+09 1.347099999999999964e-01
1.477682629695550919e+09 1.346900000000000042e-01
1.477682629808305025e+09 1.346700000000000119e-01
1.477682629921775103e+09 1.347299999999999887e-01
1.477682630034149885e+09 1.346600000000000019e-01
1.477682630147830009e+09 1.346600000000000019e-01
1.477682630260255098e+09 1.346799999999999942e-01
1.477682630373780012e+09 1.346499999999999919e-01
1.477682630486363888e+09 1.347800000000000109e-01
1.477682630599731922e+09 1.346999999999999864e-01
1.477682630712332964e+09 1.346799999999999942e-01
1.477682630825952053e+09 1.347200000000000064e-01
1.477682630938494921e+09 1.347200000000000064e-01
1.477682631051879883e+09 1.347299999999999887e-01
1.477682631164551020e+09 1.346100000000000074e-01
1.477682631278105974e+09 1.347500000000000087e-01
1.477682631390641928e+09 1.345800000000000052e-01
1.477682631504160881e+09 1.346600000000000019e-01
1.477682631616561890e+09 1.346999999999999864e-01
1.477682631730232954e+09 1.346999999999999864e-01
1.477682631842797995e+09 1.346600000000000019e-01
1.477682631955387115e+09 1.347700000000000009e-01
1.477682632069010973e+09 1.347200000000000064e-01
1.477682632181595087e+09 1.346199999999999897e-01
1.477682632294987917e+09 1.347599999999999909e-01
1.477682632407412052e+09 1.347800000000000109e-01
1.477682632521181107e+09 1.346999999999999864e-01
1.477682632633579969e+09 1.347200000000000064e-01
1.477682632747014046e+09 1.346999999999999864e-01
1.477682632859783888e+09 1.347099999999999964e-01
1.477682632973360062e+09 1.346700000000000119e-01
1.477682633085740089e+09 1.348100000000000132e-01
1.477682633199261904e+09 1.347299999999999887e-01
1.477682633311980963e+09 1.346900000000000042e-01
1.477682633425246954e+09 1.346100000000000074e-01
1.477682633537844896e+09 1.346499999999999919e-01
1.477682633651479006e+09 1.346900000000000042e-01
1.477682633763943911e+09 1.346600000000000019e-01
1.477682633877664089e+09 1.347299999999999887e-01
1.477682633990104914e+09 1.346499999999999919e-01
1.477682634103647947e+09 1.347800000000000109e-01
1.477682634216336012e+09 1.347899999999999932e-01
1.477682634329658985e+09 1.347099999999999964e-01
1.477682634442291021e+09 1.346999999999999864e-01
1.477682634554893017e+09 1.347299999999999887e-01
1.477682634668344975e+09 1.347099999999999964e-01
1.477682634781864882e+09 1.347800000000000109e-01
1.477682634895360947e+09 1.346900000000000042e-01
1.477682635007070065e+09 1.346999999999999864e-01
1.477682635120464087e+09 1.346900000000000042e-01
1.477682635233146906e+09 1.347200000000000064e-01
1.477682635346671104e+09 1.347099999999999964e-01
1.477682635459214926e+09 1.347599999999999909e-01
1.477682635572621107e+09 1.346999999999999864e-01
1.477682635685256958e+09 1.346700000000000119e-01
1.477682635798716068e+09 1.347399999999999987e-01
1.477682635911292076e+09 1.347200000000000064e-01
1.477682636024879932e+09 1.346700000000000119e-01
1.477682636137209892e+09 1.347299999999999887e-01
1.477682636250900030e+09 1.346100000000000074e-01
1.477682636363409996e+09 1.346900000000000042e-01
1.477682636476933002e+09 1.347599999999999909e-01
1.477682636589355946e+09 1.346400000000000097e-01
1.477682636703071117e+09 1.347299999999999887e-01
1.477682636815540075e+09 1.346299999999999997e-01
1.477682636929255009e+09 1.348600000000000076e-01
1.477682637041765928e+09 1.347200000000000064e-01
1.477682637155251980e+09 1.346400000000000097e-01
1.477682637267890930e+09 1.346900000000000042e-01
1.477682637381298065e+09 1.347200000000000064e-01
1.477682637493798018e+09 1.346499999999999919e-01
1.477682637607378006e+09 1.347700000000000009e-01
1.477682637719739914e+09 1.346299999999999997e-01
1.477682637833558083e+09 1.346199999999999897e-01
1.477682637945981026e+09 1.347399999999999987e-01
1.477682638059540033e+09 1.346999999999999864e-01
1.477682638172147989e+09 1.347700000000000009e-01
1.477682638285631895e+09 1.347599999999999909e-01
1.477682638398246050e+09 1.347099999999999964e-01
1.477682638511805058e+09 1.346100000000000074e-01
1.477682638624207020e+09 1.346499999999999919e-01
1.477682638736777067e+09 1.346499999999999919e-01
1.477682638850297928e+09 1.346199999999999897e-01
1.477682638963884115e+09 1.346999999999999864e-01
1.477682639076330900e+09 1.347399999999999987e-01
1.477682639188853025e+09 1.347299999999999887e-01
1.477682639302457094e+09 1.347500000000000087e-01
1.477682639415893078e+09 1.346600000000000019e-01
1.477682639528677940e+09 1.347700000000000009e-01
1.477682639641062975e+09 1.346799999999999942e-01
1.477682639754565001e+09 1.347200000000000064e-01
1.477682639867319107e+09 1.347399999999999987e-01
1.477682639980681896e+09 1.346400000000000097e-01
1.477682640093355894e+09 1.346999999999999864e-01
1.477682640206793070e+09 1.346199999999999897e-01
1.477682640319286108e+09 1.346700000000000119e-01
1.477682640432636976e+09 1.346700000000000119e-01
1.477682640545401096e+09 1.346799999999999942e-01
1.477682640659012079e+09 1.346600000000000019e-01
1.477682640772607088e+09 1.345699999999999952e-01
1.477682640885149956e+09 1.346799999999999942e-01
1.477682640997497082e+09 1.346299999999999997e-01
1.477682641111215115e+09 1.346299999999999997e-01
1.477682641223619938e+09 1.346600000000000019e-01
1.477682641336231947e+09 1.346199999999999897e-01
1.477682641449887991e+09 1.346700000000000119e-01
1.477682641562241077e+09 1.347399999999999987e-01
1.477682641675858021e+09 1.347099999999999964e-01
1.477682641788327932e+09 1.346999999999999864e-01
1.477682641901832104e+09 1.345999999999999974e-01
1.477682642014379025e+09 1.346900000000000042e-01
1.477682642127938986e+09 1.348100000000000132e-01
1.477682642240645885e+09 1.347099999999999964e-01
1.477682642353972912e+09 1.347099999999999964e-01
1.477682642466734886e+09 1.346700000000000119e-01
1.477682642580113888e+09 1.346700000000000119e-01
1.477682642692698956e+09 1.346499999999999919e-01
1.477682642806370974e+09 1.346499999999999919e-01
1.477682642918777943e+09 1.346299999999999997e-01
1.477682643032449961e+09 1.346199999999999897e-01
1.477682643144731998e+09 1.346299999999999997e-01
1.477682643258304119e+09 1.346799999999999942e-01
1.477682643370888948e+09 1.347700000000000009e-01
1.477682643484545946e+09 1.346199999999999897e-01
1.477682643597054958e+09 1.347200000000000064e-01
1.477682643710519075e+09 1.347599999999999909e-01
1.477682643823014021e+09 1.346900000000000042e-01
1.477682643935661077e+09 1.347299999999999887e-01
1.477682644049137115e+09 1.346199999999999897e-01
1.477682644162986994e+09 1.346700000000000119e-01
1.477682644275186062e+09 1.347200000000000064e-01
1.477682644388562918e+09 1.346100000000000074e-01
1.477682644501138926e+09 1.347200000000000064e-01
1.477682644613789082e+09 1.347500000000000087e-01
1.477682644727319956e+09 1.347099999999999964e-01
1.477682644840889931e+09 1.346799999999999942e-01
1.477682644953406096e+09 1.347800000000000109e-01
1.477682645066968918e+09 1.348000000000000032e-01
1.477682645179378986e+09 1.347299999999999887e-01
1.477682645292820930e+09 1.347200000000000064e-01
1.477682645405375004e+09 1.347599999999999909e-01
1.477682645517915964e+09 1.346999999999999864e-01
1.477682645631602049e+09 1.347599999999999909e-01
1.477682645745173931e+09 1.346600000000000019e-01
1.477682645857762098e+09 1.346999999999999864e-01
1.477682645970288992e+09 1.347599999999999909e-01
1.477682646083658934e+09 1.346499999999999919e-01
1.477682646197237015e+09 1.346299999999999997e-01
1.477682646309720993e+09 1.347500000000000087e-01
1.477682646422586918e+09 1.346499999999999919e-01
1.477682646536039114e+09 1.347200000000000064e-01
1.477682646648708105e+09 1.346299999999999997e-01
1.477682646762144089e+09 1.346499999999999919e-01
1.477682646874882936e+09 1.347800000000000109e-01
1.477682646987344980e+09 1.347200000000000064e-01
1.477682647100676060e+09 1.346299999999999997e-01
1.477682647214364052e+09 1.345999999999999974e-01
1.477682647326818943e+09 1.347399999999999987e-01
1.477682647439532042e+09 1.347399999999999987e-01
1.477682647553127050e+09 1.347200000000000064e-01
1.477682647666392088e+09 1.347599999999999909e-01
1.477682647778959990e+09 1.346799999999999942e-01
1.477682647892632961e+09 1.347800000000000109e-01
1.477682648005019903e+09 1.348199999999999954e-01
1.477682648117548943e+09 1.347800000000000109e-01
1.477682648231116056e+09 1.347099999999999964e-01
1.477682648343806982e+09 1.346299999999999997e-01
1.477682648457142115e+09 1.346799999999999942e-01
1.477682648569730997e+09 1.347599999999999909e-01
1.477682648683429003e+09 1.347399999999999987e-01
1.477682648795876980e+09 1.347099999999999964e-01
1.477682648909491062e+09 1.347200000000000064e-01
1.477682649022047997e+09 1.347299999999999887e-01
1.477682649135432959e+09 1.347500000000000087e-01
1.477682649247958899e+09 1.346799999999999942e-01
1.477682649361484051e+09 1.346499999999999919e-01
1.477682649474060059e+09 1.347700000000000009e-01
1.477682649587601900e+09 1.346299999999999997e-01
1.477682649700289965e+09 1.346900000000000042e-01
1.477682649813776970e+09 1.347700000000000009e-01
1.477682649926409006e+09 1.346199999999999897e-01
1.477682650039870024e+09 1.346700000000000119e-01
1.477682650152416945e+09 1.346900000000000042e-01
1.477682650265959978e+09 1.346299999999999997e-01
1.477682650378549099e+09 1.346999999999999864e-01
1.477682650491835117e+09 1.348199999999999954e-01
1.477682650604479074e+09 1.347500000000000087e-01
1.477682650717930079e+09 1.347299999999999887e-01
1.477682650830670118e+09 1.346999999999999864e-01
1.477682650943144083e+09 1.346900000000000042e-01
1.477682651056554079e+09 1.347500000000000087e-01
1.477682651169301033e+09 1.347299999999999887e-01
1.477682651282814026e+09 1.346799999999999942e-01
1.477682651395231962e+09 1.346600000000000019e-01
1.477682651508940935e+09 1.346700000000000119e-01
1.477682651621316910e+09 1.346499999999999919e-01
1.477682651735043049e+09 1.346199999999999897e-01
1.477682651847537994e+09 1.346199999999999897e-01
1.477682651960902929e+09 1.346400000000000097e-01
1.477682652073383093e+09 1.347399999999999987e-01
1.477682652187369108e+09 1.346299999999999997e-01
1.477682652299377918e+09 1.347500000000000087e-01
1.477682652413253069e+09 1.347299999999999887e-01
1.477682652525635004e+09 1.345899999999999874e-01
1.477682652639372110e+09 1.346499999999999919e-01
1.477682652751754045e+09 1.346900000000000042e-01
1.477682652865232944e+09 1.345800000000000052e-01
1.477682652977791071e+09 1.346900000000000042e-01
1.477682653091274977e+09 1.347200000000000064e-01
1.477682653203881025e+09 1.346999999999999864e-01
1.477682653316452026e+09 1.345999999999999974e-01
1.477682653429996967e+09 1.347500000000000087e-01
1.477682653543550014e+09 1.345899999999999874e-01
1.477682653656124115e+09 1.347399999999999987e-01
1.477682653769637108e+09 1.347099999999999964e-01
1.477682653882242918e+09 1.346900000000000042e-01
1.477682653994800091e+09 1.345999999999999974e-01
1.477682654108055115e+09 1.347399999999999987e-01
1.477682654220756054e+09 1.347099999999999964e-01
1.477682654334290981e+09 1.346700000000000119e-01
1.477682654446856976e+09 1.345800000000000052e-01
1.477682654560409069e+09 1.347599999999999909e-01
1.477682654672895908e+09 1.346999999999999864e-01
1.477682654786442995e+09 1.347399999999999987e-01
1.477682654899003029e+09 1.347099999999999964e-01
1.477682655012664080e+09 1.347399999999999987e-01
1.477682655125437021e+09 1.346600000000000019e-01
1.477682655238910913e+09 1.347200000000000064e-01
1.477682655350965977e+09 1.346499999999999919e-01
1.477682655464533091e+09 1.345800000000000052e-01
1.477682655577260971e+09 1.347299999999999887e-01
1.477682655690737963e+09 1.347099999999999964e-01
1.477682655803123951e+09 1.346600000000000019e-01
1.477682655916630030e+09 1.346799999999999942e-01
1.477682656029369116e+09 1.347700000000000009e-01
1.477682656143326998e+09 1.347399999999999987e-01
1.477682656255358934e+09 1.347399999999999987e-01
1.477682656368931055e+09 1.346600000000000019e-01
1.477682656481468916e+09 1.347500000000000087e-01
1.477682656594975948e+09 1.346999999999999864e-01
1.477682656707492113e+09 1.346999999999999864e-01
1.477682656820329905e+09 1.346400000000000097e-01
1.477682656933875084e+09 1.346600000000000019e-01
1.477682657047399044e+09 1.346900000000000042e-01
1.477682657159925938e+09 1.346600000000000019e-01
1.477682657273233891e+09 1.346199999999999897e-01
1.477682657385751009e+09 1.346799999999999942e-01
1.477682657498585939e+09 1.347899999999999932e-01
1.477682657611947060e+09 1.347800000000000109e-01
1.477682657724530935e+09 1.346999999999999864e-01
1.477682657838047981e+09 1.346400000000000097e-01
1.477682657950742960e+09 1.346499999999999919e-01
1.477682658064243078e+09 1.345999999999999974e-01
1.477682658176702023e+09 1.348100000000000132e-01
1.477682658289993048e+09 1.347299999999999887e-01
1.477682658403717041e+09 1.347099999999999964e-01
1.477682658516324997e+09 1.346799999999999942e-01
1.477682658628747940e+09 1.346900000000000042e-01
1.477682658742497921e+09 1.346999999999999864e-01
1.477682658855972052e+09 1.346299999999999997e-01
1.477682658968564034e+09 1.345800000000000052e-01
1.477682659080851078e+09 1.345800000000000052e-01
1.477682659193670034e+09 1.346799999999999942e-01
1.477682659307159901e+09 1.346600000000000019e-01
1.477682659420721054e+09 1.347700000000000009e-01
1.477682659533181906e+09 1.346600000000000019e-01
1.477682659645809889e+09 1.346999999999999864e-01
1.477682659759366989e+09 1.347299999999999887e-01
1.477682659872581005e+09 1.346700000000000119e-01
1.477682659985441923e+09 1.347099999999999964e-01
1.477682660097980976e+09 1.345500000000000029e-01
1.477682660211561918e+09 1.346100000000000074e-01
1.477682660323973894e+09 1.347599999999999909e-01
1.477682660437510014e+09 1.346900000000000042e-01
1.477682660549875975e+09 1.346600000000000019e-01
1.477682660663569927e+09 1.346900000000000042e-01
1.477682660776035070e+09 1.346199999999999897e-01
1.477682660889642000e+09 1.347599999999999909e-01
1.477682661002140999e+09 1.345999999999999974e-01
1.477682661115839958e+09 1.346400000000000097e-01
1.477682661228461981e+09 1.346600000000000019e-01
1.477682661341603994e+09 1.347099999999999964e-01
1.477682661454155922e+09 1.346900000000000042e-01
1.477682661567754030e+09 1.347399999999999987e-01
1.477682661680438042e+09 1.346900000000000042e-01
1.477682661794116974e+09 1.346999999999999864e-01
1.477682661906572104e+09 1.346700000000000119e-01
1.477682662020090103e+09 1.346700000000000119e-01
1.477682662132396936e+09 1.346999999999999864e-01
1.477682662246141911e+09 1.346700000000000119e-01
1.477682662358562946e+09 1.347099999999999964e-01
1.477682662472130060e+09 1.346700000000000119e-01
1.477682662584520102e+09 1.347399999999999987e-01
1.477682662697153091e+09 1.346999999999999864e-01
1.477682662810643911e+09 1.347299999999999887e-01
1.477682662924335003e+09 1.347099999999999964e-01
1.477682663036813021e+09 1.346900000000000042e-01
1.477682663150280952e+09 1.347800000000000109e-01
1.477682663262806892e+09 1.346400000000000097e-01
1.477682663375422001e+09 1.346999999999999864e-01
1.477682663489057064e+09 1.346700000000000119e-01
1.477682663601615906e+09 1.347200000000000064e-01
1.477682663714994907e+09 1.347299999999999887e-01
1.477682663827476025e+09 1.347200000000000064e-01
1.477682663941231012e+09 1.346799999999999942e-01
1.477682664053801060e+09 1.346999999999999864e-01
1.477682664167392015e+09 1.345899999999999874e-01
1.477682664279953957e+09 1.346499999999999919e-01
1.477682664393454075e+09 1.346299999999999997e-01
1.477682664506253958e+09 1.347099999999999964e-01
1.477682664619412899e+09 1.345899999999999874e-01
1.477682664732106924e+09 1.346700000000000119e-01
1.477682664845679998e+09 1.346700000000000119e-01
1.477682664958085060e+09 1.346400000000000097e-01
1.477682665071378946e+09 1.345999999999999974e-01
1.477682665184057951e+09 1.346400000000000097e-01
1.477682665297519922e+09 1.346999999999999864e-01
1.477682665410229921e+09 1.346499999999999919e-01
1.477682665523689032e+09 1.347299999999999887e-01
1.477682665636246920e+09 1.346499999999999919e-01
1.477682665749732971e+09 1.347500000000000087e-01
1.477682665862380028e+09 1.346299999999999997e-01
1.477682665974926949e+09 1.346999999999999864e-01
1.477682666088371992e+09 1.346100000000000074e-01
1.477682666200879097e+09 1.347099999999999964e-01
1.477682666314448118e+09 1.345600000000000129e-01
1.477682666427030087e+09 1.348100000000000132e-01
1.477682666540608883e+09 1.347099999999999964e-01
1.477682666653009892e+09 1.346999999999999864e-01
1.477682666766598940e+09 1.346700000000000119e-01
1.477682666879050970e+09 1.347800000000000109e-01
1.477682666992762089e+09 1.346199999999999897e-01
1.477682667105355024e+09 1.347099999999999964e-01
1.477682667219001055e+09 1.346400000000000097e-01
1.477682667331456900e+09 1.347800000000000109e-01
1.477682667444746971e+09 1.346999999999999864e-01
1.477682667557300091e+09 1.345800000000000052e-01
1.477682667670907974e+09 1.346100000000000074e-01
1.477682667783442020e+09 1.346499999999999919e-01
1.477682667897053003e+09 1.345999999999999974e-01
1.477682668009713888e+09 1.345899999999999874e-01
1.477682668123218060e+09 1.346799999999999942e-01
1.477682668235743999e+09 1.348000000000000032e-01
1.477682668349137068e+09 1.346199999999999897e-01
1.477682668461783886e+09 1.346199999999999897e-01
1.477682668575364113e+09 1.348199999999999954e-01
1.477682668687844992e+09 1.348100000000000132e-01
1.477682668801386118e+09 1.347099999999999964e-01
1.477682668913969994e+09 1.347099999999999964e-01
1.477682669026566982e+09 1.347099999999999964e-01
1.477682669139954090e+09 1.346900000000000042e-01
1.477682669253591061e+09 1.346999999999999864e-01
1.477682669365986109e+09 1.346799999999999942e-01
1.477682669478539944e+09 1.346499999999999919e-01
1.477682669592097998e+09 1.346700000000000119e-01
1.477682669705660105e+09 1.346999999999999864e-01
1.477682669818300962e+09 1.346900000000000042e-01
1.477682669930855989e+09 1.345800000000000052e-01
1.477682670044411898e+09 1.346900000000000042e-01
1.477682670156965017e+09 1.346900000000000042e-01
1.477682670270426035e+09 1.346299999999999997e-01
1.477682670383126020e+09 1.347700000000000009e-01
1.477682670496506929e+09 1.346400000000000097e-01
1.477682670609067917e+09 1.346999999999999864e-01
1.477682670722630024e+09 1.346199999999999897e-01
1.477682670835288048e+09 1.347200000000000064e-01
1.477682670948575020e+09 1.346999999999999864e-01
1.477682671061256886e+09 1.346900000000000042e-01
1.477682671174834013e+09 1.346900000000000042e-01
1.477682671287141085e+09 1.346999999999999864e-01
1.477682671400842905e+09 1.346700000000000119e-01
1.477682671513303995e+09 1.346900000000000042e-01
1.477682671627090931e+09 1.346900000000000042e-01
1.477682671739638090e+09 1.346900000000000042e-01
1.477682671853053093e+09 1.346900000000000042e-01
1.477682671965715885e+09 1.347399999999999987e-01
1.477682672079135895e+09 1.346799999999999942e-01
1.477682672191672087e+09 1.346999999999999864e-01
1.477682672305200100e+09 1.346299999999999997e-01
1.477682672417851925e+09 1.345999999999999974e-01
1.477682672530160904e+09 1.347599999999999909e-01
1.477682672643948078e+09 1.347299999999999887e-01
1.477682672757502079e+09 1.347599999999999909e-01
1.477682672870027065e+09 1.347500000000000087e-01
1.477682672982398987e+09 1.345899999999999874e-01
1.477682673095889091e+09 1.345500000000000029e-01
1.477682673209588051e+09 1.346199999999999897e-01
1.477682673322273970e+09 1.345600000000000129e-01
1.477682673434727907e+09 1.347099999999999964e-01
1.477682673548139095e+09 1.347200000000000064e-01
1.477682673661827087e+09 1.346700000000000119e-01
1.477682673774213076e+09 1.347500000000000087e-01
1.477682673886882067e+09 1.347099999999999964e-01
1.477682674000298023e+09 1.346900000000000042e-01
1.477682674113651991e+09 1.346999999999999864e-01
1.477682674226222992e+09 1.347299999999999887e-01
1.477682674338824034e+09 1.346499999999999919e-01
1.477682674452636003e+09 1.345800000000000052e-01
1.477682674566000938e+09 1.346100000000000074e-01
1.477682674678504944e+09 1.347299999999999887e-01
1.477682674791161060e+09 1.346900000000000042e-01
1.477682674903819084e+09 1.346499999999999919e-01
1.477682675017293930e+09 1.347299999999999887e-01
1.477682675130872965e+09 1.346100000000000074e-01
1.477682675243293047e+09 1.346400000000000097e-01
1.477682675355938911e+09 1.347299999999999887e-01
1.477682675469388008e+09 1.346299999999999997e-01
1.477682675582845926e+09 1.346900000000000042e-01
1.477682675695486069e+09 1.346900000000000042e-01
1.477682675808114052e+09 1.348199999999999954e-01
1.477682675921505928e+09 1.346999999999999864e-01
1.477682676034025908e+09 1.346999999999999864e-01
1.477682676147743940e+09 1.346400000000000097e-01
1.477682676260255098e+09 1.346900000000000042e-01
1.477682676373773098e+09 1.347200000000000064e-01
1.477682676486057997e+09 1.347800000000000109e-01
1.477682676599841118e+09 1.347099999999999964e-01
1.477682676712197065e+09 1.347599999999999909e-01
1.477682676825732946e+09 1.347200000000000064e-01
1.477682676938487053e+09 1.346299999999999997e-01
1.477682677051882029e+09 1.348000000000000032e-01
1.477682677164531946e+09 1.345600000000000129e-01
1.477682677278111935e+09 1.346900000000000042e-01
1.477682677390588999e+09 1.346999999999999864e-01
1.477682677504036903e+09 1.346999999999999864e-01
1.477682677616745949e+09 1.346799999999999942e-01
1.477682677730091095e+09 1.346999999999999864e-01
1.477682677842667103e+09 1.347700000000000009e-01
1.477682677956175089e+09 1.345699999999999952e-01
1.477682678068825006e+09 1.346400000000000097e-01
1.477682678182425022e+09 1.346799999999999942e-01
1.477682678295002937e+09 1.347200000000000064e-01
1.477682678407383919e+09 1.346100000000000074e-01
1.477682678520911932e+09 1.348300000000000054e-01
1.477682678634607077e+09 1.345800000000000052e-01
1.477682678747150898e+09 1.345999999999999974e-01
1.477682678859796047e+09 1.347200000000000064e-01
1.477682678973004103e+09 1.347299999999999887e-01
1.477682679086683035e+09 1.347899999999999932e-01
1.477682679199112892e+09 1.346999999999999864e-01
1.477682679311837912e+09 1.346999999999999864e-01
1.477682679425394058e+09 1.346400000000000097e-01
1.477682679538908005e+09 1.346999999999999864e-01
1.477682679651463985e+09 1.346499999999999919e-01
1.477682679764060020e+09 1.345899999999999874e-01
1.477682679877391100e+09 1.348399999999999876e-01
1.477682679989965916e+09 1.347299999999999887e-01
1.477682680103477001e+09 1.346600000000000019e-01
1.477682680215950966e+09 1.346700000000000119e-01
1.477682680329708099e+09 1.347399999999999987e-01
1.477682680442285061e+09 1.346900000000000042e-01
1.477682680555725098e+09 1.347200000000000064e-01
1.477682680668171883e+09 1.347200000000000064e-01
1.477682680780896902e+09 1.346499999999999919e-01
1.477682680894418955e+09 1.346799999999999942e-01
1.477682681007801056e+09 1.345999999999999974e-01
1.477682681120394945e+09 1.347200000000000064e-01
1.477682681234019995e+09 1.345999999999999974e-01
1.477682681346460104e+09 1.347200000000000064e-01
1.477682681460098028e+09 1.345999999999999974e-01
1.477682681572645903e+09 1.346700000000000119e-01
1.477682681685229063e+09 1.346499999999999919e-01
1.477682681798743963e+09 1.347599999999999909e-01
1.477682681912197113e+09 1.347500000000000087e-01
1.477682682024878025e+09 1.347500000000000087e-01
1.477682682137121916e+09 1.347299999999999887e-01
1.477682682250863075e+09 1.347700000000000009e-01
1.477682682363393068e+09 1.346700000000000119e-01
1.477682682476799965e+09 1.345800000000000052e-01
1.477682682589493990e+09 1.346700000000000119e-01
1.477682682702893019e+09 1.346999999999999864e-01
1.477682682815423012e+09 1.346400000000000097e-01
1.477682682928750992e+09 1.346499999999999919e-01
1.477682683041615963e+09 1.348399999999999876e-01
1.477682683155093908e+09 1.346799999999999942e-01
1.477682683267522097e+09 1.346499999999999919e-01
1.477682683381005049e+09 1.348100000000000132e-01
1.477682683493650913e+09 1.347099999999999964e-01
1.477682683607018948e+09 1.346199999999999897e-01
1.477682683719626904e+09 1.345999999999999974e-01
1.477682683833534002e+09 1.347200000000000064e-01
1.477682683945987940e+09 1.346499999999999919e-01
1.477682684059401035e+09 1.346400000000000097e-01
1.477682684171911001e+09 1.346900000000000042e-01
1.477682684284415960e+09 1.347299999999999887e-01
1.477682684397963047e+09 1.347099999999999964e-01
1.477682684511497021e+09 1.346700000000000119e-01
1.477682684624054909e+09 1.346499999999999919e-01
1.477682684736438036e+09 1.347299999999999887e-01
1.477682684850192070e+09 1.346900000000000042e-01
1.477682684962661982e+09 1.346999999999999864e-01
1.477682685076080084e+09 1.346600000000000019e-01
1.477682685188868046e+09 1.345399999999999929e-01
1.477682685302315950e+09 1.346299999999999997e-01
1.477682685414814949e+09 1.346900000000000042e-01
1.477682685528425932e+09 1.346999999999999864e-01
1.477682685640813112e+09 1.346999999999999864e-01
1.477682685754494905e+09 1.345999999999999974e-01
1.477682685867202997e+09 1.347500000000000087e-01
1.477682685980678082e+09 1.347399999999999987e-01
1.477682686093322992e+09 1.347099999999999964e-01
1.477682686206697941e+09 1.347299999999999887e-01
1.477682686319353104e+09 1.346799999999999942e-01
1.477682686432899952e+09 1.346600000000000019e-01
1.477682686545295000e+09 1.346999999999999864e-01
1.477682686658781052e+09 1.346999999999999864e-01
1.477682686771286011e+09 1.346199999999999897e-01
1.477682686885097980e+09 1.346600000000000019e-01
1.477682686997620106e+09 1.346600000000000019e-01
1.477682687110829115e+09 1.347399999999999987e-01
1.477682687223582983e+09 1.346700000000000119e-01
1.477682687337218046e+09 1.346100000000000074e-01
1.477682687449738979e+09 1.346499999999999919e-01
1.477682687562185049e+09 1.347099999999999964e-01
1.477682687675827980e+09 1.347700000000000009e-01
1.477682687789040089e+09 1.346499999999999919e-01
1.477682687901768923e+09 1.346900000000000042e-01
1.477682688014262915e+09 1.346600000000000019e-01
1.477682688127680063e+09 1.347200000000000064e-01
1.477682688240412951e+09 1.346400000000000097e-01
1.477682688354016066e+09 1.346499999999999919e-01
1.477682688466284990e+09 1.345899999999999874e-01
1.477682688580076933e+09 1.346999999999999864e-01
1.477682688692598104e+09 1.345399999999999929e-01
1.477682688806180000e+09 1.346499999999999919e-01
1.477682688918812037e+09 1.346900000000000042e-01
1.477682689032306910e+09 1.346499999999999919e-01
1.477682689144742966e+09 1.347399999999999987e-01
1.477682689258430958e+09 1.346299999999999997e-01
1.477682689370973110e+09 1.347399999999999987e-01
1.477682689484359026e+09 1.346600000000000019e-01
1.477682689597012043e+09 1.346199999999999897e-01
1.477682689710591078e+09 1.347800000000000109e-01
1.477682689823136091e+09 1.346400000000000097e-01
1.477682689936345100e+09 1.346499999999999919e-01
1.477682690049094915e+09 1.346400000000000097e-01
1.477682690162623882e+09 1.345899999999999874e-01
1.477682690275299072e+09 1.346400000000000097e-01
1.477682690388820887e+09 1.346199999999999897e-01
1.477682690501204967e+09 1.345800000000000052e-01
1.477682690613917112e+09 1.346900000000000042e-01
1.477682690727277994e+09 1.346600000000000019e-01
1.477682690840871096e+09 1.346999999999999864e-01
1.477682690953332901e+09 1.347299999999999887e-01
1.477682691065926075e+09 1.346299999999999997e-01
1.477682691179423094e+09 1.346799999999999942e-01
1.477682691291821003e+09 1.347200000000000064e-01
1.477682691405400038e+09 1.347299999999999887e-01
1.477682691517997026e+09 1.346499999999999919e-01
1.477682691631628036e+09 1.347299999999999887e-01
1.477682691744033098e+09 1.346700000000000119e-01
1.477682691857506990e+09 1.347399999999999987e-01
1.477682691970268965e+09 1.346100000000000074e-01
1.477682692083636045e+09 1.346900000000000042e-01
1.477682692196172953e+09 1.347800000000000109e-01
1.477682692309819937e+09 1.347200000000000064e-01
1.477682692422255039e+09 1.346999999999999864e-01
1.477682692535927057e+09 1.346199999999999897e-01
1.477682692648798943e+09 1.348300000000000054e-01
1.477682692761754990e+09 1.347399999999999987e-01
1.477682692874408007e+09 1.345999999999999974e-01
1.477682692987925053e+09 1.346999999999999864e-01
1.477682693100394011e+09 1.346400000000000097e-01
1.477682693213964939e+09 1.345999999999999974e-01
1.477682693326536894e+09 1.346199999999999897e-01
1.477682693440030098e+09 1.347399999999999987e-01
1.477682693552781105e+09 1.347399999999999987e-01
1.477682693666343927e+09 1.345999999999999974e-01
1.477682693778768063e+09 1.346799999999999942e-01
1.477682693891201973e+09 1.346999999999999864e-01
1.477682694004950047e+09 1.347200000000000064e-01
1.477682694117454052e+09 1.346299999999999997e-01
1.477682694231024981e+09 1.345800000000000052e-01
1.477682694343527079e+09 1.347800000000000109e-01
1.477682694457318068e+09 1.346600000000000019e-01
1.477682694569660902e+09 1.348199999999999954e-01
1.477682694683312893e+09 1.346600000000000019e-01
1.477682694795814037e+09 1.346100000000000074e-01
1.477682694909075022e+09 1.346700000000000119e-01
1.477682695021816015e+09 1.346299999999999997e-01
1.477682695135462046e+09 1.347200000000000064e-01
1.477682695247874975e+09 1.345699999999999952e-01
1.477682695361424923e+09 1.347500000000000087e-01
1.477682695474116087e+09 1.346799999999999942e-01
1.477682695587841034e+09 1.347299999999999887e-01
1.477682695700184107e+09 1.345500000000000029e-01
1.477682695813596964e+09 1.346999999999999864e-01
1.477682695925925016e+09 1.347599999999999909e-01
1.477682696039549112e+09 1.345899999999999874e-01
1.477682696152154922e+09 1.346400000000000097e-01
1.477682696265539885e+09 1.347500000000000087e-01
1.477682696378216982e+09 1.346299999999999997e-01
1.477682696490616083e+09 1.346900000000000042e-01
1.477682696604176998e+09 1.346900000000000042e-01
1.477682696717837095e+09 1.347099999999999964e-01
1.477682696830336094e+09 1.347399999999999987e-01
1.477682696942841053e+09 1.346499999999999919e-01
1.477682697056346893e+09 1.346900000000000042e-01
1.477682697170087099e+09 1.346499999999999919e-01
1.477682697282774925e+09 1.346799999999999942e-01
1.477682697394937992e+09 1.347200000000000064e-01
1.477682697508801937e+09 1.346600000000000019e-01
1.477682697622397900e+09 1.346700000000000119e-01
1.477682697734585047e+09 1.346999999999999864e-01
1.477682697847276926e+09 1.346700000000000119e-01
1.477682697960999012e+09 1.345600000000000129e-01
1.477682698074548006e+09 1.346900000000000042e-01
1.477682698186903954e+09 1.346700000000000119e-01
1.477682698299588919e+09 1.345899999999999874e-01
1.477682698413033962e+09 1.346700000000000119e-01
1.477682698525670052e+09 1.347599999999999909e-01
1.477682698639194012e+09 1.345800000000000052e-01
1.477682698751791000e+09 1.346700000000000119e-01
1.477682698865185976e+09 1.346999999999999864e-01
1.477682698977735043e+09 1.345800000000000052e-01
1.477682699091336012e+09 1.346799999999999942e-01
1.477682699203794003e+09 1.345899999999999874e-01
1.477682699317348003e+09 1.346799999999999942e-01
1.477682699429896116e+09 1.347200000000000064e-01
1.477682699543473959e+09 1.347399999999999987e-01
1.477682699656059980e+09 1.347399999999999987e-01
1.477682699769596100e+09 1.346999999999999864e-01
1.477682699882186890e+09 1.347200000000000064e-01
1.477682699994739056e+09 1.346700000000000119e-01
1.477682700108181953e+09 1.347399999999999987e-01
1.477682700220819950e+09 1.346299999999999997e-01
1.477682700334189892e+09 1.346600000000000019e-01
1.477682700446793079e+09 1.346199999999999897e-01
1.477682700560333967e+09 1.346999999999999864e-01
1.477682700672944069e+09 1.346100000000000074e-01
1.477682700786526918e+09 1.346499999999999919e-01
1.477682700898994923e+09 1.347599999999999909e-01
1.477682701012469053e+09 1.346299999999999997e-01
1.477682701124876022e+09 1.347200000000000064e-01
1.477682701238679886e+09 1.346900000000000042e-01
1.477682701351197958e+09 1.346499999999999919e-01
1.477682701464735031e+09 1.346700000000000119e-01
1.477682701577140093e+09 1.347099999999999964e-01
1.477682701690692902e+09 1.345500000000000029e-01
1.477682701803378105e+09 1.346999999999999864e-01
1.477682701916865110e+09 1.348000000000000032e-01
1.477682702029294014e+09 1.346199999999999897e-01
1.477682702142981052e+09 1.347299999999999887e-01
1.477682702255376101e+09 1.347800000000000109e-01
1.477682702368953943e+09 1.346499999999999919e-01
1.477682702481674910e+09 1.346600000000000019e-01
1.477682702595055103e+09 1.346999999999999864e-01
