# 
# Duration (in s): 60
# Pointing Position of the Horn: Calibrator paddle
# Angle pointing (from vertical): 0
# Calibrator used: YES
# Weather: very clear
# Units: nanoWatt
# Comments: 
1.510950764908303022e+09 1.439999999999999891e-01 2.856800000000000068e+02
1.510950765030528069e+09 1.439999999999999891e-01 2.856800000000000068e+02
1.510950765130656958e+09 1.441999999999999948e-01 2.856800000000000068e+02
1.510950765230511904e+09 1.441000000000000059e-01 2.856800000000000068e+02
1.510950765324681997e+09 1.441999999999999948e-01 2.856800000000000068e+02
1.510950765429564953e+09 1.438000000000000111e-01 2.856800000000000068e+02
1.510950765540844917e+09 1.436999999999999944e-01 2.856800000000000068e+02
1.510950765640654087e+09 1.436999999999999944e-01 2.856899999999999977e+02
1.510950765740375996e+09 1.436999999999999944e-01 2.856899999999999977e+02
1.510950765840131998e+09 1.436000000000000054e-01 2.856800000000000068e+02
1.510950765939901114e+09 1.433000000000000107e-01 2.856800000000000068e+02
1.510950766039671898e+09 1.433000000000000107e-01 2.856800000000000068e+02
1.510950766139427900e+09 1.433000000000000107e-01 2.856899999999999977e+02
1.510950766239218950e+09 1.431999999999999940e-01 2.856899999999999977e+02
1.510950766338948011e+09 1.429999999999999882e-01 2.856899999999999977e+02
1.510950766438719988e+09 1.431000000000000050e-01 2.856899999999999977e+02
1.510950766553520918e+09 1.429999999999999882e-01 2.856899999999999977e+02
1.510950766652513027e+09 1.431999999999999940e-01 2.856899999999999977e+02
1.510950766752504110e+09 1.431000000000000050e-01 2.856899999999999977e+02
1.510950766852474928e+09 1.433000000000000107e-01 2.856899999999999977e+02
1.510950766952054024e+09 1.433000000000000107e-01 2.856899999999999977e+02
1.510950767051249981e+09 1.433999999999999997e-01 2.856899999999999977e+02
1.510950767150470972e+09 1.434999999999999887e-01 2.856899999999999977e+02
1.510950767250410080e+09 1.441999999999999948e-01 2.856999999999999886e+02
1.510950767359368086e+09 1.441000000000000059e-01 2.856899999999999977e+02
1.510950767463120937e+09 1.441000000000000059e-01 2.856899999999999977e+02
1.510950767558583975e+09 1.441999999999999948e-01 2.856999999999999886e+02
1.510950767663220882e+09 1.441999999999999948e-01 2.856999999999999886e+02
1.510950767762306929e+09 1.443000000000000116e-01 2.856999999999999886e+02
1.510950767862256050e+09 1.441000000000000059e-01 2.856999999999999886e+02
1.510950767961436033e+09 1.441000000000000059e-01 2.856999999999999886e+02
1.510950768060384989e+09 1.439999999999999891e-01 2.856999999999999886e+02
1.510950768161885023e+09 1.434999999999999887e-01 2.856999999999999886e+02
1.510950768274193048e+09 1.433999999999999997e-01 2.856999999999999886e+02
1.510950768374340057e+09 1.433999999999999997e-01 2.856999999999999886e+02
1.510950768474694014e+09 1.431999999999999940e-01 2.856999999999999886e+02
1.510950768573352098e+09 1.431000000000000050e-01 2.856999999999999886e+02
1.510950768673077106e+09 1.431999999999999940e-01 2.856999999999999886e+02
1.510950768771070004e+09 1.431000000000000050e-01 2.856999999999999886e+02
1.510950768872112036e+09 1.428999999999999992e-01 2.856999999999999886e+02
1.510950768972395897e+09 1.428000000000000103e-01 2.857099999999999795e+02
1.510950769066603899e+09 1.431000000000000050e-01 2.857099999999999795e+02
1.510950769182351112e+09 1.431000000000000050e-01 2.857099999999999795e+02
1.510950769281945944e+09 1.433000000000000107e-01 2.857099999999999795e+02
1.510950769381921053e+09 1.433999999999999997e-01 2.857099999999999795e+02
1.510950769480875015e+09 1.433999999999999997e-01 2.857099999999999795e+02
1.510950769579233885e+09 1.434999999999999887e-01 2.857099999999999795e+02
1.510950769680988073e+09 1.436000000000000054e-01 2.857099999999999795e+02
1.510950769778305054e+09 1.436999999999999944e-01 2.857099999999999795e+02
1.510950769880494118e+09 1.441999999999999948e-01 2.857099999999999795e+02
1.510950769993733883e+09 1.441000000000000059e-01 2.857099999999999795e+02
1.510950770096307039e+09 1.441999999999999948e-01 2.857099999999999795e+02
1.510950770191154003e+09 1.441999999999999948e-01 2.857099999999999795e+02
1.510950770295217037e+09 1.441999999999999948e-01 2.857099999999999795e+02
1.510950770395220995e+09 1.439999999999999891e-01 2.857099999999999795e+02
1.510950770490741968e+09 1.439999999999999891e-01 2.857099999999999795e+02
1.510950770594279051e+09 1.441000000000000059e-01 2.857099999999999795e+02
1.510950770693202019e+09 1.439999999999999891e-01 2.857099999999999795e+02
1.510950770792949915e+09 1.433000000000000107e-01 2.857099999999999795e+02
1.510950770907485962e+09 1.431999999999999940e-01 2.857099999999999795e+02
1.510950771006851912e+09 1.431999999999999940e-01 2.857200000000000273e+02
1.510950771106374979e+09 1.431000000000000050e-01 2.857200000000000273e+02
1.510950771206288099e+09 1.431000000000000050e-01 2.857200000000000273e+02
1.510950771300513983e+09 1.429999999999999882e-01 2.857200000000000273e+02
1.510950771400276899e+09 1.428999999999999992e-01 2.857200000000000273e+02
1.510950771504121065e+09 1.428999999999999992e-01 2.857200000000000273e+02
1.510950771604043007e+09 1.433000000000000107e-01 2.857200000000000273e+02
1.510950771718154907e+09 1.433999999999999997e-01 2.857200000000000273e+02
1.510950771817056894e+09 1.433999999999999997e-01 2.857200000000000273e+02
1.510950771917134047e+09 1.434999999999999887e-01 2.857200000000000273e+02
1.510950772017157078e+09 1.434999999999999887e-01 2.857200000000000273e+02
1.510950772116103888e+09 1.436999999999999944e-01 2.857200000000000273e+02
1.510950772216078043e+09 1.436999999999999944e-01 2.857200000000000273e+02
1.510950772315023899e+09 1.439000000000000001e-01 2.857200000000000273e+02
1.510950772415080070e+09 1.438000000000000111e-01 2.857200000000000273e+02
1.510950772515050888e+09 1.439999999999999891e-01 2.857200000000000273e+02
1.510950772614147902e+09 1.441999999999999948e-01 2.857200000000000273e+02
1.510950772723769903e+09 1.441999999999999948e-01 2.857200000000000273e+02
1.510950772823259115e+09 1.439999999999999891e-01 2.857200000000000273e+02
1.510950772923294067e+09 1.439000000000000001e-01 2.857200000000000273e+02
1.510950773023109913e+09 1.439000000000000001e-01 2.857200000000000273e+02
1.510950773122818947e+09 1.439000000000000001e-01 2.857200000000000273e+02
1.510950773222395897e+09 1.438000000000000111e-01 2.857200000000000273e+02
1.510950773322372913e+09 1.436999999999999944e-01 2.857200000000000273e+02
1.510950773422076941e+09 1.434999999999999887e-01 2.857200000000000273e+02
1.510950773521842003e+09 1.433999999999999997e-01 2.857200000000000273e+02
1.510950773621608019e+09 1.429999999999999882e-01 2.857200000000000273e+02
1.510950773738002062e+09 1.429999999999999882e-01 2.857300000000000182e+02
1.510950773834418058e+09 1.428999999999999992e-01 2.857200000000000273e+02
1.510950773936944008e+09 1.428999999999999992e-01 2.857300000000000182e+02
1.510950774037033081e+09 1.428999999999999992e-01 2.857300000000000182e+02
1.510950774136950970e+09 1.428999999999999992e-01 2.857300000000000182e+02
1.510950774235902071e+09 1.431000000000000050e-01 2.857300000000000182e+02
1.510950774336030006e+09 1.431000000000000050e-01 2.857300000000000182e+02
1.510950774436014891e+09 1.436000000000000054e-01 2.857300000000000182e+02
1.510950774549020052e+09 1.436999999999999944e-01 2.857300000000000182e+02
1.510950774648538113e+09 1.438000000000000111e-01 2.857300000000000182e+02
1.510950774747801065e+09 1.439999999999999891e-01 2.857300000000000182e+02
1.510950774847836971e+09 1.439999999999999891e-01 2.857300000000000182e+02
1.510950774947874069e+09 1.439000000000000001e-01 2.857300000000000182e+02
1.510950775046814919e+09 1.439999999999999891e-01 2.857300000000000182e+02
1.510950775146789074e+09 1.439999999999999891e-01 2.857300000000000182e+02
1.510950775246754885e+09 1.441999999999999948e-01 2.857300000000000182e+02
1.510950775345916986e+09 1.439000000000000001e-01 2.857300000000000182e+02
1.510950775459831953e+09 1.439000000000000001e-01 2.857300000000000182e+02
1.510950775559811115e+09 1.439000000000000001e-01 2.857300000000000182e+02
1.510950775658754110e+09 1.438000000000000111e-01 2.857300000000000182e+02
1.510950775758769035e+09 1.436999999999999944e-01 2.857300000000000182e+02
1.510950775857741117e+09 1.434999999999999887e-01 2.857300000000000182e+02
1.510950775957719088e+09 1.434999999999999887e-01 2.857300000000000182e+02
1.510950776057794094e+09 1.433999999999999997e-01 2.857300000000000182e+02
1.510950776155304909e+09 1.428999999999999992e-01 2.857400000000000091e+02
1.510950776270737886e+09 1.429999999999999882e-01 2.857400000000000091e+02
1.510950776370887041e+09 1.429999999999999882e-01 2.857400000000000091e+02
1.510950776464857101e+09 1.429999999999999882e-01 2.857300000000000182e+02
1.510950776569586039e+09 1.429999999999999882e-01 2.857400000000000091e+02
1.510950776664299011e+09 1.431000000000000050e-01 2.857400000000000091e+02
1.510950776764158964e+09 1.431000000000000050e-01 2.857400000000000091e+02
1.510950776863919973e+09 1.431999999999999940e-01 2.857400000000000091e+02
1.510950776967669964e+09 1.431999999999999940e-01 2.857400000000000091e+02
1.510950777067810059e+09 1.433000000000000107e-01 2.857400000000000091e+02
1.510950777163353920e+09 1.433000000000000107e-01 2.857400000000000091e+02
1.510950777262970924e+09 1.438000000000000111e-01 2.857400000000000091e+02
1.510950777379329920e+09 1.439999999999999891e-01 2.857400000000000091e+02
1.510950777479094028e+09 1.443000000000000116e-01 2.857400000000000091e+02
1.510950777578860998e+09 1.439999999999999891e-01 2.857400000000000091e+02
1.510950777678625107e+09 1.443000000000000116e-01 2.857400000000000091e+02
1.510950777778390884e+09 1.441000000000000059e-01 2.857400000000000091e+02
1.510950777878602028e+09 1.439999999999999891e-01 2.857400000000000091e+02
1.510950777977596045e+09 1.441999999999999948e-01 2.857400000000000091e+02
1.510950778077739954e+09 1.438000000000000111e-01 2.857400000000000091e+02
1.510950778191503048e+09 1.436000000000000054e-01 2.857400000000000091e+02
1.510950778290512085e+09 1.434999999999999887e-01 2.857400000000000091e+02
1.510950778390640974e+09 1.433999999999999997e-01 2.857400000000000091e+02
1.510950778490530968e+09 1.433999999999999997e-01 2.857400000000000091e+02
1.510950778589477062e+09 1.433000000000000107e-01 2.857400000000000091e+02
1.510950778689694881e+09 1.431999999999999940e-01 2.857400000000000091e+02
1.510950778788520098e+09 1.429999999999999882e-01 2.857400000000000091e+02
1.510950778888530970e+09 1.431000000000000050e-01 2.857500000000000000e+02
1.510950778988609076e+09 1.429999999999999882e-01 2.857500000000000000e+02
1.510950779101651907e+09 1.429999999999999882e-01 2.857500000000000000e+02
1.510950779201559067e+09 1.431999999999999940e-01 2.857500000000000000e+02
1.510950779301575899e+09 1.431000000000000050e-01 2.857500000000000000e+02
1.510950779400515079e+09 1.433000000000000107e-01 2.857500000000000000e+02
1.510950779500513077e+09 1.433000000000000107e-01 2.857500000000000000e+02
1.510950779599435091e+09 1.433999999999999997e-01 2.857500000000000000e+02
1.510950779699492931e+09 1.434999999999999887e-01 2.857500000000000000e+02
1.510950779799386024e+09 1.439999999999999891e-01 2.857500000000000000e+02
1.510950779912337065e+09 1.441000000000000059e-01 2.857500000000000000e+02
1.510950780007956028e+09 1.441000000000000059e-01 2.857500000000000000e+02
1.510950780112338066e+09 1.441000000000000059e-01 2.857500000000000000e+02
1.510950780211338997e+09 1.441000000000000059e-01 2.857500000000000000e+02
1.510950780309456110e+09 1.441000000000000059e-01 2.857500000000000000e+02
1.510950780411292076e+09 1.441999999999999948e-01 2.857500000000000000e+02
1.510950780510221004e+09 1.441000000000000059e-01 2.857500000000000000e+02
1.510950780610337019e+09 1.441000000000000059e-01 2.857500000000000000e+02
1.510950780704777002e+09 1.441999999999999948e-01 2.857500000000000000e+02
1.510950780804544926e+09 1.433999999999999997e-01 2.857500000000000000e+02
1.510950780920943022e+09 1.433000000000000107e-01 2.857500000000000000e+02
1.510950781020765066e+09 1.433000000000000107e-01 2.857500000000000000e+02
1.510950781120522022e+09 1.431999999999999940e-01 2.857500000000000000e+02
1.510950781220227957e+09 1.429999999999999882e-01 2.857500000000000000e+02
1.510950781319981098e+09 1.431000000000000050e-01 2.857599999999999909e+02
1.510950781416349888e+09 1.431000000000000050e-01 2.857500000000000000e+02
1.510950781519483089e+09 1.429999999999999882e-01 2.857500000000000000e+02
1.510950781619250059e+09 1.428999999999999992e-01 2.857599999999999909e+02
1.510950781719016075e+09 1.431999999999999940e-01 2.857500000000000000e+02
1.510950781833354950e+09 1.433000000000000107e-01 2.857599999999999909e+02
1.510950781933295965e+09 1.431999999999999940e-01 2.857599999999999909e+02
1.510950782033255100e+09 1.433999999999999997e-01 2.857599999999999909e+02
1.510950782132272959e+09 1.433999999999999997e-01 2.857599999999999909e+02
1.510950782232326031e+09 1.434999999999999887e-01 2.857599999999999909e+02
1.510950782330440998e+09 1.436000000000000054e-01 2.857599999999999909e+02
1.510950782431162119e+09 1.436999999999999944e-01 2.857599999999999909e+02
1.510950782531213045e+09 1.441999999999999948e-01 2.857599999999999909e+02
1.510950782644264936e+09 1.441000000000000059e-01 2.857599999999999909e+02
1.510950782744206905e+09 1.441999999999999948e-01 2.857599999999999909e+02
1.510950782844146967e+09 1.441999999999999948e-01 2.857599999999999909e+02
1.510950782943209887e+09 1.441000000000000059e-01 2.857599999999999909e+02
1.510950783043163061e+09 1.441000000000000059e-01 2.857599999999999909e+02
1.510950783142224073e+09 1.439999999999999891e-01 2.857500000000000000e+02
1.510950783242156029e+09 1.439999999999999891e-01 2.857500000000000000e+02
1.510950783342191935e+09 1.439000000000000001e-01 2.857599999999999909e+02
1.510950783441165924e+09 1.439000000000000001e-01 2.857500000000000000e+02
1.510950783541106939e+09 1.431999999999999940e-01 2.857599999999999909e+02
1.510950783654978037e+09 1.431000000000000050e-01 2.857599999999999909e+02
1.510950783754086971e+09 1.429999999999999882e-01 2.857500000000000000e+02
1.510950783854087114e+09 1.431000000000000050e-01 2.857500000000000000e+02
1.510950783953080893e+09 1.429999999999999882e-01 2.857500000000000000e+02
1.510950784053076982e+09 1.428999999999999992e-01 2.857500000000000000e+02
1.510950784153157949e+09 1.428999999999999992e-01 2.857599999999999909e+02
1.510950784251982927e+09 1.428999999999999992e-01 2.857599999999999909e+02
1.510950784352087021e+09 1.428999999999999992e-01 2.857599999999999909e+02
1.510950784451122046e+09 1.433999999999999997e-01 2.857500000000000000e+02
1.510950784562278986e+09 1.433999999999999997e-01 2.857599999999999909e+02
1.510950784662034988e+09 1.436000000000000054e-01 2.857599999999999909e+02
1.510950784761809111e+09 1.436999999999999944e-01 2.857599999999999909e+02
1.510950784861562014e+09 1.436000000000000054e-01 2.857599999999999909e+02
1.510950784961348057e+09 1.438000000000000111e-01 2.857599999999999909e+02
1.510950785063055038e+09 1.438000000000000111e-01 2.857500000000000000e+02
1.510950785160857916e+09 1.439999999999999891e-01 2.857599999999999909e+02
1.510950785260621071e+09 1.439999999999999891e-01 2.857599999999999909e+02
1.510950785360435963e+09 1.441000000000000059e-01 2.857599999999999909e+02
1.510950785475929976e+09 1.441000000000000059e-01 2.857599999999999909e+02
1.510950785576000929e+09 1.439999999999999891e-01 2.857599999999999909e+02
1.510950785674983978e+09 1.439999999999999891e-01 2.857599999999999909e+02
1.510950785774981022e+09 1.439000000000000001e-01 2.857599999999999909e+02
1.510950785873955011e+09 1.439000000000000001e-01 2.857599999999999909e+02
1.510950785973931074e+09 1.438000000000000111e-01 2.857599999999999909e+02
1.510950786073884010e+09 1.436999999999999944e-01 2.857599999999999909e+02
1.510950786172943115e+09 1.436000000000000054e-01 2.857599999999999909e+02
1.510950786272977114e+09 1.431000000000000050e-01 2.857599999999999909e+02
1.510950786386898994e+09 1.428999999999999992e-01 2.857599999999999909e+02
1.510950786485899925e+09 1.429999999999999882e-01 2.857599999999999909e+02
1.510950786585915089e+09 1.428000000000000103e-01 2.857599999999999909e+02
1.510950786684900999e+09 1.428999999999999992e-01 2.857599999999999909e+02
1.510950786784953117e+09 1.429999999999999882e-01 2.857599999999999909e+02
1.510950786884953022e+09 1.428999999999999992e-01 2.857599999999999909e+02
1.510950786983923912e+09 1.429999999999999882e-01 2.857599999999999909e+02
1.510950787078608990e+09 1.436000000000000054e-01 2.857599999999999909e+02
1.510950787197783947e+09 1.434999999999999887e-01 2.857599999999999909e+02
1.510950787292258978e+09 1.436999999999999944e-01 2.857599999999999909e+02
1.510950787392805099e+09 1.439000000000000001e-01 2.857599999999999909e+02
1.510950787495502949e+09 1.439000000000000001e-01 2.857599999999999909e+02
1.510950787595958948e+09 1.441000000000000059e-01 2.857599999999999909e+02
1.510950787695708036e+09 1.439000000000000001e-01 2.857599999999999909e+02
1.510950787789689064e+09 1.439999999999999891e-01 2.857599999999999909e+02
1.510950787894831896e+09 1.441999999999999948e-01 2.857599999999999909e+02
1.510950787993318081e+09 1.439999999999999891e-01 2.857599999999999909e+02
1.510950788088877916e+09 1.441000000000000059e-01 2.857599999999999909e+02
1.510950788188324928e+09 1.439999999999999891e-01 2.857599999999999909e+02
1.510950788302347898e+09 1.438000000000000111e-01 2.857699999999999818e+02
1.510950788402543068e+09 1.438000000000000111e-01 2.857699999999999818e+02
1.510950788502886057e+09 1.436000000000000054e-01 2.857699999999999818e+02
1.510950788602664948e+09 1.436999999999999944e-01 2.857699999999999818e+02
1.510950788702415943e+09 1.436999999999999944e-01 2.857699999999999818e+02
1.510950788802027941e+09 1.436000000000000054e-01 2.857699999999999818e+02
1.510950788901946068e+09 1.433999999999999997e-01 2.857599999999999909e+02
1.510950789001713991e+09 1.433000000000000107e-01 2.857599999999999909e+02
1.510950789101475000e+09 1.431000000000000050e-01 2.857599999999999909e+02
1.510950789201241016e+09 1.428999999999999992e-01 2.857599999999999909e+02
1.510950789317634106e+09 1.428999999999999992e-01 2.857699999999999818e+02
1.510950789416218996e+09 1.429999999999999882e-01 2.857699999999999818e+02
1.510950789515741110e+09 1.429999999999999882e-01 2.857699999999999818e+02
1.510950789615590096e+09 1.429999999999999882e-01 2.857699999999999818e+02
1.510950789715641975e+09 1.431999999999999940e-01 2.857699999999999818e+02
1.510950789815535069e+09 1.429999999999999882e-01 2.857699999999999818e+02
1.510950789914591074e+09 1.433999999999999997e-01 2.857699999999999818e+02
1.510950790014529943e+09 1.439000000000000001e-01 2.857699999999999818e+02
1.510950790124589920e+09 1.439999999999999891e-01 2.857699999999999818e+02
1.510950790227348089e+09 1.439999999999999891e-01 2.857699999999999818e+02
1.510950790327398062e+09 1.439999999999999891e-01 2.857699999999999818e+02
1.510950790421751022e+09 1.441999999999999948e-01 2.857699999999999818e+02
1.510950790522310019e+09 1.441000000000000059e-01 2.857699999999999818e+02
1.510950790626547098e+09 1.441999999999999948e-01 2.857699999999999818e+02
1.510950790725609064e+09 1.441999999999999948e-01 2.857699999999999818e+02
1.510950790825530052e+09 1.441000000000000059e-01 2.857699999999999818e+02
1.510950790925509930e+09 1.436999999999999944e-01 2.857699999999999818e+02
1.510950791038537025e+09 1.434999999999999887e-01 2.857699999999999818e+02
1.510950791138580084e+09 1.433999999999999997e-01 2.857699999999999818e+02
1.510950791238531113e+09 1.434999999999999887e-01 2.857699999999999818e+02
1.510950791337523937e+09 1.433999999999999997e-01 2.857699999999999818e+02
1.510950791435942888e+09 1.433000000000000107e-01 2.857699999999999818e+02
1.510950791536623955e+09 1.431999999999999940e-01 2.857699999999999818e+02
1.510950791636447906e+09 1.429999999999999882e-01 2.857699999999999818e+02
1.510950791736433029e+09 1.431000000000000050e-01 2.857699999999999818e+02
1.510950791835431099e+09 1.429999999999999882e-01 2.857699999999999818e+02
1.510950791944680929e+09 1.428999999999999992e-01 2.857699999999999818e+02
1.510950792049371004e+09 1.429999999999999882e-01 2.857699999999999818e+02
1.510950792144212961e+09 1.431000000000000050e-01 2.857699999999999818e+02
1.510950792243985891e+09 1.431999999999999940e-01 2.857699999999999818e+02
1.510950792343765020e+09 1.433000000000000107e-01 2.857699999999999818e+02
1.510950792443511009e+09 1.433999999999999997e-01 2.857699999999999818e+02
1.510950792543277979e+09 1.433999999999999997e-01 2.857699999999999818e+02
1.510950792643075943e+09 1.439000000000000001e-01 2.857699999999999818e+02
1.510950792756882906e+09 1.439999999999999891e-01 2.857699999999999818e+02
1.510950792859196901e+09 1.441999999999999948e-01 2.857699999999999818e+02
1.510950792958951950e+09 1.441999999999999948e-01 2.857699999999999818e+02
1.510950793058722019e+09 1.439999999999999891e-01 2.857699999999999818e+02
1.510950793158368111e+09 1.441999999999999948e-01 2.857699999999999818e+02
1.510950793258296013e+09 1.441999999999999948e-01 2.857699999999999818e+02
1.510950793358381987e+09 1.441000000000000059e-01 2.857699999999999818e+02
1.510950793457436085e+09 1.441000000000000059e-01 2.857699999999999818e+02
1.510950793557451010e+09 1.434999999999999887e-01 2.857799999999999727e+02
1.510950793671427965e+09 1.434999999999999887e-01 2.857799999999999727e+02
1.510950793770395041e+09 1.433999999999999997e-01 2.857699999999999818e+02
1.510950793870284081e+09 1.433000000000000107e-01 2.857799999999999727e+02
1.510950793969263077e+09 1.431999999999999940e-01 2.857799999999999727e+02
1.510950794069374084e+09 1.431000000000000050e-01 2.857799999999999727e+02
1.510950794169243097e+09 1.431000000000000050e-01 2.857799999999999727e+02
1.510950794268328905e+09 1.429999999999999882e-01 2.857799999999999727e+02
1.510950794368233919e+09 1.431000000000000050e-01 2.857799999999999727e+02
1.510950794482135057e+09 1.429999999999999882e-01 2.857799999999999727e+02
1.510950794581186056e+09 1.433000000000000107e-01 2.857799999999999727e+02
1.510950794681267977e+09 1.431000000000000050e-01 2.857799999999999727e+02
1.510950794780318975e+09 1.433000000000000107e-01 2.857799999999999727e+02
1.510950794880247116e+09 1.433000000000000107e-01 2.857799999999999727e+02
1.510950794980262995e+09 1.433999999999999997e-01 2.857799999999999727e+02
1.510950795079385996e+09 1.433999999999999997e-01 2.857799999999999727e+02
1.510950795179294109e+09 1.436000000000000054e-01 2.857799999999999727e+02
1.510950795276525974e+09 1.441999999999999948e-01 2.857799999999999727e+02
1.510950795392184973e+09 1.441000000000000059e-01 2.857799999999999727e+02
1.510950795492156029e+09 1.441999999999999948e-01 2.857799999999999727e+02
1.510950795591209888e+09 1.441999999999999948e-01 2.857799999999999727e+02
1.510950795691121101e+09 1.441999999999999948e-01 2.857799999999999727e+02
1.510950795791095018e+09 1.441000000000000059e-01 2.857799999999999727e+02
1.510950795885305882e+09 1.441999999999999948e-01 2.857799999999999727e+02
1.510950795984642029e+09 1.439999999999999891e-01 2.857799999999999727e+02
1.510950796084619999e+09 1.434999999999999887e-01 2.857799999999999727e+02
1.510950796200862885e+09 1.433999999999999997e-01 2.857799999999999727e+02
1.510950796298358917e+09 1.431999999999999940e-01 2.857799999999999727e+02
1.510950796397732019e+09 1.431999999999999940e-01 2.857799999999999727e+02
1.510950796500586033e+09 1.431000000000000050e-01 2.857799999999999727e+02
1.510950796600280046e+09 1.431000000000000050e-01 2.857799999999999727e+02
1.510950796700041056e+09 1.429999999999999882e-01 2.857799999999999727e+02
1.510950796799854040e+09 1.429999999999999882e-01 2.857900000000000205e+02
1.510950796899579048e+09 1.428999999999999992e-01 2.857900000000000205e+02
1.510950796999367952e+09 1.428999999999999992e-01 2.857900000000000205e+02
1.510950797099076986e+09 1.431999999999999940e-01 2.857900000000000205e+02
1.510950797214018106e+09 1.433999999999999997e-01 2.857799999999999727e+02
1.510950797313146114e+09 1.433000000000000107e-01 2.857799999999999727e+02
1.510950797412519932e+09 1.433999999999999997e-01 2.857799999999999727e+02
1.510950797512111902e+09 1.434999999999999887e-01 2.857900000000000205e+02
1.510950797612015963e+09 1.434999999999999887e-01 2.857799999999999727e+02
1.510950797707541943e+09 1.436000000000000054e-01 2.857799999999999727e+02
1.510950797810897112e+09 1.438000000000000111e-01 2.857900000000000205e+02
1.510950797910929918e+09 1.441999999999999948e-01 2.857900000000000205e+02
1.510950798025010109e+09 1.441000000000000059e-01 2.857900000000000205e+02
1.510950798123871088e+09 1.441000000000000059e-01 2.857900000000000205e+02
1.510950798223833084e+09 1.441999999999999948e-01 2.857900000000000205e+02
1.510950798322892904e+09 1.441000000000000059e-01 2.857900000000000205e+02
1.510950798422970057e+09 1.439999999999999891e-01 2.857900000000000205e+02
1.510950798522877932e+09 1.439999999999999891e-01 2.857900000000000205e+02
1.510950798621838093e+09 1.438000000000000111e-01 2.857799999999999727e+02
1.510950798722187042e+09 1.436999999999999944e-01 2.857799999999999727e+02
1.510950798820878983e+09 1.431999999999999940e-01 2.857900000000000205e+02
1.510950798934881926e+09 1.431000000000000050e-01 2.857900000000000205e+02
1.510950799034876108e+09 1.431000000000000050e-01 2.857900000000000205e+02
1.510950799132003069e+09 1.428999999999999992e-01 2.857900000000000205e+02
1.510950799233829021e+09 1.429999999999999882e-01 2.857900000000000205e+02
1.510950799333872080e+09 1.428000000000000103e-01 2.857900000000000205e+02
1.510950799432864904e+09 1.429999999999999882e-01 2.857900000000000205e+02
1.510950799532890081e+09 1.428000000000000103e-01 2.857900000000000205e+02
1.510950799631833076e+09 1.431999999999999940e-01 2.857900000000000205e+02
1.510950799742788076e+09 1.433999999999999997e-01 2.857900000000000205e+02
1.510950799842542887e+09 1.434999999999999887e-01 2.857900000000000205e+02
1.510950799941510916e+09 1.434999999999999887e-01 2.857900000000000205e+02
1.510950800042136908e+09 1.436000000000000054e-01 2.857900000000000205e+02
1.510950800141839981e+09 1.436000000000000054e-01 2.857900000000000205e+02
1.510950800241610050e+09 1.436999999999999944e-01 2.857900000000000205e+02
1.510950800341377020e+09 1.439000000000000001e-01 2.857900000000000205e+02
1.510950800441190958e+09 1.439999999999999891e-01 2.857900000000000205e+02
1.510950800556777954e+09 1.441000000000000059e-01 2.857900000000000205e+02
1.510950800656510115e+09 1.441000000000000059e-01 2.857900000000000205e+02
1.510950800755748987e+09 1.441000000000000059e-01 2.857799999999999727e+02
1.510950800855848074e+09 1.439999999999999891e-01 2.857799999999999727e+02
1.510950800955832005e+09 1.438000000000000111e-01 2.857900000000000205e+02
1.510950801054763079e+09 1.438000000000000111e-01 2.857799999999999727e+02
1.510950801154864073e+09 1.438000000000000111e-01 2.857799999999999727e+02
1.510950801254736900e+09 1.436999999999999944e-01 2.857799999999999727e+02
1.510950801353704929e+09 1.431999999999999940e-01 2.857799999999999727e+02
1.510950801467573881e+09 1.431000000000000050e-01 2.857799999999999727e+02
1.510950801566909075e+09 1.429999999999999882e-01 2.857799999999999727e+02
1.510950801666732073e+09 1.428000000000000103e-01 2.857799999999999727e+02
1.510950801766644955e+09 1.431000000000000050e-01 2.857799999999999727e+02
1.510950801865627050e+09 1.428999999999999992e-01 2.857799999999999727e+02
1.510950801965610981e+09 1.428000000000000103e-01 2.857799999999999727e+02
1.510950802065665007e+09 1.428999999999999992e-01 2.857799999999999727e+02
1.510950802164683104e+09 1.433999999999999997e-01 2.857799999999999727e+02
1.510950802276161909e+09 1.434999999999999887e-01 2.857799999999999727e+02
1.510950802378690004e+09 1.434999999999999887e-01 2.857799999999999727e+02
1.510950802477617025e+09 1.436000000000000054e-01 2.857799999999999727e+02
1.510950802577611923e+09 1.436999999999999944e-01 2.857799999999999727e+02
1.510950802676573038e+09 1.439000000000000001e-01 2.857799999999999727e+02
1.510950802776608944e+09 1.439000000000000001e-01 2.857699999999999818e+02
1.510950802876538992e+09 1.439999999999999891e-01 2.857699999999999818e+02
1.510950802975526094e+09 1.439999999999999891e-01 2.857699999999999818e+02
1.510950803075525045e+09 1.441000000000000059e-01 2.857699999999999818e+02
1.510950803174566031e+09 1.441000000000000059e-01 2.857699999999999818e+02
1.510950803284389973e+09 1.439999999999999891e-01 2.857699999999999818e+02
1.510950803384154081e+09 1.439000000000000001e-01 2.857699999999999818e+02
1.510950803483920097e+09 1.439999999999999891e-01 2.857699999999999818e+02
1.510950803583698034e+09 1.436999999999999944e-01 2.857699999999999818e+02
1.510950803683409929e+09 1.438000000000000111e-01 2.857599999999999909e+02
1.510950803783175945e+09 1.436999999999999944e-01 2.857599999999999909e+02
1.510950803882936954e+09 1.436999999999999944e-01 2.857599999999999909e+02
1.510950803982707024e+09 1.434999999999999887e-01 2.857599999999999909e+02
1.510950804082468987e+09 1.429999999999999882e-01 2.857599999999999909e+02
1.510950804198978901e+09 1.428999999999999992e-01 2.857599999999999909e+02
1.510950804298491001e+09 1.429999999999999882e-01 2.857599999999999909e+02
1.510950804398386955e+09 1.428999999999999992e-01 2.857599999999999909e+02
1.510950804498162031e+09 1.429999999999999882e-01 2.857599999999999909e+02
1.510950804597443104e+09 1.431000000000000050e-01 2.857599999999999909e+02
1.510950804697478056e+09 1.428999999999999992e-01 2.857599999999999909e+02
1.510950804796458960e+09 1.431000000000000050e-01 2.857599999999999909e+02
1.510950804896441936e+09 1.434999999999999887e-01 2.857599999999999909e+02
1.510950805009244919e+09 1.436000000000000054e-01 2.857599999999999909e+02
1.510950805109442949e+09 1.438000000000000111e-01 2.857599999999999909e+02
1.510950805209465027e+09 1.439000000000000001e-01 2.857500000000000000e+02
1.510950805309375048e+09 1.441000000000000059e-01 2.857500000000000000e+02
1.510950805408337116e+09 1.439999999999999891e-01 2.857500000000000000e+02
1.510950805508343935e+09 1.441999999999999948e-01 2.857500000000000000e+02
1.510950805607358932e+09 1.441000000000000059e-01 2.857500000000000000e+02
1.510950805707453012e+09 1.439999999999999891e-01 2.857500000000000000e+02
1.510950805818969011e+09 1.439000000000000001e-01 2.857500000000000000e+02
1.510950805920663118e+09 1.439000000000000001e-01 2.857500000000000000e+02
1.510950806020210028e+09 1.438000000000000111e-01 2.857500000000000000e+02
1.510950806120238066e+09 1.438000000000000111e-01 2.857500000000000000e+02
1.510950806219321966e+09 1.436000000000000054e-01 2.857500000000000000e+02
1.510950806319251060e+09 1.434999999999999887e-01 2.857500000000000000e+02
1.510950806419339895e+09 1.433999999999999997e-01 2.857500000000000000e+02
1.510950806518273115e+09 1.429999999999999882e-01 2.857500000000000000e+02
1.510950806631825924e+09 1.428999999999999992e-01 2.857500000000000000e+02
1.510950806726423025e+09 1.429999999999999882e-01 2.857500000000000000e+02
1.510950806831120014e+09 1.428999999999999992e-01 2.857500000000000000e+02
1.510950806931365967e+09 1.429999999999999882e-01 2.857500000000000000e+02
1.510950807025461912e+09 1.429999999999999882e-01 2.857500000000000000e+02
1.510950807130160093e+09 1.431000000000000050e-01 2.857400000000000091e+02
1.510950807230207920e+09 1.428999999999999992e-01 2.857400000000000091e+02
1.510950807324773073e+09 1.431000000000000050e-01 2.857400000000000091e+02
1.510950807424544096e+09 1.439000000000000001e-01 2.857400000000000091e+02
1.510950807541080952e+09 1.438000000000000111e-01 2.857400000000000091e+02
1.510950807640701056e+09 1.439000000000000001e-01 2.857400000000000091e+02
1.510950807740417004e+09 1.439999999999999891e-01 2.857400000000000091e+02
1.510950807840183020e+09 1.439999999999999891e-01 2.857400000000000091e+02
1.510950807936986923e+09 1.441000000000000059e-01 2.857400000000000091e+02
1.510950808039693117e+09 1.441000000000000059e-01 2.857400000000000091e+02
1.510950808139482021e+09 1.443000000000000116e-01 2.857400000000000091e+02
1.510950808239234924e+09 1.441000000000000059e-01 2.857400000000000091e+02
1.510950808339266062e+09 1.439000000000000001e-01 2.857400000000000091e+02
1.510950808453052998e+09 1.436999999999999944e-01 2.857400000000000091e+02
1.510950808553159952e+09 1.438000000000000111e-01 2.857400000000000091e+02
1.510950808652090073e+09 1.434999999999999887e-01 2.857400000000000091e+02
1.510950808752137899e+09 1.434999999999999887e-01 2.857400000000000091e+02
1.510950808852144003e+09 1.433000000000000107e-01 2.857400000000000091e+02
1.510950808951133966e+09 1.433000000000000107e-01 2.857400000000000091e+02
1.510950809051110029e+09 1.433000000000000107e-01 2.857400000000000091e+02
1.510950809150100946e+09 1.428999999999999992e-01 2.857300000000000182e+02
1.510950809264120102e+09 1.429999999999999882e-01 2.857400000000000091e+02
1.510950809364162922e+09 1.429999999999999882e-01 2.857300000000000182e+02
1.510950809463007927e+09 1.431000000000000050e-01 2.857300000000000182e+02
1.510950809563040972e+09 1.431000000000000050e-01 2.857300000000000182e+02
1.510950809662997961e+09 1.431000000000000050e-01 2.857300000000000182e+02
1.510950809762057066e+09 1.431999999999999940e-01 2.857300000000000182e+02
1.510950809861994982e+09 1.433000000000000107e-01 2.857300000000000182e+02
1.510950809961009026e+09 1.433999999999999997e-01 2.857300000000000182e+02
1.510950810061078072e+09 1.439000000000000001e-01 2.857300000000000182e+02
1.510950810174952984e+09 1.439000000000000001e-01 2.857300000000000182e+02
1.510950810274364948e+09 1.439999999999999891e-01 2.857300000000000182e+02
1.510950810373949051e+09 1.441999999999999948e-01 2.857300000000000182e+02
1.510950810474033117e+09 1.441000000000000059e-01 2.857300000000000182e+02
1.510950810572921038e+09 1.441999999999999948e-01 2.857300000000000182e+02
1.510950810672844887e+09 1.443000000000000116e-01 2.857300000000000182e+02
1.510950810770267010e+09 1.439999999999999891e-01 2.857300000000000182e+02
1.510950810872287035e+09 1.439000000000000001e-01 2.857300000000000182e+02
1.510950810981003046e+09 1.436000000000000054e-01 2.857300000000000182e+02
1.510950811082496881e+09 1.436000000000000054e-01 2.857300000000000182e+02
1.510950811181974888e+09 1.434999999999999887e-01 2.857300000000000182e+02
1.510950811282041073e+09 1.433000000000000107e-01 2.857300000000000182e+02
1.510950811379926920e+09 1.433000000000000107e-01 2.857300000000000182e+02
1.510950811481587887e+09 1.433000000000000107e-01 2.857300000000000182e+02
1.510950811581372023e+09 1.431999999999999940e-01 2.857300000000000182e+02
1.510950811681037903e+09 1.431000000000000050e-01 2.857400000000000091e+02
1.510950811780811071e+09 1.429999999999999882e-01 2.857300000000000182e+02
1.510950811880611897e+09 1.429999999999999882e-01 2.857300000000000182e+02
1.510950811992762089e+09 1.429999999999999882e-01 2.857300000000000182e+02
1.510950812095882893e+09 1.431000000000000050e-01 2.857300000000000182e+02
1.510950812194861889e+09 1.431000000000000050e-01 2.857300000000000182e+02
1.510950812289887905e+09 1.431999999999999940e-01 2.857300000000000182e+02
1.510950812393055916e+09 1.431999999999999940e-01 2.857400000000000091e+02
1.510950812493676901e+09 1.436000000000000054e-01 2.857400000000000091e+02
1.510950812593933105e+09 1.434999999999999887e-01 2.857400000000000091e+02
1.510950812692583084e+09 1.434999999999999887e-01 2.857400000000000091e+02
1.510950812792809963e+09 1.436000000000000054e-01 2.857400000000000091e+02
1.510950812887768030e+09 1.439999999999999891e-01 2.857400000000000091e+02
1.510950813005722046e+09 1.439999999999999891e-01 2.857400000000000091e+02
1.510950813105732918e+09 1.443000000000000116e-01 2.857400000000000091e+02
1.510950813205928087e+09 1.441000000000000059e-01 2.857400000000000091e+02
1.510950813304863930e+09 1.441000000000000059e-01 2.857400000000000091e+02
1.510950813405116081e+09 1.441000000000000059e-01 2.857400000000000091e+02
1.510950813503576994e+09 1.439000000000000001e-01 2.857300000000000182e+02
1.510950813603951931e+09 1.439999999999999891e-01 2.857300000000000182e+02
1.510950813703639984e+09 1.433000000000000107e-01 2.857300000000000182e+02
1.510950813817771912e+09 1.433000000000000107e-01 2.857300000000000182e+02
1.510950813915518045e+09 1.431999999999999940e-01 2.857300000000000182e+02
1.510950814011641979e+09 1.431999999999999940e-01 2.857300000000000182e+02
1.510950814115742922e+09 1.431999999999999940e-01 2.857300000000000182e+02
1.510950814213447094e+09 1.431000000000000050e-01 2.857300000000000182e+02
1.510950814309350967e+09 1.429999999999999882e-01 2.857300000000000182e+02
1.510950814410602093e+09 1.429999999999999882e-01 2.857300000000000182e+02
1.510950814509620905e+09 1.428000000000000103e-01 2.857300000000000182e+02
1.510950814608205080e+09 1.426999999999999935e-01 2.857300000000000182e+02
1.510950814711452961e+09 1.418999999999999984e-01 2.857300000000000182e+02
1.510950814823597908e+09 1.378999999999999948e-01 2.857200000000000273e+02
1.510950814923352003e+09 1.274000000000000132e-01 2.857200000000000273e+02
1.510950815023010015e+09 1.139000000000000012e-01 2.857200000000000273e+02
1.510950815122884989e+09 7.756000000000000394e-02 2.857200000000000273e+02
1.510950815335952044e+09 7.772999999999999909e-01 2.857200000000000273e+02
1.510950815552397013e+09 7.779000000000000359e-01 2.857200000000000273e+02
1.510950815638335943e+09 7.781000000000000139e-01 2.857200000000000273e+02
1.510950815733874083e+09 7.779000000000000359e-01 2.857200000000000273e+02
1.510950815837791920e+09 7.771000000000000130e-01 2.857300000000000182e+02
1.510950815936507940e+09 7.772999999999999909e-01 2.857300000000000182e+02
1.510950816036613941e+09 7.773999999999999799e-01 2.857200000000000273e+02
1.510950816132467985e+09 7.772999999999999909e-01 2.857200000000000273e+02
1.510950816235491037e+09 7.768000000000000460e-01 2.857099999999999795e+02
1.510950816335201025e+09 7.774999999999999689e-01 2.857099999999999795e+02
1.510950816430150986e+09 7.772999999999999909e-01 2.857099999999999795e+02
1.510950816534075022e+09 7.764999999999999680e-01 2.857099999999999795e+02
1.510950816648380995e+09 7.765999999999999570e-01 2.857099999999999795e+02
1.510950816747345924e+09 7.770000000000000240e-01 2.857099999999999795e+02
1.510950816845061064e+09 7.769000000000000350e-01 2.857099999999999795e+02
1.510950816947491884e+09 7.761000000000000121e-01 2.857099999999999795e+02
1.510950817046546936e+09 7.775999999999999579e-01 2.857099999999999795e+02
1.510950817142687082e+09 7.761000000000000121e-01 2.857099999999999795e+02
1.510950817246834040e+09 7.760000000000000231e-01 2.857099999999999795e+02
1.510950817345558882e+09 7.773999999999999799e-01 2.857099999999999795e+02
1.510950817445368052e+09 7.770000000000000240e-01 2.857099999999999795e+02
1.510950817558522940e+09 7.775999999999999579e-01 2.857099999999999795e+02
1.510950817658444881e+09 7.778000000000000469e-01 2.857099999999999795e+02
1.510950817758394003e+09 7.774999999999999689e-01 2.857099999999999795e+02
1.510950817854052067e+09 7.778000000000000469e-01 2.856999999999999886e+02
1.510950817957384109e+09 7.778000000000000469e-01 2.857099999999999795e+02
1.510950818056363106e+09 7.779000000000000359e-01 2.857099999999999795e+02
1.510950818156322956e+09 7.775999999999999579e-01 2.856999999999999886e+02
1.510950818253783941e+09 7.772999999999999909e-01 2.856999999999999886e+02
1.510950818365144014e+09 7.772999999999999909e-01 2.856999999999999886e+02
1.510950818464540005e+09 7.772999999999999909e-01 2.856999999999999886e+02
1.510950818568773985e+09 7.771000000000000130e-01 2.856999999999999886e+02
1.510950818664446115e+09 7.773999999999999799e-01 2.856999999999999886e+02
1.510950818764142990e+09 7.772000000000000020e-01 2.856999999999999886e+02
1.510950818866316080e+09 7.771000000000000130e-01 2.856999999999999886e+02
1.510950818963504076e+09 7.779000000000000359e-01 2.856999999999999886e+02
1.510950819063496113e+09 7.765999999999999570e-01 2.856999999999999886e+02
1.510950819162233114e+09 7.760000000000000231e-01 2.856999999999999886e+02
1.510950819279675007e+09 7.766999999999999460e-01 2.856999999999999886e+02
1.510950819377227068e+09 7.763999999999999790e-01 2.856999999999999886e+02
1.510950819476856947e+09 7.765999999999999570e-01 2.856999999999999886e+02
1.510950819578927994e+09 7.761000000000000121e-01 2.856999999999999886e+02
1.510950819678215981e+09 7.756999999999999451e-01 2.856999999999999886e+02
1.510950819778285027e+09 7.765999999999999570e-01 2.856999999999999886e+02
1.510950819877532959e+09 7.769000000000000350e-01 2.856999999999999886e+02
1.510950819977197886e+09 7.774999999999999689e-01 2.856999999999999886e+02
1.510950820077291012e+09 7.765999999999999570e-01 2.856999999999999886e+02
1.510950820190462112e+09 7.765999999999999570e-01 2.856999999999999886e+02
1.510950820290165901e+09 7.778000000000000469e-01 2.856999999999999886e+02
1.510950820386534929e+09 7.773999999999999799e-01 2.856999999999999886e+02
1.510950820490287066e+09 7.778000000000000469e-01 2.856999999999999886e+02
1.510950820584377050e+09 7.775999999999999579e-01 2.856999999999999886e+02
1.510950820689414978e+09 7.785999999999999588e-01 2.856999999999999886e+02
1.510950820788201094e+09 7.780000000000000249e-01 2.856999999999999886e+02
1.510950820884289026e+09 7.769000000000000350e-01 2.856999999999999886e+02
1.510950821002655983e+09 7.779000000000000359e-01 2.856999999999999886e+02
1.510950821100547075e+09 7.781000000000000139e-01 2.856999999999999886e+02
1.510950821197233915e+09 7.776999999999999469e-01 2.856999999999999886e+02
1.510950821301608086e+09 7.772999999999999909e-01 2.856999999999999886e+02
1.510950821400243998e+09 7.772999999999999909e-01 2.856999999999999886e+02
1.510950821500207901e+09 7.764999999999999680e-01 2.856999999999999886e+02
1.510950821595931053e+09 7.773999999999999799e-01 2.856999999999999886e+02
1.510950821699604988e+09 7.774999999999999689e-01 2.856999999999999886e+02
1.510950821799020052e+09 7.769000000000000350e-01 2.856999999999999886e+02
1.510950821897929907e+09 7.772999999999999909e-01 2.856999999999999886e+02
1.510950822012339115e+09 7.768000000000000460e-01 2.856999999999999886e+02
1.510950822112018108e+09 7.761000000000000121e-01 2.856999999999999886e+02
1.510950822205888033e+09 7.772999999999999909e-01 2.856999999999999886e+02
1.510950822308073997e+09 7.763999999999999790e-01 2.856999999999999886e+02
1.510950822405539989e+09 7.764999999999999680e-01 2.856999999999999886e+02
1.510950822505292892e+09 7.762000000000000011e-01 2.856999999999999886e+02
1.510950822604931116e+09 7.769000000000000350e-01 2.856999999999999886e+02
1.510950822704827070e+09 7.770000000000000240e-01 2.856999999999999886e+02
1.510950822804595947e+09 7.772999999999999909e-01 2.856999999999999886e+02
1.510950822920890093e+09 7.776999999999999469e-01 2.856999999999999886e+02
1.510950823020289898e+09 7.779000000000000359e-01 2.856999999999999886e+02
1.510950823120516062e+09 7.783999999999999808e-01 2.856999999999999886e+02
1.510950823220288992e+09 7.774999999999999689e-01 2.856999999999999886e+02
1.510950823317240000e+09 7.768000000000000460e-01 2.856999999999999886e+02
1.510950823421133041e+09 7.780000000000000249e-01 2.856999999999999886e+02
1.510950823519579887e+09 7.775999999999999579e-01 2.856999999999999886e+02
1.510950823619350910e+09 7.776999999999999469e-01 2.856999999999999886e+02
1.510950823718523979e+09 7.771000000000000130e-01 2.856999999999999886e+02
1.510950823832854033e+09 7.776999999999999469e-01 2.856999999999999886e+02
1.510950823932470083e+09 7.768000000000000460e-01 2.856999999999999886e+02
1.510950824027208090e+09 7.768000000000000460e-01 2.857099999999999795e+02
1.510950824126694918e+09 7.765999999999999570e-01 2.856999999999999886e+02
1.510950824230458021e+09 7.771000000000000130e-01 2.856999999999999886e+02
1.510950824330905914e+09 7.765999999999999570e-01 2.856999999999999886e+02
1.510950824430871964e+09 7.772999999999999909e-01 2.856999999999999886e+02
1.510950824527686119e+09 7.770000000000000240e-01 2.856999999999999886e+02
1.510950824629873991e+09 7.769000000000000350e-01 2.856999999999999886e+02
1.510950824743899107e+09 7.765999999999999570e-01 2.856999999999999886e+02
1.510950824840528965e+09 7.764999999999999680e-01 2.856999999999999886e+02
