# 
# Duration (in s): 30
# Pointing Position of the Horn: Calibrator paddle
# Angle pointing (from vertical): 0
# Calibrator used: YES
# Weather: very clear
# Units: nanoWatt
# Comments: 
1.510950395960128069e+09 7.891000000000000236e-01 2.863500000000000227e+02
1.510950396053620100e+09 7.883999999999999897e-01 2.863500000000000227e+02
1.510950396136538982e+09 7.889000000000000457e-01 2.863500000000000227e+02
1.510950396236277103e+09 7.893000000000000016e-01 2.863500000000000227e+02
1.510950396352667093e+09 7.891000000000000236e-01 2.863500000000000227e+02
1.510950396452455997e+09 7.891000000000000236e-01 2.863500000000000227e+02
1.510950396552335978e+09 7.892000000000000126e-01 2.863500000000000227e+02
1.510950396651954889e+09 7.893999999999999906e-01 2.863500000000000227e+02
1.510950396751353025e+09 7.901000000000000245e-01 2.863500000000000227e+02
1.510950396851495028e+09 7.896999999999999575e-01 2.863500000000000227e+02
1.510950396950444937e+09 7.893999999999999906e-01 2.863500000000000227e+02
1.510950397050493002e+09 7.899000000000000465e-01 2.863500000000000227e+02
1.510950397146656036e+09 7.894999999999999796e-01 2.863500000000000227e+02
1.510950397263432026e+09 7.889000000000000457e-01 2.863500000000000227e+02
1.510950397363400936e+09 7.886999999999999567e-01 2.863500000000000227e+02
1.510950397463466883e+09 7.893999999999999906e-01 2.863500000000000227e+02
1.510950397562443972e+09 7.883999999999999897e-01 2.863500000000000227e+02
1.510950397662457943e+09 7.890000000000000346e-01 2.863500000000000227e+02
1.510950397761498928e+09 7.883000000000000007e-01 2.863500000000000227e+02
1.510950397861378908e+09 7.883999999999999897e-01 2.863500000000000227e+02
1.510950397961442947e+09 7.891000000000000236e-01 2.863500000000000227e+02
1.510950398074475050e+09 7.882000000000000117e-01 2.863500000000000227e+02
1.510950398174415112e+09 7.885999999999999677e-01 2.863500000000000227e+02
1.510950398274420977e+09 7.879000000000000448e-01 2.863500000000000227e+02
1.510950398373364925e+09 7.883000000000000007e-01 2.863500000000000227e+02
1.510950398473387957e+09 7.889000000000000457e-01 2.863500000000000227e+02
1.510950398572448015e+09 7.892000000000000126e-01 2.863500000000000227e+02
1.510950398672435999e+09 7.883000000000000007e-01 2.863500000000000227e+02
1.510950398772381067e+09 7.887999999999999456e-01 2.863500000000000227e+02
1.510950398871438026e+09 7.894999999999999796e-01 2.863500000000000227e+02
1.510950398971354008e+09 7.901000000000000245e-01 2.863500000000000227e+02
1.510950399085124969e+09 7.897999999999999465e-01 2.863500000000000227e+02
1.510950399184251070e+09 7.895999999999999686e-01 2.863500000000000227e+02
1.510950399284260035e+09 7.902000000000000135e-01 2.863500000000000227e+02
1.510950399378819942e+09 7.901000000000000245e-01 2.863500000000000227e+02
1.510950399478534937e+09 7.893000000000000016e-01 2.863500000000000227e+02
1.510950399578351021e+09 7.897999999999999465e-01 2.863500000000000227e+02
1.510950399678061008e+09 7.889000000000000457e-01 2.863500000000000227e+02
1.510950399777851105e+09 7.890000000000000346e-01 2.863500000000000227e+02
1.510950399877588034e+09 7.894999999999999796e-01 2.863500000000000227e+02
1.510950399993987083e+09 7.893999999999999906e-01 2.863500000000000227e+02
1.510950400093801975e+09 7.891000000000000236e-01 2.863500000000000227e+02
1.510950400193516970e+09 7.892000000000000126e-01 2.863500000000000227e+02
1.510950400293348074e+09 7.885999999999999677e-01 2.863500000000000227e+02
1.510950400392770052e+09 7.883999999999999897e-01 2.863500000000000227e+02
1.510950400492815018e+09 7.879000000000000448e-01 2.863500000000000227e+02
1.510950400592627048e+09 7.881000000000000227e-01 2.863500000000000227e+02
1.510950400692353010e+09 7.886999999999999567e-01 2.863500000000000227e+02
1.510950400806217909e+09 7.886999999999999567e-01 2.863500000000000227e+02
1.510950400906212091e+09 7.886999999999999567e-01 2.863500000000000227e+02
1.510950401002002954e+09 7.885999999999999677e-01 2.863500000000000227e+02
1.510950401105281115e+09 7.892000000000000126e-01 2.863500000000000227e+02
1.510950401205179930e+09 7.883999999999999897e-01 2.863500000000000227e+02
1.510950401305198908e+09 7.890000000000000346e-01 2.863500000000000227e+02
1.510950401404146910e+09 7.891000000000000236e-01 2.863500000000000227e+02
1.510950401504072905e+09 7.889000000000000457e-01 2.863500000000000227e+02
1.510950401617172003e+09 7.887999999999999456e-01 2.863500000000000227e+02
1.510950401717065096e+09 7.897999999999999465e-01 2.863500000000000227e+02
1.510950401817038059e+09 7.897999999999999465e-01 2.863500000000000227e+02
1.510950401916029930e+09 7.897999999999999465e-01 2.863500000000000227e+02
1.510950402016052008e+09 7.895999999999999686e-01 2.863500000000000227e+02
1.510950402115051031e+09 7.896999999999999575e-01 2.863500000000000227e+02
1.510950402215106010e+09 7.897999999999999465e-01 2.863500000000000227e+02
1.510950402315037966e+09 7.887999999999999456e-01 2.863500000000000227e+02
1.510950402428071976e+09 7.877999999999999448e-01 2.863600000000000136e+02
1.510950402528022051e+09 7.886999999999999567e-01 2.863500000000000227e+02
1.510950402628041983e+09 7.882000000000000117e-01 2.863500000000000227e+02
1.510950402727056980e+09 7.883000000000000007e-01 2.863500000000000227e+02
1.510950402826996088e+09 7.882000000000000117e-01 2.863500000000000227e+02
1.510950402926218987e+09 7.886999999999999567e-01 2.863500000000000227e+02
1.510950403022113085e+09 7.883999999999999897e-01 2.863500000000000227e+02
1.510950403125926018e+09 7.884999999999999787e-01 2.863500000000000227e+02
1.510950403224983931e+09 7.885999999999999677e-01 2.863500000000000227e+02
1.510950403336007118e+09 7.880000000000000338e-01 2.863500000000000227e+02
1.510950403435816050e+09 7.884999999999999787e-01 2.863500000000000227e+02
1.510950403535540104e+09 7.883999999999999897e-01 2.863500000000000227e+02
1.510950403635288954e+09 7.892000000000000126e-01 2.863500000000000227e+02
1.510950403735084057e+09 7.887999999999999456e-01 2.863500000000000227e+02
1.510950403834841967e+09 7.893999999999999906e-01 2.863500000000000227e+02
1.510950403934604883e+09 7.891000000000000236e-01 2.863500000000000227e+02
1.510950404034372091e+09 7.893999999999999906e-01 2.863500000000000227e+02
1.510950404134150028e+09 7.893999999999999906e-01 2.863500000000000227e+02
1.510950404248269081e+09 7.903000000000000025e-01 2.863500000000000227e+02
1.510950404349015951e+09 7.899000000000000465e-01 2.863500000000000227e+02
1.510950404449009895e+09 7.892000000000000126e-01 2.863500000000000227e+02
1.510950404548453093e+09 7.887999999999999456e-01 2.863500000000000227e+02
1.510950404647829056e+09 7.890000000000000346e-01 2.863500000000000227e+02
1.510950404747869968e+09 7.893999999999999906e-01 2.863500000000000227e+02
1.510950404846827984e+09 7.897999999999999465e-01 2.863500000000000227e+02
1.510950404946825027e+09 7.881000000000000227e-01 2.863500000000000227e+02
1.510950405059597015e+09 7.885999999999999677e-01 2.863500000000000227e+02
1.510950405159815073e+09 7.877999999999999448e-01 2.863500000000000227e+02
1.510950405259793997e+09 7.882000000000000117e-01 2.863500000000000227e+02
1.510950405355520010e+09 7.877999999999999448e-01 2.863500000000000227e+02
1.510950405458715916e+09 7.879000000000000448e-01 2.863500000000000227e+02
1.510950405558757067e+09 7.887999999999999456e-01 2.863500000000000227e+02
1.510950405657701969e+09 7.883000000000000007e-01 2.863500000000000227e+02
1.510950405757752895e+09 7.886999999999999567e-01 2.863500000000000227e+02
1.510950405857907057e+09 7.890000000000000346e-01 2.863500000000000227e+02
1.510950405970743895e+09 7.885999999999999677e-01 2.863500000000000227e+02
1.510950406070828915e+09 7.885999999999999677e-01 2.863500000000000227e+02
1.510950406169713974e+09 7.891000000000000236e-01 2.863500000000000227e+02
1.510950406268610001e+09 7.893000000000000016e-01 2.863500000000000227e+02
1.510950406369791985e+09 7.894999999999999796e-01 2.863500000000000227e+02
1.510950406468805075e+09 7.889000000000000457e-01 2.863500000000000227e+02
1.510950406568660021e+09 7.893000000000000016e-01 2.863500000000000227e+02
1.510950406668704033e+09 7.902000000000000135e-01 2.863500000000000227e+02
1.510950406777863979e+09 7.893999999999999906e-01 2.863500000000000227e+02
1.510950406877635956e+09 7.892000000000000126e-01 2.863600000000000136e+02
1.510950406977385998e+09 7.894999999999999796e-01 2.863500000000000227e+02
1.510950407077109098e+09 7.883999999999999897e-01 2.863500000000000227e+02
1.510950407176872015e+09 7.896999999999999575e-01 2.863500000000000227e+02
1.510950407276621103e+09 7.893000000000000016e-01 2.863600000000000136e+02
1.510950407376302004e+09 7.895999999999999686e-01 2.863600000000000136e+02
1.510950407475805998e+09 7.890000000000000346e-01 2.863600000000000136e+02
1.510950407575918913e+09 7.893000000000000016e-01 2.863600000000000136e+02
1.510950407673918009e+09 7.884999999999999787e-01 2.863600000000000136e+02
1.510950407787400961e+09 7.892000000000000126e-01 2.863600000000000136e+02
1.510950407889662981e+09 7.883999999999999897e-01 2.863600000000000136e+02
1.510950407987608910e+09 7.882000000000000117e-01 2.863600000000000136e+02
1.510950408086457014e+09 7.884999999999999787e-01 2.863600000000000136e+02
1.510950408190792084e+09 7.883999999999999897e-01 2.863600000000000136e+02
1.510950408286806107e+09 7.885999999999999677e-01 2.863600000000000136e+02
1.510950408389683008e+09 7.889000000000000457e-01 2.863600000000000136e+02
1.510950408484045029e+09 7.882000000000000117e-01 2.863600000000000136e+02
1.510950408584412098e+09 7.881000000000000227e-01 2.863600000000000136e+02
1.510950408688596010e+09 7.891000000000000236e-01 2.863600000000000136e+02
1.510950408802495003e+09 7.890000000000000346e-01 2.863600000000000136e+02
1.510950408901699066e+09 7.894999999999999796e-01 2.863600000000000136e+02
1.510950409001661062e+09 7.896999999999999575e-01 2.863600000000000136e+02
1.510950409099788904e+09 7.893000000000000016e-01 2.863600000000000136e+02
1.510950409200615883e+09 7.895999999999999686e-01 2.863600000000000136e+02
1.510950409300323963e+09 7.893999999999999906e-01 2.863600000000000136e+02
1.510950409399414062e+09 7.895999999999999686e-01 2.863600000000000136e+02
1.510950409499402046e+09 7.897999999999999465e-01 2.863600000000000136e+02
1.510950409609739065e+09 7.891000000000000236e-01 2.863600000000000136e+02
1.510950409712527990e+09 7.886999999999999567e-01 2.863600000000000136e+02
1.510950409812377930e+09 7.887999999999999456e-01 2.863600000000000136e+02
1.510950409912162066e+09 7.891000000000000236e-01 2.863600000000000136e+02
1.510950410011368036e+09 7.893999999999999906e-01 2.863600000000000136e+02
1.510950410106287003e+09 7.879000000000000448e-01 2.863600000000000136e+02
1.510950410210225105e+09 7.883999999999999897e-01 2.863600000000000136e+02
1.510950410310363054e+09 7.886999999999999567e-01 2.863600000000000136e+02
1.510950410410413980e+09 7.891000000000000236e-01 2.863600000000000136e+02
1.510950410518954039e+09 7.881000000000000227e-01 2.863600000000000136e+02
1.510950410618340969e+09 7.879000000000000448e-01 2.863600000000000136e+02
1.510950410718487978e+09 7.879000000000000448e-01 2.863600000000000136e+02
1.510950410818252087e+09 7.880000000000000338e-01 2.863600000000000136e+02
1.510950410918011904e+09 7.874999999999999778e-01 2.863600000000000136e+02
1.510950411021279097e+09 7.887999999999999456e-01 2.863600000000000136e+02
1.510950411117510080e+09 7.885999999999999677e-01 2.863700000000000045e+02
1.510950411217266083e+09 7.885999999999999677e-01 2.863700000000000045e+02
1.510950411333681107e+09 7.890000000000000346e-01 2.863700000000000045e+02
1.510950411433410883e+09 7.896999999999999575e-01 2.863700000000000045e+02
1.510950411533183098e+09 7.894999999999999796e-01 2.863700000000000045e+02
1.510950411632925034e+09 7.896999999999999575e-01 2.863700000000000045e+02
1.510950411732711077e+09 7.893000000000000016e-01 2.863700000000000045e+02
1.510950411832479954e+09 7.893000000000000016e-01 2.863700000000000045e+02
1.510950411932244062e+09 7.887999999999999456e-01 2.863700000000000045e+02
1.510950412032001019e+09 7.899000000000000465e-01 2.863700000000000045e+02
1.510950412131243944e+09 7.892000000000000126e-01 2.863700000000000045e+02
1.510950412231304884e+09 7.895999999999999686e-01 2.863700000000000045e+02
1.510950412331271887e+09 7.889000000000000457e-01 2.863700000000000045e+02
1.510950412444230080e+09 7.882000000000000117e-01 2.863700000000000045e+02
1.510950412544269085e+09 7.892000000000000126e-01 2.863700000000000045e+02
1.510950412644390106e+09 7.890000000000000346e-01 2.863700000000000045e+02
1.510950412743184090e+09 7.886999999999999567e-01 2.863700000000000045e+02
1.510950412843264103e+09 7.887999999999999456e-01 2.863700000000000045e+02
1.510950412942164898e+09 7.887999999999999456e-01 2.863700000000000045e+02
1.510950413042100906e+09 7.885999999999999677e-01 2.863700000000000045e+02
1.510950413142153978e+09 7.887999999999999456e-01 2.863700000000000045e+02
1.510950413255079031e+09 7.882000000000000117e-01 2.863700000000000045e+02
1.510950413355237961e+09 7.884999999999999787e-01 2.863700000000000045e+02
1.510950413455101013e+09 7.885999999999999677e-01 2.863700000000000045e+02
1.510950413554094076e+09 7.886999999999999567e-01 2.863700000000000045e+02
1.510950413654176950e+09 7.882000000000000117e-01 2.863700000000000045e+02
1.510950413754072905e+09 7.889000000000000457e-01 2.863700000000000045e+02
1.510950413853149891e+09 7.879000000000000448e-01 2.863700000000000045e+02
1.510950413953079939e+09 7.883999999999999897e-01 2.863700000000000045e+02
1.510950414052098989e+09 7.893000000000000016e-01 2.863700000000000045e+02
1.510950414165913105e+09 7.892000000000000126e-01 2.863700000000000045e+02
1.510950414266175032e+09 7.902000000000000135e-01 2.863700000000000045e+02
1.510950414365034103e+09 7.885999999999999677e-01 2.863700000000000045e+02
1.510950414465065956e+09 7.894999999999999796e-01 2.863700000000000045e+02
1.510950414559046030e+09 7.892000000000000126e-01 2.863799999999999955e+02
1.510950414659100056e+09 7.895999999999999686e-01 2.863799999999999955e+02
1.510950414763978958e+09 7.892000000000000126e-01 2.863799999999999955e+02
1.510950414858782053e+09 7.892000000000000126e-01 2.863799999999999955e+02
1.510950414975012064e+09 7.886999999999999567e-01 2.863799999999999955e+02
1.510950415074778080e+09 7.883999999999999897e-01 2.863799999999999955e+02
1.510950415174503088e+09 7.891000000000000236e-01 2.863799999999999955e+02
1.510950415274276972e+09 7.886999999999999567e-01 2.863799999999999955e+02
1.510950415374034882e+09 7.885999999999999677e-01 2.863799999999999955e+02
1.510950415473800898e+09 7.883999999999999897e-01 2.863799999999999955e+02
1.510950415573569059e+09 7.874999999999999778e-01 2.863799999999999955e+02
1.510950415673312902e+09 7.887999999999999456e-01 2.863799999999999955e+02
1.510950415773921967e+09 7.882000000000000117e-01 2.863799999999999955e+02
1.510950415872869968e+09 7.883999999999999897e-01 2.863799999999999955e+02
1.510950415986932039e+09 7.887999999999999456e-01 2.863799999999999955e+02
1.510950416086963892e+09 7.884999999999999787e-01 2.863799999999999955e+02
1.510950416185853004e+09 7.881000000000000227e-01 2.863799999999999955e+02
1.510950416286017895e+09 7.892000000000000126e-01 2.863799999999999955e+02
1.510950416385833979e+09 7.882000000000000117e-01 2.863799999999999955e+02
1.510950416484972000e+09 7.890000000000000346e-01 2.863799999999999955e+02
1.510950416584827900e+09 7.891000000000000236e-01 2.863799999999999955e+02
1.510950416684894085e+09 7.890000000000000346e-01 2.863799999999999955e+02
1.510950416783895016e+09 7.893999999999999906e-01 2.863799999999999955e+02
1.510950416897778034e+09 7.892000000000000126e-01 2.863799999999999955e+02
1.510950416997822046e+09 7.895999999999999686e-01 2.863799999999999955e+02
1.510950417096817017e+09 7.894999999999999796e-01 2.863799999999999955e+02
1.510950417196832895e+09 7.890000000000000346e-01 2.863799999999999955e+02
1.510950417295777082e+09 7.890000000000000346e-01 2.863799999999999955e+02
1.510950417395740032e+09 7.893999999999999906e-01 2.863799999999999955e+02
1.510950417495829105e+09 7.895999999999999686e-01 2.863799999999999955e+02
1.510950417594851017e+09 7.884999999999999787e-01 2.863799999999999955e+02
1.510950417708702087e+09 7.886999999999999567e-01 2.863799999999999955e+02
1.510950417808881998e+09 7.886999999999999567e-01 2.863799999999999955e+02
1.510950417907732010e+09 7.876999999999999558e-01 2.863799999999999955e+02
1.510950418007774115e+09 7.875999999999999668e-01 2.863799999999999955e+02
1.510950418106724977e+09 7.877999999999999448e-01 2.863799999999999955e+02
1.510950418206706047e+09 7.890000000000000346e-01 2.863799999999999955e+02
1.510950418306766987e+09 7.881000000000000227e-01 2.863799999999999955e+02
1.510950418405689955e+09 7.883000000000000007e-01 2.863799999999999955e+02
1.510950418505635023e+09 7.886999999999999567e-01 2.863799999999999955e+02
1.510950418604729891e+09 7.889000000000000457e-01 2.863799999999999955e+02
1.510950418716110945e+09 7.880000000000000338e-01 2.863799999999999955e+02
1.510950418815916061e+09 7.880000000000000338e-01 2.863799999999999955e+02
1.510950418915683031e+09 7.889000000000000457e-01 2.863799999999999955e+02
1.510950419015350103e+09 7.894999999999999796e-01 2.863799999999999955e+02
1.510950419115128040e+09 7.892000000000000126e-01 2.863799999999999955e+02
1.510950419214894056e+09 7.891000000000000236e-01 2.863799999999999955e+02
1.510950419314662933e+09 7.886999999999999567e-01 2.863799999999999955e+02
1.510950419414422989e+09 7.893000000000000016e-01 2.863799999999999955e+02
1.510950419514189959e+09 7.889000000000000457e-01 2.863799999999999955e+02
1.510950419629620075e+09 7.893999999999999906e-01 2.863899999999999864e+02
1.510950419728611946e+09 7.902000000000000135e-01 2.863899999999999864e+02
1.510950419828623056e+09 7.894999999999999796e-01 2.863899999999999864e+02
1.510950419928590059e+09 7.893999999999999906e-01 2.863899999999999864e+02
1.510950420023869991e+09 7.887999999999999456e-01 2.863899999999999864e+02
1.510950420127557993e+09 7.892000000000000126e-01 2.863899999999999864e+02
1.510950420226607084e+09 7.884999999999999787e-01 2.863899999999999864e+02
1.510950420326643944e+09 7.881000000000000227e-01 2.863899999999999864e+02
1.510950420440618038e+09 7.880000000000000338e-01 2.863899999999999864e+02
1.510950420539484024e+09 7.883999999999999897e-01 2.863899999999999864e+02
1.510950420639903069e+09 7.887999999999999456e-01 2.863899999999999864e+02
1.510950420739603996e+09 7.886999999999999567e-01 2.863899999999999864e+02
1.510950420838613033e+09 7.884999999999999787e-01 2.863899999999999864e+02
1.510950420938488960e+09 7.887999999999999456e-01 2.863899999999999864e+02
1.510950421037465096e+09 7.876999999999999558e-01 2.863899999999999864e+02
1.510950421137487888e+09 7.886999999999999567e-01 2.863899999999999864e+02
1.510950421248790979e+09 7.883999999999999897e-01 2.863899999999999864e+02
1.510950421351617098e+09 7.892000000000000126e-01 2.863899999999999864e+02
1.510950421450484037e+09 7.889000000000000457e-01 2.863899999999999864e+02
1.510950421550484896e+09 7.893999999999999906e-01 2.863899999999999864e+02
1.510950421649430990e+09 7.884999999999999787e-01 2.863899999999999864e+02
1.510950421749545097e+09 7.889000000000000457e-01 2.863899999999999864e+02
1.510950421849339962e+09 7.893999999999999906e-01 2.863899999999999864e+02
1.510950421948124886e+09 7.893000000000000016e-01 2.863899999999999864e+02
1.510950422058161974e+09 7.899000000000000465e-01 2.863899999999999864e+02
1.510950422158226967e+09 7.883999999999999897e-01 2.863899999999999864e+02
1.510950422257683992e+09 7.893000000000000016e-01 2.863899999999999864e+02
1.510950422357449055e+09 7.899000000000000465e-01 2.863899999999999864e+02
1.510950422457115889e+09 7.883000000000000007e-01 2.863899999999999864e+02
1.510950422556977034e+09 7.895999999999999686e-01 2.863899999999999864e+02
1.510950422656744003e+09 7.889000000000000457e-01 2.863899999999999864e+02
1.510950422756501913e+09 7.890000000000000346e-01 2.863899999999999864e+02
1.510950422856266975e+09 7.876999999999999558e-01 2.863899999999999864e+02
1.510950422971749067e+09 7.879000000000000448e-01 2.863899999999999864e+02
1.510950423072316885e+09 7.883000000000000007e-01 2.863899999999999864e+02
1.510950423172144890e+09 7.887999999999999456e-01 2.863899999999999864e+02
1.510950423268115997e+09 7.876999999999999558e-01 2.863899999999999864e+02
1.510950423371520996e+09 7.883000000000000007e-01 2.863899999999999864e+02
1.510950423471173048e+09 7.886999999999999567e-01 2.863899999999999864e+02
1.510950423570449114e+09 7.884999999999999787e-01 2.863899999999999864e+02
1.510950423670291901e+09 7.891000000000000236e-01 2.863899999999999864e+02
1.510950423767563105e+09 7.887999999999999456e-01 2.863899999999999864e+02
1.510950423883307934e+09 7.894999999999999796e-01 2.863899999999999864e+02
1.510950423983304977e+09 7.889000000000000457e-01 2.863899999999999864e+02
1.510950424082338095e+09 7.899000000000000465e-01 2.863899999999999864e+02
1.510950424182246923e+09 7.893999999999999906e-01 2.863899999999999864e+02
1.510950424282376051e+09 7.901000000000000245e-01 2.863899999999999864e+02
1.510950424381248951e+09 7.889000000000000457e-01 2.863899999999999864e+02
1.510950424477648020e+09 7.895999999999999686e-01 2.863899999999999864e+02
1.510950424580166101e+09 7.891000000000000236e-01 2.863899999999999864e+02
1.510950424694044113e+09 7.891000000000000236e-01 2.863899999999999864e+02
1.510950424794213057e+09 7.891000000000000236e-01 2.863899999999999864e+02
1.510950424893162966e+09 7.894999999999999796e-01 2.863899999999999864e+02
1.510950424993180990e+09 7.885999999999999677e-01 2.863899999999999864e+02
1.510950425093266964e+09 7.896999999999999575e-01 2.863899999999999864e+02
1.510950425192245007e+09 7.885999999999999677e-01 2.863899999999999864e+02
1.510950425292237043e+09 7.890000000000000346e-01 2.863899999999999864e+02
1.510950425391055107e+09 7.890000000000000346e-01 2.863899999999999864e+02
1.510950425491125107e+09 7.889000000000000457e-01 2.863899999999999864e+02
1.510950425605242014e+09 7.883000000000000007e-01 2.863899999999999864e+02
1.510950425699481964e+09 7.883999999999999897e-01 2.863899999999999864e+02
1.510950425799254894e+09 7.880000000000000338e-01 2.863899999999999864e+02
1.510950425904006004e+09 7.883000000000000007e-01 2.863899999999999864e+02
