# 
# Duration (in s): 30
# Pointing Position of the Horn: Calibrator paddle
# Angle pointing (from vertical): 0
# Calibrator used: YES
# Weather: very clear
# Units: nanoWatt
# Comments: 
1.510950627428683996e+09 7.834999999999999742e-01 2.859800000000000182e+02
1.510950627519248962e+09 7.831000000000000183e-01 2.859800000000000182e+02
1.510950627635101080e+09 7.833999999999999853e-01 2.859800000000000182e+02
1.510950627735410929e+09 7.832999999999999963e-01 2.859800000000000182e+02
1.510950627832534075e+09 7.824999999999999734e-01 2.859800000000000182e+02
1.510950627934740067e+09 7.828000000000000513e-01 2.859800000000000182e+02
1.510950628034708023e+09 7.832999999999999963e-01 2.859800000000000182e+02
1.510950628133780003e+09 7.831000000000000183e-01 2.859800000000000182e+02
1.510950628233777046e+09 7.841000000000000192e-01 2.859800000000000182e+02
1.510950628332685947e+09 7.835999999999999632e-01 2.859800000000000182e+02
1.510950628432780981e+09 7.826999999999999513e-01 2.859800000000000182e+02
1.510950628531738043e+09 7.842000000000000082e-01 2.859800000000000182e+02
1.510950628645633936e+09 7.840000000000000302e-01 2.859800000000000182e+02
1.510950628745718956e+09 7.849000000000000421e-01 2.859800000000000182e+02
1.510950628845705986e+09 7.842000000000000082e-01 2.859800000000000182e+02
1.510950628944669008e+09 7.851000000000000201e-01 2.859800000000000182e+02
1.510950629044723034e+09 7.842000000000000082e-01 2.859800000000000182e+02
1.510950629140402079e+09 7.848000000000000531e-01 2.859800000000000182e+02
1.510950629243720055e+09 7.844999999999999751e-01 2.859800000000000182e+02
1.510950629342616081e+09 7.842999999999999972e-01 2.859800000000000182e+02
1.510950629442667961e+09 7.835999999999999632e-01 2.859700000000000273e+02
1.510950629556593895e+09 7.834999999999999742e-01 2.859700000000000273e+02
1.510950629656570911e+09 7.839000000000000412e-01 2.859700000000000273e+02
1.510950629755544901e+09 7.838000000000000522e-01 2.859700000000000273e+02
1.510950629855556011e+09 7.828000000000000513e-01 2.859700000000000273e+02
1.510950629954674006e+09 7.834999999999999742e-01 2.859700000000000273e+02
1.510950630051943064e+09 7.838000000000000522e-01 2.859700000000000273e+02
1.510950630154548883e+09 7.835999999999999632e-01 2.859700000000000273e+02
1.510950630253552914e+09 7.840000000000000302e-01 2.859700000000000273e+02
1.510950630353558064e+09 7.832000000000000073e-01 2.859700000000000273e+02
1.510950630465595007e+09 7.833999999999999853e-01 2.859700000000000273e+02
1.510950630562057018e+09 7.832000000000000073e-01 2.859700000000000273e+02
1.510950630661783934e+09 7.832999999999999963e-01 2.859700000000000273e+02
1.510950630761553049e+09 7.833999999999999853e-01 2.859700000000000273e+02
1.510950630861330986e+09 7.842000000000000082e-01 2.859700000000000273e+02
1.510950630961123943e+09 7.842999999999999972e-01 2.859700000000000273e+02
1.510950631060848951e+09 7.832999999999999963e-01 2.859700000000000273e+02
1.510950631160619974e+09 7.846999999999999531e-01 2.859700000000000273e+02
1.510950631276712894e+09 7.842999999999999972e-01 2.859700000000000273e+02
1.510950631376725912e+09 7.841000000000000192e-01 2.859700000000000273e+02
1.510950631476495981e+09 7.848000000000000531e-01 2.859700000000000273e+02
1.510950631576416969e+09 7.842000000000000082e-01 2.859700000000000273e+02
1.510950631676023960e+09 7.848000000000000531e-01 2.859700000000000273e+02
1.510950631774662018e+09 7.849000000000000421e-01 2.859700000000000273e+02
1.510950631875550032e+09 7.849000000000000421e-01 2.859700000000000273e+02
1.510950631975378990e+09 7.843999999999999861e-01 2.859700000000000273e+02
1.510950632074501038e+09 7.832999999999999963e-01 2.859700000000000273e+02
1.510950632188415051e+09 7.836999999999999522e-01 2.859700000000000273e+02
1.510950632288304090e+09 7.840000000000000302e-01 2.859700000000000273e+02
1.510950632387351990e+09 7.832000000000000073e-01 2.859700000000000273e+02
1.510950632487438917e+09 7.836999999999999522e-01 2.859700000000000273e+02
1.510950632587434053e+09 7.836999999999999522e-01 2.859700000000000273e+02
1.510950632686476946e+09 7.838000000000000522e-01 2.859700000000000273e+02
1.510950632785137892e+09 7.838000000000000522e-01 2.859700000000000273e+02
1.510950632885217905e+09 7.832999999999999963e-01 2.859700000000000273e+02
1.510950632980444908e+09 7.832999999999999963e-01 2.859700000000000273e+02
1.510950633099435091e+09 7.836999999999999522e-01 2.859700000000000273e+02
1.510950633195240021e+09 7.840000000000000302e-01 2.859700000000000273e+02
1.510950633298391104e+09 7.836999999999999522e-01 2.859700000000000273e+02
1.510950633398415089e+09 7.850000000000000311e-01 2.859700000000000273e+02
1.510950633497299910e+09 7.842999999999999972e-01 2.859700000000000273e+02
1.510950633597141027e+09 7.842000000000000082e-01 2.859700000000000273e+02
1.510950633697238922e+09 7.842999999999999972e-01 2.859700000000000273e+02
1.510950633794054985e+09 7.844999999999999751e-01 2.859700000000000273e+02
1.510950633896332979e+09 7.840000000000000302e-01 2.859700000000000273e+02
1.510950634010314941e+09 7.843999999999999861e-01 2.859599999999999795e+02
1.510950634109199047e+09 7.845999999999999641e-01 2.859599999999999795e+02
1.510950634209192038e+09 7.840000000000000302e-01 2.859599999999999795e+02
1.510950634303186893e+09 7.851000000000000201e-01 2.859599999999999795e+02
1.510950634408166885e+09 7.842999999999999972e-01 2.859599999999999795e+02
1.510950634508223057e+09 7.848000000000000531e-01 2.859599999999999795e+02
1.510950634602397919e+09 7.835999999999999632e-01 2.859599999999999795e+02
1.510950634707318068e+09 7.833999999999999853e-01 2.859599999999999795e+02
1.510950634801989079e+09 7.832999999999999963e-01 2.859599999999999795e+02
1.510950634901706934e+09 7.826999999999999513e-01 2.859599999999999795e+02
1.510950635018104076e+09 7.829000000000000403e-01 2.859599999999999795e+02
1.510950635117868900e+09 7.833999999999999853e-01 2.859599999999999795e+02
1.510950635217636108e+09 7.830000000000000293e-01 2.859599999999999795e+02
1.510950635317390919e+09 7.835999999999999632e-01 2.859700000000000273e+02
1.510950635418246031e+09 7.834999999999999742e-01 2.859599999999999795e+02
1.510950635518121004e+09 7.830000000000000293e-01 2.859599999999999795e+02
1.510950635616645098e+09 7.834999999999999742e-01 2.859700000000000273e+02
1.510950635716438055e+09 7.838000000000000522e-01 2.859700000000000273e+02
1.510950635831072092e+09 7.842999999999999972e-01 2.859599999999999795e+02
1.510950635930110931e+09 7.836999999999999522e-01 2.859599999999999795e+02
1.510950636030112028e+09 7.843999999999999861e-01 2.859599999999999795e+02
1.510950636130060911e+09 7.843999999999999861e-01 2.859599999999999795e+02
1.510950636229043961e+09 7.853999999999999870e-01 2.859599999999999795e+02
1.510950636329073906e+09 7.844999999999999751e-01 2.859599999999999795e+02
1.510950636428062916e+09 7.849000000000000421e-01 2.859700000000000273e+02
1.510950636528085947e+09 7.851000000000000201e-01 2.859700000000000273e+02
1.510950636627187014e+09 7.840000000000000302e-01 2.859599999999999795e+02
1.510950636741125107e+09 7.843999999999999861e-01 2.859599999999999795e+02
1.510950636841120958e+09 7.836999999999999522e-01 2.859599999999999795e+02
1.510950636941035986e+09 7.830000000000000293e-01 2.859599999999999795e+02
1.510950637039972067e+09 7.838000000000000522e-01 2.859599999999999795e+02
1.510950637140021086e+09 7.838000000000000522e-01 2.859599999999999795e+02
1.510950637239008904e+09 7.832999999999999963e-01 2.859599999999999795e+02
1.510950637339015961e+09 7.832999999999999963e-01 2.859599999999999795e+02
1.510950637437973022e+09 7.835999999999999632e-01 2.859700000000000273e+02
1.510950637552000999e+09 7.832000000000000073e-01 2.859700000000000273e+02
1.510950637651985884e+09 7.840000000000000302e-01 2.859700000000000273e+02
1.510950637751943111e+09 7.836999999999999522e-01 2.859599999999999795e+02
1.510950637850929976e+09 7.834999999999999742e-01 2.859599999999999795e+02
1.510950637950871944e+09 7.841000000000000192e-01 2.859599999999999795e+02
1.510950638049849033e+09 7.833999999999999853e-01 2.859599999999999795e+02
1.510950638147181988e+09 7.839000000000000412e-01 2.859599999999999795e+02
1.510950638248925924e+09 7.849000000000000421e-01 2.859599999999999795e+02
1.510950638360130072e+09 7.839000000000000412e-01 2.859599999999999795e+02
1.510950638459902048e+09 7.843999999999999861e-01 2.859599999999999795e+02
1.510950638559672117e+09 7.845999999999999641e-01 2.859700000000000273e+02
1.510950638659421921e+09 7.845999999999999641e-01 2.859700000000000273e+02
1.510950638759192944e+09 7.848000000000000531e-01 2.859700000000000273e+02
1.510950638858957052e+09 7.845999999999999641e-01 2.859700000000000273e+02
1.510950638958714962e+09 7.839000000000000412e-01 2.859700000000000273e+02
1.510950639058482885e+09 7.839000000000000412e-01 2.859700000000000273e+02
1.510950639158260107e+09 7.838000000000000522e-01 2.859700000000000273e+02
1.510950639273837090e+09 7.843999999999999861e-01 2.859700000000000273e+02
1.510950639373855114e+09 7.836999999999999522e-01 2.859700000000000273e+02
1.510950639472893953e+09 7.831000000000000183e-01 2.859700000000000273e+02
1.510950639572783947e+09 7.832999999999999963e-01 2.859700000000000273e+02
1.510950639672799110e+09 7.838000000000000522e-01 2.859700000000000273e+02
1.510950639771707058e+09 7.831000000000000183e-01 2.859700000000000273e+02
1.510950639871848106e+09 7.840000000000000302e-01 2.859700000000000273e+02
1.510950639970719099e+09 7.834999999999999742e-01 2.859700000000000273e+02
1.510950640084762096e+09 7.840000000000000302e-01 2.859700000000000273e+02
1.510950640184743881e+09 7.841000000000000192e-01 2.859700000000000273e+02
1.510950640283710957e+09 7.836999999999999522e-01 2.859700000000000273e+02
1.510950640383527994e+09 7.836999999999999522e-01 2.859700000000000273e+02
1.510950640483798981e+09 7.844999999999999751e-01 2.859700000000000273e+02
1.510950640582710981e+09 7.838000000000000522e-01 2.859700000000000273e+02
1.510950640682717085e+09 7.841000000000000192e-01 2.859700000000000273e+02
1.510950640781641006e+09 7.842999999999999972e-01 2.859700000000000273e+02
1.510950640881720066e+09 7.834999999999999742e-01 2.859700000000000273e+02
1.510950640981635094e+09 7.843999999999999861e-01 2.859700000000000273e+02
1.510950641094706059e+09 7.840000000000000302e-01 2.859700000000000273e+02
1.510950641192188978e+09 7.841000000000000192e-01 2.859700000000000273e+02
1.510950641294625044e+09 7.845999999999999641e-01 2.859700000000000273e+02
1.510950641393733025e+09 7.836999999999999522e-01 2.859700000000000273e+02
1.510950641493772030e+09 7.838000000000000522e-01 2.859700000000000273e+02
1.510950641592567921e+09 7.840000000000000302e-01 2.859700000000000273e+02
1.510950641692626953e+09 7.842999999999999972e-01 2.859700000000000273e+02
1.510950641792619944e+09 7.841000000000000192e-01 2.859700000000000273e+02
1.510950641891552925e+09 7.833999999999999853e-01 2.859700000000000273e+02
1.510950642001359940e+09 7.844999999999999751e-01 2.859700000000000273e+02
1.510950642105530024e+09 7.830000000000000293e-01 2.859700000000000273e+02
1.510950642201001883e+09 7.835999999999999632e-01 2.859700000000000273e+02
1.510950642300761938e+09 7.839000000000000412e-01 2.859700000000000273e+02
1.510950642400520086e+09 7.832000000000000073e-01 2.859700000000000273e+02
1.510950642500284910e+09 7.832000000000000073e-01 2.859700000000000273e+02
1.510950642600065947e+09 7.839000000000000412e-01 2.859700000000000273e+02
1.510950642699812889e+09 7.842000000000000082e-01 2.859700000000000273e+02
1.510950642816205025e+09 7.842000000000000082e-01 2.859700000000000273e+02
1.510950642915970087e+09 7.838000000000000522e-01 2.859700000000000273e+02
1.510950643015456915e+09 7.842000000000000082e-01 2.859700000000000273e+02
1.510950643115514994e+09 7.843999999999999861e-01 2.859700000000000273e+02
1.510950643214644909e+09 7.846999999999999531e-01 2.859700000000000273e+02
1.510950643309731007e+09 7.842000000000000082e-01 2.859700000000000273e+02
1.510950643414479971e+09 7.849000000000000421e-01 2.859700000000000273e+02
1.510950643513485909e+09 7.845999999999999641e-01 2.859700000000000273e+02
1.510950643624403000e+09 7.840000000000000302e-01 2.859700000000000273e+02
1.510950643727390051e+09 7.843999999999999861e-01 2.859700000000000273e+02
1.510950643826421022e+09 7.841000000000000192e-01 2.859700000000000273e+02
1.510950643926528931e+09 7.842999999999999972e-01 2.859700000000000273e+02
1.510950644026506901e+09 7.849000000000000421e-01 2.859700000000000273e+02
1.510950644125416994e+09 7.841000000000000192e-01 2.859700000000000273e+02
1.510950644225462914e+09 7.841000000000000192e-01 2.859700000000000273e+02
1.510950644324350119e+09 7.832999999999999963e-01 2.859700000000000273e+02
1.510950644438359976e+09 7.826999999999999513e-01 2.859700000000000273e+02
1.510950644538388014e+09 7.829000000000000403e-01 2.859700000000000273e+02
1.510950644637434959e+09 7.838000000000000522e-01 2.859700000000000273e+02
1.510950644737366915e+09 7.833999999999999853e-01 2.859700000000000273e+02
1.510950644837331057e+09 7.831000000000000183e-01 2.859700000000000273e+02
1.510950644936322927e+09 7.832000000000000073e-01 2.859700000000000273e+02
1.510950645036390066e+09 7.836999999999999522e-01 2.859700000000000273e+02
1.510950645134983063e+09 7.824999999999999734e-01 2.859700000000000273e+02
1.510950645235342979e+09 7.842000000000000082e-01 2.859700000000000273e+02
1.510950645349217892e+09 7.852000000000000091e-01 2.859700000000000273e+02
1.510950645448259115e+09 7.853999999999999870e-01 2.859700000000000273e+02
1.510950645548450947e+09 7.845999999999999641e-01 2.859700000000000273e+02
1.510950645648188114e+09 7.842999999999999972e-01 2.859700000000000273e+02
1.510950645742557049e+09 7.844999999999999751e-01 2.859700000000000273e+02
1.510950645842318058e+09 7.835999999999999632e-01 2.859700000000000273e+02
1.510950645942085981e+09 7.845999999999999641e-01 2.859700000000000273e+02
1.510950646041846037e+09 7.852000000000000091e-01 2.859700000000000273e+02
1.510950646141652107e+09 7.839000000000000412e-01 2.859700000000000273e+02
1.510950646258025885e+09 7.840000000000000302e-01 2.859700000000000273e+02
1.510950646357764959e+09 7.840000000000000302e-01 2.859700000000000273e+02
1.510950646457540989e+09 7.838000000000000522e-01 2.859700000000000273e+02
1.510950646557301998e+09 7.836999999999999522e-01 2.859700000000000273e+02
1.510950646657073975e+09 7.828000000000000513e-01 2.859700000000000273e+02
1.510950646756824970e+09 7.834999999999999742e-01 2.859700000000000273e+02
1.510950646856594086e+09 7.833999999999999853e-01 2.859700000000000273e+02
1.510950646956399918e+09 7.835999999999999632e-01 2.859700000000000273e+02
1.510950647068337917e+09 7.830000000000000293e-01 2.859700000000000273e+02
1.510950647165487051e+09 7.832999999999999963e-01 2.859700000000000273e+02
1.510950647270128012e+09 7.831000000000000183e-01 2.859700000000000273e+02
1.510950647369215012e+09 7.820000000000000284e-01 2.859700000000000273e+02
1.510950647469203949e+09 7.839000000000000412e-01 2.859700000000000273e+02
1.510950647568155050e+09 7.838000000000000522e-01 2.859700000000000273e+02
1.510950647668205976e+09 7.844999999999999751e-01 2.859700000000000273e+02
1.510950647768240929e+09 7.840000000000000302e-01 2.859700000000000273e+02
1.510950647866888046e+09 7.843999999999999861e-01 2.859700000000000273e+02
1.510950647981120110e+09 7.842999999999999972e-01 2.859700000000000273e+02
1.510950648080996990e+09 7.849000000000000421e-01 2.859700000000000273e+02
1.510950648180039883e+09 7.853999999999999870e-01 2.859700000000000273e+02
1.510950648280179024e+09 7.838000000000000522e-01 2.859700000000000273e+02
1.510950648379179001e+09 7.848000000000000531e-01 2.859700000000000273e+02
1.510950648478939056e+09 7.835999999999999632e-01 2.859700000000000273e+02
1.510950648579111099e+09 7.843999999999999861e-01 2.859700000000000273e+02
1.510950648678194046e+09 7.834999999999999742e-01 2.859700000000000273e+02
1.510950648792038918e+09 7.839000000000000412e-01 2.859700000000000273e+02
1.510950648892095089e+09 7.840000000000000302e-01 2.859700000000000273e+02
1.510950648991020918e+09 7.834999999999999742e-01 2.859700000000000273e+02
1.510950649090857029e+09 7.835999999999999632e-01 2.859700000000000273e+02
1.510950649189979076e+09 7.838000000000000522e-01 2.859700000000000273e+02
1.510950649289918900e+09 7.835999999999999632e-01 2.859700000000000273e+02
1.510950649390053988e+09 7.833999999999999853e-01 2.859700000000000273e+02
1.510950649488945007e+09 7.832000000000000073e-01 2.859700000000000273e+02
1.510950649589051962e+09 7.831000000000000183e-01 2.859700000000000273e+02
1.510950649683207035e+09 7.841000000000000192e-01 2.859700000000000273e+02
1.510950649799575090e+09 7.832000000000000073e-01 2.859700000000000273e+02
1.510950649899324894e+09 7.834999999999999742e-01 2.859700000000000273e+02
1.510950649997195959e+09 7.838000000000000522e-01 2.859700000000000273e+02
1.510950650098861933e+09 7.836999999999999522e-01 2.859700000000000273e+02
1.510950650198630095e+09 7.845999999999999641e-01 2.859700000000000273e+02
1.510950650296370983e+09 7.845999999999999641e-01 2.859700000000000273e+02
1.510950650398158073e+09 7.845999999999999641e-01 2.859700000000000273e+02
1.510950650497927904e+09 7.842000000000000082e-01 2.859700000000000273e+02
1.510950650598903894e+09 7.842000000000000082e-01 2.859700000000000273e+02
1.510950650697475910e+09 7.840000000000000302e-01 2.859700000000000273e+02
1.510950650812995911e+09 7.838000000000000522e-01 2.859700000000000273e+02
1.510950650911981106e+09 7.843999999999999861e-01 2.859700000000000273e+02
1.510950651012013912e+09 7.835999999999999632e-01 2.859700000000000273e+02
1.510950651110918045e+09 7.849000000000000421e-01 2.859700000000000273e+02
1.510950651210830927e+09 7.838000000000000522e-01 2.859700000000000273e+02
1.510950651310864925e+09 7.832000000000000073e-01 2.859700000000000273e+02
1.510950651409993887e+09 7.840000000000000302e-01 2.859700000000000273e+02
1.510950651509845972e+09 7.835999999999999632e-01 2.859700000000000273e+02
1.510950651624053001e+09 7.828000000000000513e-01 2.859700000000000273e+02
1.510950651722774029e+09 7.832999999999999963e-01 2.859700000000000273e+02
1.510950651822781086e+09 7.828000000000000513e-01 2.859700000000000273e+02
1.510950651921808004e+09 7.824999999999999734e-01 2.859700000000000273e+02
1.510950652021821022e+09 7.830000000000000293e-01 2.859700000000000273e+02
1.510950652119245052e+09 7.829000000000000403e-01 2.859700000000000273e+02
1.510950652220312119e+09 7.835999999999999632e-01 2.859599999999999795e+02
1.510950652320903063e+09 7.842000000000000082e-01 2.859599999999999795e+02
1.510950652419816971e+09 7.833999999999999853e-01 2.859599999999999795e+02
1.510950652533684015e+09 7.848000000000000531e-01 2.859599999999999795e+02
1.510950652633815050e+09 7.842999999999999972e-01 2.859700000000000273e+02
1.510950652732743025e+09 7.838000000000000522e-01 2.859700000000000273e+02
1.510950652832782984e+09 7.845999999999999641e-01 2.859599999999999795e+02
1.510950652932770014e+09 7.839000000000000412e-01 2.859599999999999795e+02
1.510950653031721115e+09 7.848000000000000531e-01 2.859599999999999795e+02
1.510950653131746054e+09 7.841000000000000192e-01 2.859599999999999795e+02
1.510950653230707884e+09 7.849000000000000421e-01 2.859599999999999795e+02
1.510950653341200113e+09 7.842999999999999972e-01 2.859599999999999795e+02
1.510950653440936089e+09 7.842000000000000082e-01 2.859599999999999795e+02
1.510950653540702105e+09 7.833999999999999853e-01 2.859599999999999795e+02
1.510950653640420914e+09 7.848000000000000531e-01 2.859599999999999795e+02
1.510950653740190029e+09 7.841000000000000192e-01 2.859599999999999795e+02
1.510950653839957952e+09 7.836999999999999522e-01 2.859599999999999795e+02
1.510950653939718008e+09 7.839000000000000412e-01 2.859599999999999795e+02
1.510950654039484978e+09 7.836999999999999522e-01 2.859599999999999795e+02
1.510950654139250994e+09 7.843999999999999861e-01 2.859599999999999795e+02
1.510950654239025116e+09 7.839000000000000412e-01 2.859599999999999795e+02
1.510950654350775957e+09 7.832999999999999963e-01 2.859599999999999795e+02
1.510950654454632044e+09 7.832999999999999963e-01 2.859599999999999795e+02
1.510950654554672956e+09 7.835999999999999632e-01 2.859599999999999795e+02
1.510950654653641939e+09 7.834999999999999742e-01 2.859599999999999795e+02
1.510950654753563881e+09 7.831000000000000183e-01 2.859599999999999795e+02
1.510950654852561951e+09 7.842000000000000082e-01 2.859599999999999795e+02
1.510950654952611923e+09 7.838000000000000522e-01 2.859599999999999795e+02
1.510950655052602053e+09 7.841000000000000192e-01 2.859599999999999795e+02
1.510950655151566029e+09 7.839000000000000412e-01 2.859599999999999795e+02
1.510950655265448093e+09 7.844999999999999751e-01 2.859499999999999886e+02
1.510950655365618944e+09 7.846999999999999531e-01 2.859499999999999886e+02
1.510950655465596914e+09 7.843999999999999861e-01 2.859499999999999886e+02
1.510950655564577103e+09 7.841000000000000192e-01 2.859499999999999886e+02
1.510950655662587881e+09 7.841000000000000192e-01 2.859499999999999886e+02
1.510950655763442039e+09 7.842999999999999972e-01 2.859499999999999886e+02
1.510950655863410950e+09 7.851000000000000201e-01 2.859499999999999886e+02
1.510950655962405920e+09 7.854999999999999760e-01 2.859499999999999886e+02
1.510950656062479019e+09 7.838000000000000522e-01 2.859499999999999886e+02
1.510950656176430941e+09 7.834999999999999742e-01 2.859499999999999886e+02
1.510950656275470018e+09 7.839000000000000412e-01 2.859499999999999886e+02
1.510950656375422955e+09 7.831000000000000183e-01 2.859499999999999886e+02
1.510950656475502968e+09 7.835999999999999632e-01 2.859499999999999886e+02
1.510950656574496031e+09 7.836999999999999522e-01 2.859499999999999886e+02
1.510950656674549103e+09 7.833999999999999853e-01 2.859499999999999886e+02
1.510950656773389101e+09 7.838000000000000522e-01 2.859499999999999886e+02
1.510950656873473883e+09 7.832000000000000073e-01 2.859499999999999886e+02
1.510950656982508898e+09 7.838000000000000522e-01 2.859499999999999886e+02
1.510950657082256079e+09 7.836999999999999522e-01 2.859499999999999886e+02
1.510950657182075024e+09 7.835999999999999632e-01 2.859499999999999886e+02
1.510950657281799078e+09 7.839000000000000412e-01 2.859499999999999886e+02
1.510950657381567955e+09 7.830000000000000293e-01 2.859499999999999886e+02
