# 
# Duration (in s): 30
# Pointing Position of the Horn: Calibrator paddle
# Angle pointing (from vertical): 0
# Calibrator used: YES
# Weather: very clear
# Units: nanoWatt
# Comments: 
1.510949649353790045e+09 7.862999999999999989e-01 2.859100000000000250e+02
1.510949649446649075e+09 7.856999999999999540e-01 2.859100000000000250e+02
1.510949649534750938e+09 7.858000000000000540e-01 2.859100000000000250e+02
1.510949649633675098e+09 7.852999999999999980e-01 2.859100000000000250e+02
1.510949649731666088e+09 7.852999999999999980e-01 2.859100000000000250e+02
1.510949649845108986e+09 7.851000000000000201e-01 2.859100000000000250e+02
1.510949649945307016e+09 7.856999999999999540e-01 2.859100000000000250e+02
1.510949650045305967e+09 7.852999999999999980e-01 2.859100000000000250e+02
1.510949650143789053e+09 7.843999999999999861e-01 2.859100000000000250e+02
1.510949650244615078e+09 7.848000000000000531e-01 2.859100000000000250e+02
1.510949650343996048e+09 7.844999999999999751e-01 2.859100000000000250e+02
1.510949650444058895e+09 7.840000000000000302e-01 2.858999999999999773e+02
1.510949650543792963e+09 7.844999999999999751e-01 2.859100000000000250e+02
1.510949650643675089e+09 7.845999999999999641e-01 2.859100000000000250e+02
1.510949650755568027e+09 7.853999999999999870e-01 2.859100000000000250e+02
1.510949650859838009e+09 7.849000000000000421e-01 2.859100000000000250e+02
1.510949650958758116e+09 7.849000000000000421e-01 2.859100000000000250e+02
1.510949651059175968e+09 7.854999999999999760e-01 2.859100000000000250e+02
1.510949651157465935e+09 7.852999999999999980e-01 2.859100000000000250e+02
1.510949651258018017e+09 7.853999999999999870e-01 2.859100000000000250e+02
1.510949651357975960e+09 7.852000000000000091e-01 2.859100000000000250e+02
1.510949651458003998e+09 7.860000000000000320e-01 2.859100000000000250e+02
1.510949651570913076e+09 7.861000000000000210e-01 2.859100000000000250e+02
1.510949651670957088e+09 7.860000000000000320e-01 2.859100000000000250e+02
1.510949651770997047e+09 7.852000000000000091e-01 2.859100000000000250e+02
1.510949651868946075e+09 7.859000000000000430e-01 2.859100000000000250e+02
1.510949651969954014e+09 7.858000000000000540e-01 2.859100000000000250e+02
1.510949652068962097e+09 7.861000000000000210e-01 2.859100000000000250e+02
1.510949652164525032e+09 7.855999999999999650e-01 2.859100000000000250e+02
1.510949652269030094e+09 7.843999999999999861e-01 2.859100000000000250e+02
1.510949652381974936e+09 7.842000000000000082e-01 2.859100000000000250e+02
1.510949652477245092e+09 7.854999999999999760e-01 2.859100000000000250e+02
1.510949652581625938e+09 7.846999999999999531e-01 2.859100000000000250e+02
1.510949652681020975e+09 7.851000000000000201e-01 2.859100000000000250e+02
1.510949652776319981e+09 7.840000000000000302e-01 2.859100000000000250e+02
1.510949652875945091e+09 7.842999999999999972e-01 2.859100000000000250e+02
1.510949652980214119e+09 7.843999999999999861e-01 2.859100000000000250e+02
1.510949653079988003e+09 7.855999999999999650e-01 2.859100000000000250e+02
1.510949653188955069e+09 7.852999999999999980e-01 2.859100000000000250e+02
1.510949653293055058e+09 7.859000000000000430e-01 2.859100000000000250e+02
1.510949653392807961e+09 7.849000000000000421e-01 2.859100000000000250e+02
1.510949653486605883e+09 7.853999999999999870e-01 2.859100000000000250e+02
1.510949653589215040e+09 7.858000000000000540e-01 2.859100000000000250e+02
1.510949653686460018e+09 7.851000000000000201e-01 2.859100000000000250e+02
1.510949653786225080e+09 7.855999999999999650e-01 2.859100000000000250e+02
1.510949653887681961e+09 7.854999999999999760e-01 2.859100000000000250e+02
1.510949653988015890e+09 7.851000000000000201e-01 2.859100000000000250e+02
1.510949654085480928e+09 7.859000000000000430e-01 2.859100000000000250e+02
1.510949654201857090e+09 7.854999999999999760e-01 2.859100000000000250e+02
1.510949654301912069e+09 7.852999999999999980e-01 2.859100000000000250e+02
1.510949654401397943e+09 7.853999999999999870e-01 2.859100000000000250e+02
1.510949654496479034e+09 7.851000000000000201e-01 2.859100000000000250e+02
1.510949654598877907e+09 7.846999999999999531e-01 2.859200000000000159e+02
1.510949654700689077e+09 7.848000000000000531e-01 2.859100000000000250e+02
1.510949654800507069e+09 7.854999999999999760e-01 2.859100000000000250e+02
1.510949654896925926e+09 7.853999999999999870e-01 2.859200000000000159e+02
1.510949654999680042e+09 7.852999999999999980e-01 2.859100000000000250e+02
1.510949655099755049e+09 7.846999999999999531e-01 2.859100000000000250e+02
1.510949655210284948e+09 7.846999999999999531e-01 2.859200000000000159e+02
1.510949655312783957e+09 7.846999999999999531e-01 2.859200000000000159e+02
1.510949655412780046e+09 7.852999999999999980e-01 2.859200000000000159e+02
1.510949655512631893e+09 7.845999999999999641e-01 2.859200000000000159e+02
1.510949655611064911e+09 7.851000000000000201e-01 2.859200000000000159e+02
1.510949655711627960e+09 7.849000000000000421e-01 2.859200000000000159e+02
1.510949655810836077e+09 7.848000000000000531e-01 2.859200000000000159e+02
1.510949655907366037e+09 7.845999999999999641e-01 2.859200000000000159e+02
1.510949656010652065e+09 7.855999999999999650e-01 2.859200000000000159e+02
1.510949656123559952e+09 7.848000000000000531e-01 2.859200000000000159e+02
1.510949656221890926e+09 7.861000000000000210e-01 2.859200000000000159e+02
1.510949656323476076e+09 7.861000000000000210e-01 2.859200000000000159e+02
1.510949656422686100e+09 7.853999999999999870e-01 2.859200000000000159e+02
1.510949656519517899e+09 7.846999999999999531e-01 2.859200000000000159e+02
1.510949656622684956e+09 7.855999999999999650e-01 2.859200000000000159e+02
1.510949656721556902e+09 7.862000000000000099e-01 2.859200000000000159e+02
1.510949656817003965e+09 7.858000000000000540e-01 2.859200000000000159e+02
1.510949656920650005e+09 7.854999999999999760e-01 2.859200000000000159e+02
1.510949657034552097e+09 7.846999999999999531e-01 2.859200000000000159e+02
1.510949657129435062e+09 7.856999999999999540e-01 2.859200000000000159e+02
1.510949657232336044e+09 7.853999999999999870e-01 2.859200000000000159e+02
1.510949657329622030e+09 7.842999999999999972e-01 2.859200000000000159e+02
1.510949657433589935e+09 7.842000000000000082e-01 2.859200000000000159e+02
1.510949657531609058e+09 7.848000000000000531e-01 2.859200000000000159e+02
1.510949657627271891e+09 7.836999999999999522e-01 2.859200000000000159e+02
1.510949657726722002e+09 7.848000000000000531e-01 2.859200000000000159e+02
1.510949657843508005e+09 7.852000000000000091e-01 2.859200000000000159e+02
1.510949657941431046e+09 7.851000000000000201e-01 2.859200000000000159e+02
1.510949658040064096e+09 7.843999999999999861e-01 2.859300000000000068e+02
1.510949658141570091e+09 7.848000000000000531e-01 2.859300000000000068e+02
1.510949658239681959e+09 7.846999999999999531e-01 2.859300000000000068e+02
1.510949658342015028e+09 7.849000000000000421e-01 2.859300000000000068e+02
1.510949658441791058e+09 7.852000000000000091e-01 2.859200000000000159e+02
1.510949658537286997e+09 7.856999999999999540e-01 2.859200000000000159e+02
1.510949658641208887e+09 7.852999999999999980e-01 2.859300000000000068e+02
1.510949658751741886e+09 7.856999999999999540e-01 2.859300000000000068e+02
1.510949658852519989e+09 7.853999999999999870e-01 2.859300000000000068e+02
1.510949658955766916e+09 7.852999999999999980e-01 2.859300000000000068e+02
1.510949659051569939e+09 7.856999999999999540e-01 2.859300000000000068e+02
1.510949659154333115e+09 7.851000000000000201e-01 2.859300000000000068e+02
1.510949659251523972e+09 7.858000000000000540e-01 2.859300000000000068e+02
1.510949659351533890e+09 7.848000000000000531e-01 2.859300000000000068e+02
1.510949659453479052e+09 7.846999999999999531e-01 2.859300000000000068e+02
1.510949659567209005e+09 7.848000000000000531e-01 2.859300000000000068e+02
1.510949659662805080e+09 7.840000000000000302e-01 2.859300000000000068e+02
1.510949659764045000e+09 7.835999999999999632e-01 2.859300000000000068e+02
1.510949659865545034e+09 7.851000000000000201e-01 2.859300000000000068e+02
1.510949659963386059e+09 7.849000000000000421e-01 2.859300000000000068e+02
1.510949660065293074e+09 7.845999999999999641e-01 2.859300000000000068e+02
1.510949660159698009e+09 7.842999999999999972e-01 2.859300000000000068e+02
1.510949660259387016e+09 7.844999999999999751e-01 2.859300000000000068e+02
1.510949660364249945e+09 7.850000000000000311e-01 2.859300000000000068e+02
1.510949660461445093e+09 7.849000000000000421e-01 2.859300000000000068e+02
1.510949660573177099e+09 7.844999999999999751e-01 2.859300000000000068e+02
1.510949660673861980e+09 7.845999999999999641e-01 2.859300000000000068e+02
1.510949660775463104e+09 7.846999999999999531e-01 2.859399999999999977e+02
1.510949660871171951e+09 7.852999999999999980e-01 2.859399999999999977e+02
1.510949660973905087e+09 7.852999999999999980e-01 2.859399999999999977e+02
1.510949661070086002e+09 7.852000000000000091e-01 2.859399999999999977e+02
1.510949661175014973e+09 7.859000000000000430e-01 2.859399999999999977e+02
1.510949661273344040e+09 7.854999999999999760e-01 2.859399999999999977e+02
1.510949661385145903e+09 7.844999999999999751e-01 2.859399999999999977e+02
1.510949661486084938e+09 7.859000000000000430e-01 2.859399999999999977e+02
1.510949661584515095e+09 7.862000000000000099e-01 2.859399999999999977e+02
1.510949661683999062e+09 7.853999999999999870e-01 2.859399999999999977e+02
1.510949661783857107e+09 7.849000000000000421e-01 2.859399999999999977e+02
1.510949661883625984e+09 7.849000000000000421e-01 2.859399999999999977e+02
1.510949661981610060e+09 7.844999999999999751e-01 2.859399999999999977e+02
1.510949662082532883e+09 7.858000000000000540e-01 2.859399999999999977e+02
1.510949662181483984e+09 7.851000000000000201e-01 2.859399999999999977e+02
1.510949662295334101e+09 7.840000000000000302e-01 2.859399999999999977e+02
1.510949662393388033e+09 7.849000000000000421e-01 2.859399999999999977e+02
1.510949662496217966e+09 7.843999999999999861e-01 2.859399999999999977e+02
1.510949662598239899e+09 7.838000000000000522e-01 2.859399999999999977e+02
1.510949662697206020e+09 7.835999999999999632e-01 2.859399999999999977e+02
1.510949662796742916e+09 7.851000000000000201e-01 2.859399999999999977e+02
1.510949662891530991e+09 7.849000000000000421e-01 2.859399999999999977e+02
1.510949662995311022e+09 7.852000000000000091e-01 2.859399999999999977e+02
1.510949663105041981e+09 7.856999999999999540e-01 2.859399999999999977e+02
1.510949663205296993e+09 7.861000000000000210e-01 2.859399999999999977e+02
1.510949663308717966e+09 7.846999999999999531e-01 2.859399999999999977e+02
1.510949663407957077e+09 7.860000000000000320e-01 2.859399999999999977e+02
1.510949663503115892e+09 7.850000000000000311e-01 2.859399999999999977e+02
1.510949663607656956e+09 7.854999999999999760e-01 2.859399999999999977e+02
1.510949663707093000e+09 7.852000000000000091e-01 2.859399999999999977e+02
1.510949663807050943e+09 7.850000000000000311e-01 2.859399999999999977e+02
1.510949663921137094e+09 7.843999999999999861e-01 2.859399999999999977e+02
1.510949664018193007e+09 7.852999999999999980e-01 2.859399999999999977e+02
1.510949664119968891e+09 7.851000000000000201e-01 2.859399999999999977e+02
1.510949664216666937e+09 7.845999999999999641e-01 2.859399999999999977e+02
1.510949664318953037e+09 7.852999999999999980e-01 2.859399999999999977e+02
1.510949664419006109e+09 7.844999999999999751e-01 2.859399999999999977e+02
1.510949664512953043e+09 7.851000000000000201e-01 2.859399999999999977e+02
1.510949664618308067e+09 7.850000000000000311e-01 2.859399999999999977e+02
1.510949664718030930e+09 7.836999999999999522e-01 2.859399999999999977e+02
1.510949664826873064e+09 7.846999999999999531e-01 2.859399999999999977e+02
1.510949664926408052e+09 7.849000000000000421e-01 2.859399999999999977e+02
1.510949665026179075e+09 7.850000000000000311e-01 2.859399999999999977e+02
1.510949665125780106e+09 7.851000000000000201e-01 2.859399999999999977e+02
1.510949665226880074e+09 7.842999999999999972e-01 2.859399999999999977e+02
1.510949665325414896e+09 7.852999999999999980e-01 2.859399999999999977e+02
1.510949665425184011e+09 7.845999999999999641e-01 2.859399999999999977e+02
1.510949665524919033e+09 7.851000000000000201e-01 2.859399999999999977e+02
1.510949665641350031e+09 7.852000000000000091e-01 2.859399999999999977e+02
1.510949665741110086e+09 7.859000000000000430e-01 2.859499999999999886e+02
1.510949665839291096e+09 7.856999999999999540e-01 2.859499999999999886e+02
1.510949665940880060e+09 7.859000000000000430e-01 2.859499999999999886e+02
1.510949666040364027e+09 7.853999999999999870e-01 2.859499999999999886e+02
1.510949666134680033e+09 7.862000000000000099e-01 2.859499999999999886e+02
1.510949666239176035e+09 7.862999999999999989e-01 2.859499999999999886e+02
1.510949666339657068e+09 7.853999999999999870e-01 2.859499999999999886e+02
1.510949666438472986e+09 7.849000000000000421e-01 2.859499999999999886e+02
1.510949666535376072e+09 7.856999999999999540e-01 2.859499999999999886e+02
1.510949666652878046e+09 7.842999999999999972e-01 2.859499999999999886e+02
1.510949666751729965e+09 7.849000000000000421e-01 2.859499999999999886e+02
1.510949666849410057e+09 7.849000000000000421e-01 2.859499999999999886e+02
1.510949666945997000e+09 7.845999999999999641e-01 2.859499999999999886e+02
1.510949667050765991e+09 7.843999999999999861e-01 2.859499999999999886e+02
1.510949667146328926e+09 7.846999999999999531e-01 2.859499999999999886e+02
1.510949667250005007e+09 7.845999999999999641e-01 2.859499999999999886e+02
1.510949667363776922e+09 7.841000000000000192e-01 2.859499999999999886e+02
1.510949667459059954e+09 7.846999999999999531e-01 2.859499999999999886e+02
1.510949667562813044e+09 7.852000000000000091e-01 2.859499999999999886e+02
1.510949667662707090e+09 7.852999999999999980e-01 2.859499999999999886e+02
1.510949667762794018e+09 7.851000000000000201e-01 2.859499999999999886e+02
1.510949667858376026e+09 7.854999999999999760e-01 2.859499999999999886e+02
1.510949667961584091e+09 7.852000000000000091e-01 2.859499999999999886e+02
1.510949668060570955e+09 7.855999999999999650e-01 2.859499999999999886e+02
1.510949668160655975e+09 7.852999999999999980e-01 2.859499999999999886e+02
1.510949668274719000e+09 7.862000000000000099e-01 2.859499999999999886e+02
1.510949668373460054e+09 7.863999999999999879e-01 2.859499999999999886e+02
1.510949668468256950e+09 7.858000000000000540e-01 2.859499999999999886e+02
1.510949668572587967e+09 7.856999999999999540e-01 2.859499999999999886e+02
1.510949668672540903e+09 7.853999999999999870e-01 2.859499999999999886e+02
1.510949668772619009e+09 7.853999999999999870e-01 2.859599999999999795e+02
1.510949668870419979e+09 7.854999999999999760e-01 2.859599999999999795e+02
1.510949668966757059e+09 7.841000000000000192e-01 2.859499999999999886e+02
1.510949669083033085e+09 7.854999999999999760e-01 2.859599999999999795e+02
1.510949669183192015e+09 7.844999999999999751e-01 2.859599999999999795e+02
1.510949669282651901e+09 7.846999999999999531e-01 2.859599999999999795e+02
1.510949669382426023e+09 7.842999999999999972e-01 2.859599999999999795e+02
1.510949669479001999e+09 7.842999999999999972e-01 2.859599999999999795e+02
1.510949669581963062e+09 7.851000000000000201e-01 2.859599999999999795e+02
1.510949669681737900e+09 7.850000000000000311e-01 2.859599999999999795e+02
1.510949669781496048e+09 7.852000000000000091e-01 2.859599999999999795e+02
1.510949669896481991e+09 7.853999999999999870e-01 2.859599999999999795e+02
1.510949669996571064e+09 7.849000000000000421e-01 2.859599999999999795e+02
1.510949670095555067e+09 7.853999999999999870e-01 2.859599999999999795e+02
1.510949670192931890e+09 7.852999999999999980e-01 2.859599999999999795e+02
1.510949670291198015e+09 7.852000000000000091e-01 2.859599999999999795e+02
1.510949670394422054e+09 7.856999999999999540e-01 2.859599999999999795e+02
1.510949670489685059e+09 7.863999999999999879e-01 2.859599999999999795e+02
1.510949670590297937e+09 7.851000000000000201e-01 2.859599999999999795e+02
1.510949670693443060e+09 7.862999999999999989e-01 2.859599999999999795e+02
1.510949670803522110e+09 7.860000000000000320e-01 2.859599999999999795e+02
1.510949670906353951e+09 7.863999999999999879e-01 2.859700000000000273e+02
1.510949671006006002e+09 7.854999999999999760e-01 2.859700000000000273e+02
1.510949671100733995e+09 7.855999999999999650e-01 2.859599999999999795e+02
1.510949671205136061e+09 7.853999999999999870e-01 2.859599999999999795e+02
1.510949671304335117e+09 7.845999999999999641e-01 2.859599999999999795e+02
1.510949671404434919e+09 7.846999999999999531e-01 2.859700000000000273e+02
1.510949671500370979e+09 7.841000000000000192e-01 2.859700000000000273e+02
1.510949671617328882e+09 7.848000000000000531e-01 2.859700000000000273e+02
1.510949671717375040e+09 7.850000000000000311e-01 2.859700000000000273e+02
1.510949671813457012e+09 7.843999999999999861e-01 2.859700000000000273e+02
1.510949671916686058e+09 7.840000000000000302e-01 2.859700000000000273e+02
1.510949672016295910e+09 7.844999999999999751e-01 2.859700000000000273e+02
1.510949672115396023e+09 7.844999999999999751e-01 2.859700000000000273e+02
1.510949672211173058e+09 7.846999999999999531e-01 2.859700000000000273e+02
1.510949672315213919e+09 7.846999999999999531e-01 2.859700000000000273e+02
1.510949672414336920e+09 7.852999999999999980e-01 2.859700000000000273e+02
1.510949672509152889e+09 7.851000000000000201e-01 2.859700000000000273e+02
1.510949672624699116e+09 7.853999999999999870e-01 2.859700000000000273e+02
1.510949672724466085e+09 7.858000000000000540e-01 2.859700000000000273e+02
1.510949672822639942e+09 7.852999999999999980e-01 2.859700000000000273e+02
1.510949672924001932e+09 7.861000000000000210e-01 2.859700000000000273e+02
1.510949673023755074e+09 7.858000000000000540e-01 2.859700000000000273e+02
1.510949673123419046e+09 7.854999999999999760e-01 2.859700000000000273e+02
1.510949673223288059e+09 7.856999999999999540e-01 2.859700000000000273e+02
1.510949673339293003e+09 7.852000000000000091e-01 2.859700000000000273e+02
1.510949673435005903e+09 7.850000000000000311e-01 2.859700000000000273e+02
1.510949673538367033e+09 7.844999999999999751e-01 2.859700000000000273e+02
1.510949673638154984e+09 7.845999999999999641e-01 2.859700000000000273e+02
1.510949673733118057e+09 7.846999999999999531e-01 2.859700000000000273e+02
1.510949673837203026e+09 7.846999999999999531e-01 2.859700000000000273e+02
1.510949673937305927e+09 7.850000000000000311e-01 2.859700000000000273e+02
1.510949674031392097e+09 7.843999999999999861e-01 2.859700000000000273e+02
1.510949674135881901e+09 7.848000000000000531e-01 2.859800000000000182e+02
1.510949674250154018e+09 7.846999999999999531e-01 2.859800000000000182e+02
1.510949674345333099e+09 7.846999999999999531e-01 2.859800000000000182e+02
1.510949674449501991e+09 7.844999999999999751e-01 2.859800000000000182e+02
1.510949674549140930e+09 7.845999999999999641e-01 2.859800000000000182e+02
1.510949674643428087e+09 7.852999999999999980e-01 2.859800000000000182e+02
1.510949674748214960e+09 7.843999999999999861e-01 2.859800000000000182e+02
1.510949674846983910e+09 7.851000000000000201e-01 2.859800000000000182e+02
1.510949674941889048e+09 7.855999999999999650e-01 2.859800000000000182e+02
1.510949675061306953e+09 7.853999999999999870e-01 2.859800000000000182e+02
1.510949675157031059e+09 7.862000000000000099e-01 2.859800000000000182e+02
1.510949675260085106e+09 7.852000000000000091e-01 2.859800000000000182e+02
1.510949675357695103e+09 7.859000000000000430e-01 2.859800000000000182e+02
1.510949675459048986e+09 7.858000000000000540e-01 2.859800000000000182e+02
1.510949675559001923e+09 7.856999999999999540e-01 2.859800000000000182e+02
1.510949675654721022e+09 7.860000000000000320e-01 2.859800000000000182e+02
1.510949675758408070e+09 7.851000000000000201e-01 2.859800000000000182e+02
1.510949675871995926e+09 7.848000000000000531e-01 2.859800000000000182e+02
1.510949675967945099e+09 7.848000000000000531e-01 2.859900000000000091e+02
1.510949676070446014e+09 7.839000000000000412e-01 2.859900000000000091e+02
1.510949676166248083e+09 7.851000000000000201e-01 2.859900000000000091e+02
1.510949676265963078e+09 7.845999999999999641e-01 2.859800000000000182e+02
1.510949676366081953e+09 7.843999999999999861e-01 2.859800000000000182e+02
1.510949676470036030e+09 7.850000000000000311e-01 2.859800000000000182e+02
1.510949676565330982e+09 7.844999999999999751e-01 2.859900000000000091e+02
1.510949676664984941e+09 7.856999999999999540e-01 2.859900000000000091e+02
1.510949676781487942e+09 7.848000000000000531e-01 2.859900000000000091e+02
1.510949676881253958e+09 7.855999999999999650e-01 2.859900000000000091e+02
1.510949676976831913e+09 7.846999999999999531e-01 2.859900000000000091e+02
1.510949677080928087e+09 7.850000000000000311e-01 2.859900000000000091e+02
1.510949677180535078e+09 7.855999999999999650e-01 2.859900000000000091e+02
1.510949677280008078e+09 7.849000000000000421e-01 2.859900000000000091e+02
1.510949677377708912e+09 7.862999999999999989e-01 2.859900000000000091e+02
1.510949677476510048e+09 7.855999999999999650e-01 2.859900000000000091e+02
1.510949677593877077e+09 7.860000000000000320e-01 2.859900000000000091e+02
1.510949677691592932e+09 7.854999999999999760e-01 2.859900000000000091e+02
1.510949677790421963e+09 7.858000000000000540e-01 2.859900000000000091e+02
1.510949677891895056e+09 7.853999999999999870e-01 2.859900000000000091e+02
1.510949677991873980e+09 7.856999999999999540e-01 2.859900000000000091e+02
1.510949678091308117e+09 7.860000000000000320e-01 2.859900000000000091e+02
1.510949678190846920e+09 7.852999999999999980e-01 2.859900000000000091e+02
1.510949678290843010e+09 7.848000000000000531e-01 2.860000000000000000e+02
1.510949678389863014e+09 7.851000000000000201e-01 2.860000000000000000e+02
1.510949678489866018e+09 7.852999999999999980e-01 2.860000000000000000e+02
1.510949678598587990e+09 7.840000000000000302e-01 2.860000000000000000e+02
1.510949678703066111e+09 7.848000000000000531e-01 2.860000000000000000e+02
1.510949678802791119e+09 7.840000000000000302e-01 2.860000000000000000e+02
1.510949678901787043e+09 7.845999999999999641e-01 2.860000000000000000e+02
1.510949678998733997e+09 7.839000000000000412e-01 2.860000000000000000e+02
1.510949679102049112e+09 7.845999999999999641e-01 2.860000000000000000e+02
1.510949679200777054e+09 7.848000000000000531e-01 2.860000000000000000e+02
1.510949679312026024e+09 7.851000000000000201e-01 2.860000000000000000e+02
